SUMMERSIDE  2020   1   1    1     -2.4     3.0     3.7  -999.9     0.2    30.5     5.3   330.0
SUMMERSIDE  2020   1   2    2     -2.3     1.4     3.1  -999.9     0.0    26.3     4.5   330.0
SUMMERSIDE  2020   1   3    3     -2.3     6.4     4.7  -999.9     0.0    11.3     6.1   330.0
SUMMERSIDE  2020   1   4    4     -1.0     3.3     3.3  -999.9     0.0    11.7     5.6   330.0
SUMMERSIDE  2020   1   5    5     -4.9    -0.6     3.4  -999.9     0.6    30.7     4.3   330.0
SUMMERSIDE  2020   1   6    6     -6.2    -4.8     1.9  -999.9     0.0    14.0     2.9   330.0
SUMMERSIDE  2020   1   7    7    -12.2    -2.7     5.1  -999.9     0.4    12.8     2.8   330.0
SUMMERSIDE  2020   1   8    8     -9.5    -2.6     4.4  -999.9     4.3    18.0     3.5   330.0
SUMMERSIDE  2020   1   9    9    -11.9    -4.6     4.5  -999.9     0.2    30.3     2.3   330.0
SUMMERSIDE  2020   1  10   10    -14.4     1.7     6.8  -999.9     0.0    19.2     3.1   330.0
SUMMERSIDE  2020   1  11   11     -1.3     7.8     5.1  -999.9    13.7    22.2     7.2   330.0
SUMMERSIDE  2020   1  12   12     -5.9     0.2     4.2  -999.9    30.9    36.6     4.5   330.0
SUMMERSIDE  2020   1  13   13     -7.1    -5.8     2.0  -999.9     0.7    13.1     2.9   330.0
SUMMERSIDE  2020   1  14   14     -7.4    -4.4     3.0  -999.9     1.1    12.0     3.4   330.0
SUMMERSIDE  2020   1  15   15     -7.7    -2.7     4.0  -999.9     2.2    13.3     3.6   330.0
SUMMERSIDE  2020   1  16   16    -14.4    -4.4     5.6  -999.9     0.3    12.0     2.5   330.0
SUMMERSIDE  2020   1  17   17    -15.4    -5.0     5.8  -999.9     0.6    44.6     2.2   330.0
SUMMERSIDE  2020   1  18   18    -17.3   -13.1     3.7  -999.9     0.2    17.7     1.4   330.0
SUMMERSIDE  2020   1  19   19    -13.2    -2.3     6.1  -999.9     3.9    24.6     3.0   330.0
SUMMERSIDE  2020   1  20   20    -13.5    -3.2     6.0  -999.9     0.4    19.0     2.6   330.0
SUMMERSIDE  2020   1  21   21    -22.1   -12.8     5.8  -999.9     0.0    14.1     1.1   330.0
SUMMERSIDE  2020   1  22   22    -20.2    -4.7     7.5  -999.9     0.0    14.1     1.9   330.0
SUMMERSIDE  2020   1  23   23     -6.8     1.6     5.6  -999.9     0.0    22.5     4.1   330.0
SUMMERSIDE  2020   1  24   24    -11.4    -2.1     6.0  -999.9     0.0    11.8     3.0   330.0
SUMMERSIDE  2020   1  25   25    -16.7    -2.9     7.4  -999.9     0.0     6.2     2.4   330.0
SUMMERSIDE  2020   1  26   26     -4.6     4.1     5.9  -999.9     2.8    22.6     5.5   330.0
SUMMERSIDE  2020   1  27   27     -2.5     2.6     4.6  -999.9     0.2    19.8     5.3   330.0
SUMMERSIDE  2020   1  28   28     -5.2    -2.5     3.4  -999.9     0.7    31.1     4.1   330.0
SUMMERSIDE  2020   1  29   29    -11.3    -4.5     5.5  -999.9     0.2    23.5     2.6   330.0
SUMMERSIDE  2020   1  30   30    -11.4    -7.0     4.4  -999.9     0.0    21.5     2.3   330.0
SUMMERSIDE  2020   1  31   31    -12.6    -2.6     6.8  -999.9     0.0    13.9     2.2   330.0
SUMMERSIDE  2020   2   1   32    -13.5    -2.7     7.2  -999.9     0.0     5.8     2.7   330.0
SUMMERSIDE  2020   2   2   33     -6.4    -2.7     4.3  -999.9     0.0    20.8     3.8   330.0
SUMMERSIDE  2020   2   3   34     -7.8     1.4     6.8  -999.9     0.0    20.5     3.5   330.0
SUMMERSIDE  2020   2   4   35     -3.6     1.0     4.9  -999.9     0.0    16.2     4.0   330.0
SUMMERSIDE  2020   2   5   36    -11.5    -0.8     7.5  -999.9     0.0    22.8     2.4   330.0
SUMMERSIDE  2020   2   6   37    -12.2    -5.1     6.2  -999.9     1.3    12.4     2.5   330.0
SUMMERSIDE  2020   2   7   38     -6.3     1.6     6.7  -999.9     8.5    13.9     4.8   330.0
SUMMERSIDE  2020   2   8   39    -12.5    -6.3     6.0  -999.9     0.2    25.8     2.3   330.0
SUMMERSIDE  2020   2   9   40    -16.6    -9.7     6.4  -999.9     0.2    16.3     1.6   330.0
SUMMERSIDE  2020   2  10   41    -10.4     0.3     8.1  -999.9     1.3    24.0     3.9   330.0
SUMMERSIDE  2020   2  11   42    -14.4    -1.6     9.0  -999.9     1.9     9.6     3.1   330.0
SUMMERSIDE  2020   2  12   43     -6.0    -0.6     5.9  -999.9     4.8    17.0     4.3   330.0
SUMMERSIDE  2020   2  13   44    -12.7     0.0     9.2  -999.9     1.0    22.7     3.2   330.0
SUMMERSIDE  2020   2  14   45    -18.8   -12.6     6.5  -999.9     0.2    21.1     1.2   330.0
SUMMERSIDE  2020   2  15   46    -25.0    -6.4    11.5  -999.9     0.0    18.7     1.2   330.0
SUMMERSIDE  2020   2  16   47     -6.4     0.3     7.0  -999.9     0.0    23.2     3.9   330.0
SUMMERSIDE  2020   2  17   48    -13.0     2.1    10.6  -999.9     0.0    18.6     2.9   330.0
SUMMERSIDE  2020   2  18   49    -17.0    -3.1    10.3  -999.9     3.2    13.5     2.1   330.0
SUMMERSIDE  2020   2  19   50    -12.3     1.1    10.3  -999.9     4.0    25.7     3.1   330.0
SUMMERSIDE  2020   2  20   51    -19.0   -12.2     7.4  -999.9     0.2    25.7     0.9   330.0
SUMMERSIDE  2020   2  21   52    -22.0    -7.4    11.0  -999.9     0.0    16.6     1.2   330.0
SUMMERSIDE  2020   2  22   53    -10.6     0.0     9.5  -999.9     0.0    24.2     2.7   330.0
SUMMERSIDE  2020   2  23   54     -6.6     3.5     9.4  -999.9     0.0    19.2     4.1   330.0
SUMMERSIDE  2020   2  24   55     -5.7     2.9     8.8  -999.9     0.0    18.0     4.7   330.0
SUMMERSIDE  2020   2  25   56     -2.9     3.5     7.7  -999.9     0.0    10.3     5.2   330.0
SUMMERSIDE  2020   2  26   57     -3.8     0.4     6.4  -999.9     0.1    13.7     4.8   330.0
SUMMERSIDE  2020   2  27   58     -3.4     0.8     6.4  -999.9    15.3    32.8     5.0   330.0
SUMMERSIDE  2020   2  28   59     -9.6     1.2    10.5  -999.9     0.8    28.3     3.4   330.0
SUMMERSIDE  2020   2  29   60    -10.4    -1.6     9.6  -999.9     0.0     9.8     3.2   330.0
SUMMERSIDE  2020   3   1   61     -4.7    -1.4     5.9  -999.9     8.4    20.8     4.6   330.0
SUMMERSIDE  2020   3   2   62    -12.9    -0.7    11.6  -999.9     0.4    15.7     3.2   330.0
SUMMERSIDE  2020   3   3   63     -2.7     4.2     8.8  -999.9     0.5    17.8     5.9   330.0
SUMMERSIDE  2020   3   4   64     -0.9     3.6     7.2  -999.9    13.2    28.8     6.3   330.0
SUMMERSIDE  2020   3   5   65     -3.7     0.7     7.2  -999.9     0.2    34.7     4.4   330.0
SUMMERSIDE  2020   3   6   66     -8.9    -2.0     9.2  -999.9     0.0    14.5     2.7   330.0
SUMMERSIDE  2020   3   7   67     -8.0    -5.0     6.1  -999.9     0.0    41.0     2.8   330.0
SUMMERSIDE  2020   3   8   68    -10.3     1.3    12.2  -999.9     0.0    15.2     2.8   330.0
SUMMERSIDE  2020   3   9   69     -8.6    -2.5     9.0  -999.9     2.1    16.2     3.2   330.0
SUMMERSIDE  2020   3  10   70     -8.8     1.5    11.8  -999.9     2.1    16.3     4.0   330.0
SUMMERSIDE  2020   3  11   71     -5.7     0.9     9.6  -999.9     0.8    16.1     4.3   330.0
SUMMERSIDE  2020   3  12   72    -13.7    -1.8    13.0  -999.9     0.0    12.5     2.5   330.0
SUMMERSIDE  2020   3  13   73    -14.4     3.5    16.1  -999.9     7.9    25.5     3.3   330.0
SUMMERSIDE  2020   3  14   74     -4.6     4.0    11.3  -999.9     0.0    32.2     4.1   330.0
SUMMERSIDE  2020   3  15   75     -6.6    -1.5     8.8  -999.9     0.0    23.6     2.9   330.0
SUMMERSIDE  2020   3  16   76    -11.8    -5.0    10.3  -999.9     0.0    18.4     2.4   330.0
SUMMERSIDE  2020   3  17   77     -9.6     1.0    13.0  -999.9     0.5    23.5     3.6   330.0
SUMMERSIDE  2020   3  18   78     -6.5     1.2    11.2  -999.9     0.0    21.5     3.1   330.0
SUMMERSIDE  2020   3  19   79    -11.1     3.0    15.4  -999.9     0.0    12.0     2.7   330.0
SUMMERSIDE  2020   3  20   80      1.0     5.9     9.2  -999.9     4.4    30.2     7.2   330.0
SUMMERSIDE  2020   3  21   81     -8.4     7.1    16.5  -999.9     0.0    32.5     3.2   330.0
SUMMERSIDE  2020   3  22   82    -10.8    -4.6    10.5  -999.9     0.0    21.5     1.8   330.0
SUMMERSIDE  2020   3  23   83    -10.7    -0.3    13.8  -999.9     0.0    13.2     2.7   330.0
SUMMERSIDE  2020   3  24   84     -5.9    -1.2     9.4  -999.9     3.1    22.7     4.2   330.0
SUMMERSIDE  2020   3  25   85     -6.1     1.6    12.1  -999.9     0.0     9.7     4.2   330.0
SUMMERSIDE  2020   3  26   86     -4.0     1.6    10.4  -999.9     1.2    18.2     4.6   330.0
SUMMERSIDE  2020   3  27   87     -2.1     0.6     7.3  -999.9     0.4    24.3     5.3   330.0
SUMMERSIDE  2020   3  28   88     -7.3     6.9    17.0  -999.9     0.0    20.1     3.3   330.0
SUMMERSIDE  2020   3  29   89     -9.2     5.4    17.4  -999.9     0.0     8.3     3.7   330.0
SUMMERSIDE  2020   3  30   90     -2.3    -0.4     6.3  -999.9     0.0    27.5     4.6   330.0
SUMMERSIDE  2020   3  31   91     -1.6    -0.4     5.1  -999.9     0.0    24.8     5.2   330.0
SUMMERSIDE  2020   4   1   92     -0.8     1.6     7.3  -999.9     2.1     9.8     6.1   330.0
SUMMERSIDE  2020   4   2   93      0.9     3.3     7.3  -999.9     0.0    37.5     6.6   330.0
SUMMERSIDE  2020   4   3   94     -0.4     2.9     8.7  -999.9     0.0    41.5     5.8   330.0
SUMMERSIDE  2020   4   4   95     -1.8     0.0     6.5  -999.9     0.0    22.1     5.0   330.0
SUMMERSIDE  2020   4   5   96     -1.8     4.1    11.8  -999.9     0.0     9.9     5.1   330.0
SUMMERSIDE  2020   4   6   97     -0.1     7.1    13.2  -999.9     1.7    23.9     5.2   330.0
SUMMERSIDE  2020   4   7   98     -1.9     1.9     9.6  -999.9     0.0    15.2     3.9   330.0
SUMMERSIDE  2020   4   8   99     -3.5     2.6    12.3  -999.9     0.0    12.2     4.6   330.0
SUMMERSIDE  2020   4   9  100     -2.3     7.2    15.5  -999.9     0.9    13.0     4.6   330.0
SUMMERSIDE  2020   4  10  101     -1.4     3.4    11.1  -999.9     5.1    33.5     5.9   330.0
SUMMERSIDE  2020   4  11  102     -0.5     5.4    12.4  -999.9     0.2    26.1     5.3   330.0
SUMMERSIDE  2020   4  12  103      0.2     8.9    15.2  -999.9     0.0    22.0     5.4   330.0
SUMMERSIDE  2020   4  13  104      0.3    11.2    17.2  -999.9     7.5    25.2     7.9   330.0
SUMMERSIDE  2020   4  14  105      2.1    12.6    17.0  -999.9     0.2    28.4     7.0   330.0
SUMMERSIDE  2020   4  15  106      1.4     7.8    13.4  -999.9     0.0    13.2     5.3   330.0
SUMMERSIDE  2020   4  16  107     -1.1     5.0    13.1  -999.9     0.0    17.2     4.4   330.0
SUMMERSIDE  2020   4  17  108     -1.6     6.1    14.9  -999.9     0.0    14.7     4.1   330.0
SUMMERSIDE  2020   4  18  109     -3.1     6.0    16.3  -999.9     0.0    15.1     4.0   330.0
SUMMERSIDE  2020   4  19  110     -1.6     3.8    12.6  -999.9     0.0    18.8     5.3   330.0
SUMMERSIDE  2020   4  20  111     -1.6     9.5    18.3  -999.9     0.0    23.0     5.4   330.0
SUMMERSIDE  2020   4  21  112     -2.7     9.7    19.4  -999.9     0.0    14.2     4.5   330.0
SUMMERSIDE  2020   4  22  113     -2.0     7.6    17.2  -999.9     2.7    30.8     5.3   330.0
SUMMERSIDE  2020   4  23  114     -2.9     4.9    15.6  -999.9     0.0    29.8     3.5   330.0
SUMMERSIDE  2020   4  24  115      0.0    11.4    19.0  -999.9     0.0    17.3     4.3   330.0
SUMMERSIDE  2020   4  25  116     -1.9    11.8    21.0  -999.9     0.0    14.8     4.1   330.0
SUMMERSIDE  2020   4  26  117     -2.4    12.2    21.8  -999.9     0.0    12.6     4.4   330.0
SUMMERSIDE  2020   4  27  118      2.2     6.7    12.2  -999.9     0.0    32.8     5.0   330.0
SUMMERSIDE  2020   4  28  119      1.9     4.9    10.0  -999.9     0.0    38.5     5.6   330.0
SUMMERSIDE  2020   4  29  120     -3.4     4.7    16.5  -999.9     0.0    24.1     5.0   330.0
SUMMERSIDE  2020   4  30  121     -4.3    13.6    24.7  -999.9     0.0    14.2     5.8   330.0
SUMMERSIDE  2020   5   1  122      3.5    16.2    20.9  -999.9     6.4    31.0     8.9   330.0
SUMMERSIDE  2020   5   2  123      4.5    11.3    15.4  -999.9     1.3    21.2     9.3   330.0
SUMMERSIDE  2020   5   3  124      2.7    13.2    19.2  -999.9     0.8    16.2     6.3   330.0
SUMMERSIDE  2020   5   4  125      3.0    10.6    16.4  -999.9    13.7    20.4     8.3   330.0
SUMMERSIDE  2020   5   5  126      0.7     3.2     9.5  -999.9     7.6    32.0     6.6   330.0
SUMMERSIDE  2020   5   6  127      0.1    11.1    20.0  -999.9     0.0    22.3     6.5   330.0
SUMMERSIDE  2020   5   7  128     -0.8     7.9    17.9  -999.9     0.0     9.5     5.9   330.0
SUMMERSIDE  2020   5   8  129      0.2    11.1    20.1  -999.9     1.3    14.4     7.0   330.0
SUMMERSIDE  2020   5   9  130      0.4     6.1    14.6  -999.9     9.4    20.5     6.9   330.0
SUMMERSIDE  2020   5  10  131      1.5     5.5    12.3  -999.9     3.0    37.4     5.8   330.0
SUMMERSIDE  2020   5  11  132      3.6    14.5    20.4  -999.9     0.0    28.1     6.9   330.0
SUMMERSIDE  2020   5  12  133      2.5     8.1    14.7  -999.9    13.4    12.5     7.9   330.0
SUMMERSIDE  2020   5  13  134      2.1    10.1    17.6  -999.9     0.0    22.0     6.2   330.0
SUMMERSIDE  2020   5  14  135      2.2    12.8    20.3  -999.9     0.0    24.9     5.2   330.0
SUMMERSIDE  2020   5  15  136     -0.2    13.4    23.1  -999.9     0.0    10.1     5.9   330.0
SUMMERSIDE  2020   5  16  137     -0.2     9.2    19.3  -999.9     0.3    11.0     5.8   330.0
SUMMERSIDE  2020   5  17  138      1.0    20.6    28.0  -999.9     0.0    17.0     8.3   330.0
SUMMERSIDE  2020   5  18  139      0.7    12.4    21.7  -999.9     0.0    14.7     7.1   330.0
SUMMERSIDE  2020   5  19  140     -0.1     9.8    20.0  -999.9     0.0    16.6     5.6   330.0
SUMMERSIDE  2020   5  20  141      0.9    19.8    27.7  -999.9     0.0    15.1     6.5   330.0
SUMMERSIDE  2020   5  21  142      8.4    22.7    24.2  -999.9     0.0    27.7     9.9   330.0
SUMMERSIDE  2020   5  22  143      0.7    22.0    29.6  -999.9     0.0    23.4     7.0   330.0
SUMMERSIDE  2020   5  23  144     -1.2     9.6    21.2  -999.9     0.0    21.0     4.0   330.0
SUMMERSIDE  2020   5  24  145     -1.4    18.7    29.0  -999.9     0.0    15.5     5.9   330.0
SUMMERSIDE  2020   5  25  146      7.1    20.7    23.9  -999.9     0.0    27.5     6.9   330.0
SUMMERSIDE  2020   5  26  147     10.1    22.6    23.0  -999.9     0.0    30.2    14.3   330.0
SUMMERSIDE  2020   5  27  148     13.1    21.9    19.3  -999.9     1.6    13.2    17.5   330.0
SUMMERSIDE  2020   5  28  149     13.0    25.2    22.8  -999.9     0.0    32.4    17.1   330.0
SUMMERSIDE  2020   5  29  150     13.3    23.3    20.7  -999.9     0.0    37.7    17.6   330.0
SUMMERSIDE  2020   5  30  151     13.4    19.8    16.6  -999.9     0.2    34.8    16.7   330.0
SUMMERSIDE  2020   5  31  152      7.9    21.7    24.4  -999.9     0.0    14.8    13.7   330.0
SUMMERSIDE  2020   6   1  153      4.8    13.7    19.7  -999.9     0.0    15.6     8.0   330.0
SUMMERSIDE  2020   6   2  154      7.1    11.8    14.3  -999.9     4.7    14.4     9.2   330.0
SUMMERSIDE  2020   6   3  155      5.8    16.4    21.5  -999.9     0.0    25.3     9.5   330.0
SUMMERSIDE  2020   6   4  156     10.4    22.9    23.4  -999.9     0.0    21.6    13.1   330.0
SUMMERSIDE  2020   6   5  157     13.2    24.7    22.5  -999.9     0.0    26.2    16.7   330.0
SUMMERSIDE  2020   6   6  158      9.8    16.0    16.5  -999.9     1.0    20.0    12.3   330.0
SUMMERSIDE  2020   6   7  159      8.8    11.1    10.1  -999.9     2.5    27.5     9.9   330.0
SUMMERSIDE  2020   6   8  160      5.0    12.6    18.4  -999.9     0.4    12.4     9.4   330.0
SUMMERSIDE  2020   6   9  161      1.8    17.0    26.0  -999.9     0.0    16.7     9.0   330.0
SUMMERSIDE  2020   6  10  162      1.4    19.5    28.4  -999.9     0.0    16.0     7.8   330.0
SUMMERSIDE  2020   6  11  163     10.9    21.0    21.2  -999.9     0.0    35.5    10.7   330.0
SUMMERSIDE  2020   6  12  164     13.8    17.7    13.2  -999.9     8.1    22.1    16.9   330.0
SUMMERSIDE  2020   6  13  165     10.0    18.9    20.0  -999.9     0.0    16.5    13.1   330.0
SUMMERSIDE  2020   6  14  166      9.9    13.9    13.4  -999.9     0.0    25.1    10.3   330.0
SUMMERSIDE  2020   6  15  167      9.2    17.5    19.3  -999.9     0.0    10.2    10.4   330.0
SUMMERSIDE  2020   6  16  168      9.2    25.6    27.1  -999.9     0.0    15.9    12.1   330.0
SUMMERSIDE  2020   6  17  169     13.3    26.1    24.0  -999.9     0.0    24.3    12.2   330.0
SUMMERSIDE  2020   6  18  170     13.7    28.9    26.1  -999.9     0.0    24.5    16.2   330.0
SUMMERSIDE  2020   6  19  171     15.0    30.1    26.0  -999.9     0.0    20.8    18.4   330.0
SUMMERSIDE  2020   6  20  172     11.7    15.9    13.7  -999.9     0.0    18.2    14.0   330.0
SUMMERSIDE  2020   6  21  173     11.3    24.2    24.1  -999.9     0.0    13.4    16.3   330.0
SUMMERSIDE  2020   6  22  174     14.6    27.9    24.4  -999.9     0.0    17.2    19.4   330.0
SUMMERSIDE  2020   6  23  175     17.3    28.9    22.8  -999.9     0.0    17.4    22.9   330.0
SUMMERSIDE  2020   6  24  176     16.4    28.7    23.5  -999.9     0.0    21.5    21.4   330.0
SUMMERSIDE  2020   6  25  177     15.0    26.9    23.1  -999.9     0.0    19.7    20.1   330.0
SUMMERSIDE  2020   6  26  178     14.1    27.9    24.8  -999.9     0.0    13.2    17.2   330.0
SUMMERSIDE  2020   6  27  179     16.4    26.7    21.4  -999.9     0.0    16.0    19.2   330.0
SUMMERSIDE  2020   6  28  180     16.1    25.8    20.8  -999.9     0.0    18.0    18.6   330.0
SUMMERSIDE  2020   6  29  181     15.7    21.5    16.1  -999.9     0.0    13.1    18.9   330.0
SUMMERSIDE  2020   6  30  182     16.7    22.5    16.0  -999.9     0.0    14.7    21.1   330.0
SUMMERSIDE  2020   7   1  183     16.8    24.5    18.5  -999.9     0.0    10.0    21.8   330.0
SUMMERSIDE  2020   7   2  184     14.8    27.8    23.9  -999.9     5.3    21.5    22.0   330.0
SUMMERSIDE  2020   7   3  185     13.5    20.1    17.0  -999.9     0.0    15.4    14.0   330.0
SUMMERSIDE  2020   7   4  186     14.2    22.2    18.7  -999.9     0.0    21.2    16.2   330.0
SUMMERSIDE  2020   7   5  187     13.7    21.0    17.9  -999.9     0.7    16.4    16.2   330.0
SUMMERSIDE  2020   7   6  188      9.1    17.2    18.8  -999.9     2.3    14.8    13.0   330.0
SUMMERSIDE  2020   7   7  189      9.8    21.9    22.9  -999.9     0.0    13.0    13.6   330.0
SUMMERSIDE  2020   7   8  190     14.4    19.7    15.1  -999.9     9.3    23.2    16.6   330.0
SUMMERSIDE  2020   7   9  191     15.6    26.2    21.4  -999.9     0.2    10.6    21.6   330.0
SUMMERSIDE  2020   7  10  192     13.4    28.7    25.6  -999.9     0.0     8.0    19.1   330.0
SUMMERSIDE  2020   7  11  193     17.7    28.5    21.5  -999.9     0.4    20.9    24.0   330.0
SUMMERSIDE  2020   7  12  194     19.2    27.9    19.2  -999.9     1.3    24.2    25.2   330.0
SUMMERSIDE  2020   7  13  195     17.2    29.5    22.8  -999.9     0.0    21.3    21.9   330.0
SUMMERSIDE  2020   7  14  196     14.9    17.3    10.0  -999.9     0.0    26.5    15.2   330.0
SUMMERSIDE  2020   7  15  197     14.0    16.0     9.1  -999.9     0.0    28.8    13.4   330.0
SUMMERSIDE  2020   7  16  198      7.9    19.5    21.9  -999.9     0.0    16.8    10.7   330.0
SUMMERSIDE  2020   7  17  199      8.0    22.0    24.0  -999.9     1.8    12.2    13.0   330.0
SUMMERSIDE  2020   7  18  200     13.9    23.1    19.4  -999.9     0.3    12.3    18.6   330.0
SUMMERSIDE  2020   7  19  201     15.9    30.0    24.0  -999.9     0.0    14.2    22.3   330.0
SUMMERSIDE  2020   7  20  202     19.1    27.4    18.3  -999.9     0.0    29.9    22.4   330.0
SUMMERSIDE  2020   7  21  203     14.3    28.6    24.0  -999.9     0.1    13.1    18.6   330.0
SUMMERSIDE  2020   7  22  204     12.4    27.9    24.9  -999.9     0.0    12.5    14.0   330.0
SUMMERSIDE  2020   7  23  205     17.6    24.4    16.4  -999.9     0.0     9.2    19.8   330.0
SUMMERSIDE  2020   7  24  206     17.1    28.6    21.3  -999.9     0.0     9.7    21.0   330.0
SUMMERSIDE  2020   7  25  207     17.0    31.7    24.0  -999.9     0.0    14.5    19.5   330.0
SUMMERSIDE  2020   7  26  208     14.3    23.6    19.0  -999.9     0.2    12.6    18.3   330.0
SUMMERSIDE  2020   7  27  209     14.1    26.1    21.5  -999.9     0.0     9.8    18.9   330.0
SUMMERSIDE  2020   7  28  210     20.4    25.5    13.9  -999.9     8.1     9.8    25.6   330.0
SUMMERSIDE  2020   7  29  211     18.9    24.5    14.5  -999.9     0.0     7.7    23.8   330.0
SUMMERSIDE  2020   7  30  212     17.5    29.2    20.9  -999.9     1.1     9.9    23.8   330.0
SUMMERSIDE  2020   7  31  213     16.9    25.5    17.9  -999.9     0.6     8.3    20.8   330.0
SUMMERSIDE  2020   8   1  214     13.9    23.1    18.4  -999.9     1.0    12.0    17.6   330.0
SUMMERSIDE  2020   8   2  215     15.3    31.0    23.9  -999.9     0.0    13.8    19.6   330.0
SUMMERSIDE  2020   8   3  216     19.2    29.8    19.5  -999.9     0.0    25.2    22.8   330.0
SUMMERSIDE  2020   8   4  217     16.6    28.7    20.8  -999.9     0.0    19.9    20.6   330.0
SUMMERSIDE  2020   8   5  218     16.5    28.9    20.9  -999.9     0.0    26.7    21.7   330.0
SUMMERSIDE  2020   8   6  219     18.5    28.7    18.9  -999.9     0.0    23.2    17.3   330.0
SUMMERSIDE  2020   8   7  220     16.8    29.9    21.3  -999.9     0.0    17.7    16.2   330.0
SUMMERSIDE  2020   8   8  221     16.2    31.3    22.7  -999.9     0.0    12.4    18.4   330.0
SUMMERSIDE  2020   8   9  222     17.2    31.9    22.3  -999.9     0.0    17.3    19.1   330.0
SUMMERSIDE  2020   8  10  223     16.5    30.8    21.9  -999.9     0.0    15.4    21.4   330.0
SUMMERSIDE  2020   8  11  224     20.2    30.4    18.3  -999.9     0.0    25.0    25.2   330.0
SUMMERSIDE  2020   8  12  225     21.1    29.6    16.7  -999.9     0.0    27.9    25.8   330.0
SUMMERSIDE  2020   8  13  226     19.2    30.4    19.0  -999.9     0.0    11.5    20.5   330.0
SUMMERSIDE  2020   8  14  227     15.8    28.0    19.7  -999.9     0.0    18.2    18.8   330.0
SUMMERSIDE  2020   8  15  228     17.1    25.0    15.8  -999.9    15.5    20.9    18.9   330.0
SUMMERSIDE  2020   8  16  229     17.0    23.5    14.2  -999.9     0.2    12.2    18.6   330.0
SUMMERSIDE  2020   8  17  230     11.4    22.6    18.5  -999.9     0.4    10.2    14.6   330.0
SUMMERSIDE  2020   8  18  231     11.1    22.7    18.7  -999.9     0.0    13.7    14.0   330.0
SUMMERSIDE  2020   8  19  232     16.6    26.3    17.0  -999.9     0.0    19.7    17.2   330.0
SUMMERSIDE  2020   8  20  233     11.2    24.4    19.7  -999.9     0.0    19.0    11.6   330.0
SUMMERSIDE  2020   8  21  234     11.6    19.9    15.5  -999.9     0.2     9.9    14.5   330.0
SUMMERSIDE  2020   8  22  235     10.5    25.0    20.3  -999.9     0.2     9.0    13.0   330.0
SUMMERSIDE  2020   8  23  236     10.6    26.8    21.3  -999.9     0.0    13.6    15.0   330.0
SUMMERSIDE  2020   8  24  237     14.1    24.8    17.2  -999.9     0.0    13.6    15.5   330.0
SUMMERSIDE  2020   8  25  238     17.2    21.9    11.3  -999.9    48.3    20.1    19.7   330.0
SUMMERSIDE  2020   8  26  239     11.4    19.0    14.3  -999.9     0.2    26.9    10.7   330.0
SUMMERSIDE  2020   8  27  240     10.8    18.6    14.4  -999.9     0.0    30.8     9.5   330.0
SUMMERSIDE  2020   8  28  241     10.7    21.8    17.0  -999.9     0.0    16.3    11.4   330.0
SUMMERSIDE  2020   8  29  242     10.5    20.3    15.8  -999.9    21.6    12.5    12.3   330.0
SUMMERSIDE  2020   8  30  243     11.8    20.6    14.9  -999.9     7.4    18.6    17.0   330.0
SUMMERSIDE  2020   8  31  244      8.1    18.7    16.2  -999.9     0.0    15.3    11.6   330.0
SUMMERSIDE  2020   9   1  245      7.0    21.8    19.0  -999.9     0.0     8.3    11.6   330.0
SUMMERSIDE  2020   9   2  246     12.4    21.4    14.7  -999.9     0.2    23.0    13.9   330.0
SUMMERSIDE  2020   9   3  247     17.5    23.2    11.6  -999.9     7.4    21.5    21.0   330.0
SUMMERSIDE  2020   9   4  248     15.2    24.3    14.5  -999.9     2.4    25.4    19.5   330.0
SUMMERSIDE  2020   9   5  249     12.5    22.7    15.2  -999.9     0.0    13.9    13.2   330.0
SUMMERSIDE  2020   9   6  250     10.8    22.5    16.1  -999.9     0.0    13.1    13.1   330.0
SUMMERSIDE  2020   9   7  251      9.9    24.0    17.5  -999.9     0.0    17.7    13.9   330.0
SUMMERSIDE  2020   9   8  252     16.4    24.7    13.3  -999.9     0.1    23.1    18.6   330.0
SUMMERSIDE  2020   9   9  253     12.8    24.4    15.6  -999.9     0.0     8.8    18.0   330.0
SUMMERSIDE  2020   9  10  254     13.9    24.4    14.7  -999.9     5.7    15.9    19.4   330.0
SUMMERSIDE  2020   9  11  255      5.1    15.2    14.3  -999.9     0.0    21.7    10.0   330.0
SUMMERSIDE  2020   9  12  256      8.3    20.1    15.3  -999.9     0.0    12.9    11.8   330.0
SUMMERSIDE  2020   9  13  257     12.3    20.9    12.9  -999.9     0.8    22.8    13.3   330.0
SUMMERSIDE  2020   9  14  258     10.3    20.6    14.0  -999.9     0.4    24.4    12.1   330.0
SUMMERSIDE  2020   9  15  259      4.6    14.8    13.8  -999.9     0.0    11.6     8.4   330.0
SUMMERSIDE  2020   9  16  260      3.9    17.2    15.6  -999.9     0.0    26.8     8.9   330.0
SUMMERSIDE  2020   9  17  261     11.8    20.9    12.7  -999.9     0.0    25.9    14.2   330.0
SUMMERSIDE  2020   9  18  262      9.2    12.7     7.8  -999.9     0.0    21.6     8.9   330.0
SUMMERSIDE  2020   9  19  263      1.1    14.3    15.0  -999.9     0.0    16.1     7.0   330.0
SUMMERSIDE  2020   9  20  264      0.8    12.9    14.2  -999.9     1.4    11.7     7.5   330.0
SUMMERSIDE  2020   9  21  265      3.1    14.8    13.8  -999.9     0.0     9.2     7.8   330.0
SUMMERSIDE  2020   9  22  266      3.9    13.2    12.2  -999.9    38.9    27.5     9.2   330.0
SUMMERSIDE  2020   9  23  267      9.7    15.7     9.7  -999.9    28.6    32.7    13.0   330.0
SUMMERSIDE  2020   9  24  268      7.2    19.8    13.8  -999.9     0.0    17.2    11.2   330.0
SUMMERSIDE  2020   9  25  269      5.5    16.5    12.8  -999.9     0.0    12.4     9.0   330.0
SUMMERSIDE  2020   9  26  270      3.8    20.6    15.6  -999.9     0.0    18.3    10.5   330.0
SUMMERSIDE  2020   9  27  271     13.6    22.0    10.9  -999.9     0.0    30.4    17.7   330.0
SUMMERSIDE  2020   9  28  272     17.1    24.9    10.4  -999.9     0.0    26.8    21.6   330.0
SUMMERSIDE  2020   9  29  273     19.3    25.4     9.1  -999.9     0.2    26.0    23.4   330.0
SUMMERSIDE  2020   9  30  274     13.8    24.7    12.0  -999.9     6.2    34.0    20.0   330.0
SUMMERSIDE  2020  10   1  275     13.4    20.4     9.5  -999.9     0.0    23.6    15.4   330.0
SUMMERSIDE  2020  10   2  276     12.5    19.2     9.2  -999.9     0.0    14.7    15.6   330.0
SUMMERSIDE  2020  10   3  277      9.6    15.6     8.6  -999.9     0.9    12.1    11.5   330.0
SUMMERSIDE  2020  10   4  278      5.2    13.6    10.0  -999.9     0.4     9.1     8.0   330.0
SUMMERSIDE  2020  10   5  279      7.4    16.0    10.0  -999.9     1.9    13.0    11.1   330.0
SUMMERSIDE  2020  10   6  280     10.7    17.8     9.0  -999.9     0.0    24.2    12.6   330.0
SUMMERSIDE  2020  10   7  281     12.1    17.5     7.7  -999.9     9.1    21.7    14.1   330.0
SUMMERSIDE  2020  10   8  282      5.1    13.4     9.4  -999.9     1.1    36.8     8.6   330.0
SUMMERSIDE  2020  10   9  283      4.0     9.5     7.6  -999.9     0.0    33.7     4.6   330.0
SUMMERSIDE  2020  10  10  284      7.4    16.9     9.8  -999.9    14.0    32.5    10.3   330.0
SUMMERSIDE  2020  10  11  285      0.5    14.2    11.7  -999.9     1.2    24.3     7.7   330.0
SUMMERSIDE  2020  10  12  286      0.2     9.7     9.6  -999.9     0.0     8.3     6.2   330.0
SUMMERSIDE  2020  10  13  287     -1.3    12.8    11.5  -999.9     0.0    12.3     7.3   330.0
SUMMERSIDE  2020  10  14  288      7.5    18.1     9.8  -999.9    15.8    27.8    13.4   330.0
SUMMERSIDE  2020  10  15  289      6.3    16.4     9.5  -999.9     0.0    15.3    10.8   330.0
SUMMERSIDE  2020  10  16  290      9.9    19.8     9.3  -999.9     0.0    24.0    11.8   330.0
SUMMERSIDE  2020  10  17  291      5.8    18.0    10.1  -999.9    21.0    27.7    11.7   330.0
SUMMERSIDE  2020  10  18  292      3.7    12.8     8.6  -999.9     0.0    13.9     8.0   330.0
SUMMERSIDE  2020  10  19  293      4.6    14.0     8.6  -999.9     2.2    10.1    10.3   330.0
SUMMERSIDE  2020  10  20  294      9.3    15.4     6.9  -999.9     6.0    15.7    12.8   330.0
SUMMERSIDE  2020  10  21  295      7.2    16.0     8.1  -999.9     0.3    19.2    11.4   330.0
SUMMERSIDE  2020  10  22  296      3.7    15.2     9.2  -999.9     0.3    15.7     9.3   330.0
SUMMERSIDE  2020  10  23  297      2.1    10.9     7.9  -999.9     0.0    11.1     7.7   330.0
SUMMERSIDE  2020  10  24  298      6.1    13.3     7.1  -999.9     0.0    20.0     9.9   330.0
SUMMERSIDE  2020  10  25  299     -1.9     6.8     7.6  -999.9     0.0    19.5     4.8   330.0
SUMMERSIDE  2020  10  26  300     -2.2     8.2     8.2  -999.9     3.6     8.1     5.2   330.0
SUMMERSIDE  2020  10  27  301      0.6     8.7     7.2  -999.9     5.4    17.3     7.0   330.0
SUMMERSIDE  2020  10  28  302     -2.2     3.4     5.9  -999.9     0.2    11.8     4.3   330.0
SUMMERSIDE  2020  10  29  303      1.5     8.6     6.5  -999.9     0.0    15.7     6.4   330.0
SUMMERSIDE  2020  10  30  304      0.7     3.7     4.2  -999.9     0.0    27.3     4.0   330.0
SUMMERSIDE  2020  10  31  305     -3.3     4.5     6.7  -999.9     0.0    15.5     3.7   330.0
SUMMERSIDE  2020  11   1  306     -2.6    11.7     8.9  -999.9     4.0    26.2     5.8   330.0
SUMMERSIDE  2020  11   2  307     -1.0    14.4     9.1  -999.9    10.1    40.5     8.5   330.0
SUMMERSIDE  2020  11   3  308     -2.7     0.8     4.3  -999.9     0.0    22.2     3.5   330.0
SUMMERSIDE  2020  11   4  309     -3.9     2.6     5.7  -999.9     0.0    14.5     3.1   330.0
SUMMERSIDE  2020  11   5  310      2.2    12.7     7.2  -999.9     0.0    28.4     8.0   330.0
SUMMERSIDE  2020  11   6  311     10.1    13.4     4.0  -999.9     0.0    27.2    12.1   330.0
SUMMERSIDE  2020  11   7  312      3.4    14.3     7.1  -999.9     0.0    19.5     8.4   330.0
SUMMERSIDE  2020  11   8  313      3.2     6.0     3.6  -999.9     0.3    10.7     5.9   330.0
SUMMERSIDE  2020  11   9  314      5.4    14.1     6.2  -999.9     0.0    17.4    10.7   330.0
SUMMERSIDE  2020  11  10  315      9.2    19.2     6.6  -999.9     0.0    22.2    13.0   330.0
SUMMERSIDE  2020  11  11  316      9.0    15.5     5.2  -999.9     0.0    25.9    13.1   330.0
SUMMERSIDE  2020  11  12  317      3.9    13.2     6.2  -999.9     0.2    15.5     9.0   330.0
SUMMERSIDE  2020  11  13  318     -0.1     7.5     5.5  -999.9     0.5    11.8     5.9   330.0
SUMMERSIDE  2020  11  14  319      2.9     6.7     3.8  -999.9     2.7    12.7     7.7   330.0
SUMMERSIDE  2020  11  15  320     -2.2     3.8     4.8  -999.9     0.2    15.7     4.5   330.0
SUMMERSIDE  2020  11  16  321      3.4    10.5     5.1  -999.9     5.5    27.2     8.0   330.0
SUMMERSIDE  2020  11  17  322     -1.4     6.7     5.4  -999.9     0.0    20.2     4.8   330.0
SUMMERSIDE  2020  11  18  323     -3.1     0.3     3.5  -999.9     0.2    19.2     3.5   330.0
SUMMERSIDE  2020  11  19  324     -4.5     2.8     5.0  -999.9     1.6    20.6     3.8   330.0
SUMMERSIDE  2020  11  20  325      2.7     8.4     4.4  -999.9     0.0    17.3     8.2   330.0
SUMMERSIDE  2020  11  21  326     -1.2    10.6     6.2  -999.9     0.0    20.0     5.9   330.0
SUMMERSIDE  2020  11  22  327     -3.3     2.3     4.2  -999.9     0.0     9.8     3.6   330.0
SUMMERSIDE  2020  11  23  328     -0.5    13.8     6.7  -999.9    22.8    29.5     8.2   330.0
SUMMERSIDE  2020  11  24  329     -6.3     4.1     5.7  -999.9     0.0    34.6     3.9   330.0
SUMMERSIDE  2020  11  25  330     -6.8     3.4     5.6  -999.9     0.9    15.9     4.2   330.0
SUMMERSIDE  2020  11  26  331     -1.1     9.4     5.6  -999.9     3.8    15.5     7.5   330.0
SUMMERSIDE  2020  11  27  332      4.5    13.7     5.2  -999.9     0.2    17.5    10.9   330.0
SUMMERSIDE  2020  11  28  333     -0.1     4.6     3.7  -999.9     0.2     5.9     6.8   330.0
SUMMERSIDE  2020  11  29  334     -2.9     5.3     4.8  -999.9     0.0    13.7     5.5   330.0
SUMMERSIDE  2020  11  30  335     -4.5     9.0     6.1  -999.9     0.0    17.6     5.6   330.0
SUMMERSIDE  2020  12   1  336      8.8    14.9     4.1  -999.9     1.4    38.5    11.7   330.0
SUMMERSIDE  2020  12   2  337      3.2    14.6     5.5  -999.9    11.9    16.3    10.8   330.0
SUMMERSIDE  2020  12   3  338     -0.7     6.4     4.3  -999.9     0.4    18.3     5.9   330.0
SUMMERSIDE  2020  12   4  339      3.2     9.8     4.1  -999.9     0.0    20.2     7.6   330.0
SUMMERSIDE  2020  12   5  340      3.3     8.3     3.6  -999.9    22.7    16.5     8.5   330.0
SUMMERSIDE  2020  12   6  341      1.8    12.6     5.2  -999.9     2.5    25.8     9.1   330.0
SUMMERSIDE  2020  12   7  342     -1.9     3.8     3.8  -999.9     0.2    20.1     6.2   330.0
SUMMERSIDE  2020  12   8  343     -1.5     2.3     3.1  -999.9     1.0    23.8     5.8   330.0
SUMMERSIDE  2020  12   9  344     -1.7    -0.4     1.8  -999.9     0.2    13.9     5.0   330.0
SUMMERSIDE  2020  12  10  345     -2.0     0.2     2.3  -999.9     0.2     8.7     5.0   330.0
SUMMERSIDE  2020  12  11  346     -2.2     2.8     3.5  -999.9     0.2    14.8     4.9   330.0
SUMMERSIDE  2020  12  12  347     -1.8     2.6     3.2  -999.9     0.2    10.0     5.3   330.0
SUMMERSIDE  2020  12  13  348     -0.6     4.5     3.5  -999.9    11.8    14.5     6.8   330.0
SUMMERSIDE  2020  12  14  349     -0.7     2.7     2.8  -999.9     0.0    11.2     6.1   330.0
SUMMERSIDE  2020  12  15  350    -11.3    -0.6     5.0  -999.9     0.4    29.8     2.9   330.0
SUMMERSIDE  2020  12  16  351    -11.6    -6.5     3.5  -999.9     0.0    25.8     2.1   330.0
SUMMERSIDE  2020  12  17  352    -10.1    -1.3     4.5  -999.9     0.2    16.7     3.2   330.0
SUMMERSIDE  2020  12  18  353     -1.6     1.8     2.8  -999.9     0.5    29.0     5.2   330.0
SUMMERSIDE  2020  12  19  354     -2.6     0.6     2.7  -999.9     0.3    16.1     4.6   330.0
SUMMERSIDE  2020  12  20  355     -5.9     0.8     4.0  -999.9     0.5    14.0     4.1   330.0
SUMMERSIDE  2020  12  21  356      0.6     7.1     3.9  -999.9     9.9    17.8     7.7   330.0
SUMMERSIDE  2020  12  22  357     -0.8     2.3     2.7  -999.9     9.2    29.3     6.1   330.0
SUMMERSIDE  2020  12  23  358    -12.2    -0.2     5.3  -999.9     0.0    18.4     3.1   330.0
SUMMERSIDE  2020  12  24  359    -10.8     5.7     6.2  -999.9     0.0    23.5     4.1   330.0
SUMMERSIDE  2020  12  25  360      5.4    13.6     4.4  -999.9     0.0    33.7    10.6   330.0
SUMMERSIDE  2020  12  26  361     -0.3    14.6     6.0  -999.9    15.1    34.4     9.1   330.0
SUMMERSIDE  2020  12  27  362     -8.7    -0.1     4.6  -999.9     0.0    21.3     3.3   330.0
SUMMERSIDE  2020  12  28  363     -8.9     4.3     5.7  -999.9     0.0    16.1     4.0   330.0
SUMMERSIDE  2020  12  29  364     -7.8     5.0     5.6  -999.9     2.2    25.5     4.4   330.0
SUMMERSIDE  2020  12  30  365     -7.6    -1.4     3.9  -999.9     0.0    23.8     2.7   330.0
