SUMMERSIDE  2017   1   1    1     -6.6     2.5     4.8  -999.9     3.8    24.0     4.8   330.0
SUMMERSIDE  2017   1   2    2     -6.8    -1.3     3.7  -999.9     0.0    18.2     3.6   330.0
SUMMERSIDE  2017   1   3    3     -8.4    -2.2     4.0  -999.9     0.0    10.4     3.4   330.0
SUMMERSIDE  2017   1   4    4     -3.6     5.5     4.9  -999.9     8.1    30.0     6.0   330.0
SUMMERSIDE  2017   1   5    5     -4.4     2.7     4.3  -999.9     0.4    34.4     4.3   330.0
SUMMERSIDE  2017   1   6    6    -11.0    -3.7     4.4  -999.9     0.7    12.6     2.6   330.0
SUMMERSIDE  2017   1   7    7    -12.3    -7.2     3.7  -999.9     7.0     9.5     2.2   330.0
SUMMERSIDE  2017   1   8    8    -15.7    -4.5     5.5  -999.9     2.5    28.9     2.5   330.0
SUMMERSIDE  2017   1   9    9    -19.2   -15.0     3.4  -999.9     0.2    20.2     1.2   330.0
SUMMERSIDE  2017   1  10   10    -18.8    -1.0     7.1  -999.9     0.0    18.9     2.4   330.0
SUMMERSIDE  2017   1  11   11     -2.1     4.9     4.5  -999.9     2.7    36.1     6.1   330.0
SUMMERSIDE  2017   1  12   12      1.2     7.2     4.2  -999.9     4.5    28.5     7.8   330.0
SUMMERSIDE  2017   1  13   13    -12.2     5.9     7.4  -999.9     2.8    31.9     3.7   330.0
SUMMERSIDE  2017   1  14   14    -15.1   -10.5     3.8  -999.9     0.0    25.4     1.4   330.0
SUMMERSIDE  2017   1  15   15    -14.4    -7.2     4.7  -999.9     0.2    17.8     1.7   330.0
SUMMERSIDE  2017   1  16   16    -15.5    -1.1     6.8  -999.9     0.2    17.9     2.4   330.0
SUMMERSIDE  2017   1  17   17    -10.2    -2.3     5.1  -999.9     0.0    22.0     2.7   330.0
SUMMERSIDE  2017   1  18   18    -11.7    -3.6     5.2  -999.9     0.0     8.2     2.7   330.0
SUMMERSIDE  2017   1  19   19    -11.4    -1.4     5.8  -999.9     0.4    14.7     3.5   330.0
SUMMERSIDE  2017   1  20   20     -4.4    -1.4     3.2  -999.9     0.2    11.5     4.4   330.0
SUMMERSIDE  2017   1  21   21     -3.9    -1.1     3.2  -999.9     0.0    11.5     4.7   330.0
SUMMERSIDE  2017   1  22   22     -3.5     0.5     3.8  -999.9     0.2    19.0     4.9   330.0
SUMMERSIDE  2017   1  23   23    -10.9    -1.6     5.9  -999.9     0.0    13.5     3.1   330.0
SUMMERSIDE  2017   1  24   24    -11.0     0.2     6.6  -999.9     8.0    12.4     3.6   330.0
SUMMERSIDE  2017   1  25   25     -0.5     2.7     3.6  -999.9    35.9    11.7     6.5   330.0
SUMMERSIDE  2017   1  26   26     -0.7     2.5     3.6  -999.9     2.5    21.8     6.2   330.0
SUMMERSIDE  2017   1  27   27     -3.7     1.3     4.6  -999.9     0.0    31.9     4.3   330.0
SUMMERSIDE  2017   1  28   28     -5.3    -1.3     4.1  -999.9     0.0    32.8     3.3   330.0
SUMMERSIDE  2017   1  29   29     -4.6     2.6     5.6  -999.9     0.0    22.6     4.4   330.0
SUMMERSIDE  2017   1  30   30     -8.4    -1.0     5.8  -999.9     0.0    10.3     3.5   330.0
SUMMERSIDE  2017   1  31   31    -13.3    -6.2     5.7  -999.9     0.0    11.3     2.4   330.0
SUMMERSIDE  2017   2   1   32    -14.6    -2.9     7.5  -999.9     0.2     6.4     2.6   330.0
SUMMERSIDE  2017   2   2   33    -10.8    -3.5     6.0  -999.9     0.9    11.3     3.2   330.0
SUMMERSIDE  2017   2   3   34    -18.2    -8.3     7.1  -999.9     0.2    22.3     1.5   330.0
SUMMERSIDE  2017   2   4   35    -18.7   -10.6     6.5  -999.9     0.0    14.5     1.3   330.0
SUMMERSIDE  2017   2   5   36    -16.9    -1.6     9.0  -999.9     1.5    16.2     2.4   330.0
SUMMERSIDE  2017   2   6   37    -14.8    -2.4     8.2  -999.9     0.2    25.8     2.3   330.0
SUMMERSIDE  2017   2   7   38    -18.5   -12.2     5.9  -999.9     0.2    18.0     1.1   330.0
SUMMERSIDE  2017   2   8   39    -12.6     2.5     9.3  -999.9    10.3    19.9     3.8   330.0
SUMMERSIDE  2017   2   9   40    -12.4    -3.7     7.2  -999.9     2.5    25.0     2.7   330.0
SUMMERSIDE  2017   2  10   41    -16.3    -6.7     7.7  -999.9     0.9    34.8     2.1   330.0
SUMMERSIDE  2017   2  11   42    -24.2   -12.4     8.6  -999.9     0.0    11.4     1.1   330.0
SUMMERSIDE  2017   2  12   43    -26.6    -7.0    11.3  -999.9     0.2     8.5     1.4   330.0
SUMMERSIDE  2017   2  13   44     -7.5    -3.6     5.1  -999.9     2.3    44.6     3.7   330.0
SUMMERSIDE  2017   2  14   45     -5.9    -3.8     3.8  -999.9     0.2    34.1     4.0   330.0
SUMMERSIDE  2017   2  15   46     -5.7    -2.0     5.1  -999.9     0.3     9.5     4.2   330.0
SUMMERSIDE  2017   2  16   47     -4.3    -2.1     4.0  -999.9     4.7    41.7     4.7   330.0
SUMMERSIDE  2017   2  17   48     -4.7    -0.7     5.5  -999.9     0.0    28.8     4.2   330.0
SUMMERSIDE  2017   2  18   49     -7.9    -0.1     7.7  -999.9     0.0    20.1     3.3   330.0
SUMMERSIDE  2017   2  19   50     -3.3     1.3     6.0  -999.9     0.0    16.1     5.0   330.0
SUMMERSIDE  2017   2  20   51     -7.2    -2.1     6.4  -999.9     0.5    22.3     3.9   330.0
SUMMERSIDE  2017   2  21   52    -12.2    -2.5     9.0  -999.9     0.2    12.6     2.9   330.0
SUMMERSIDE  2017   2  22   53     -7.0     3.9     9.7  -999.9     0.0    13.7     4.7   330.0
SUMMERSIDE  2017   2  23   54     -6.2     4.8     9.9  -999.9     0.0    17.8     5.1   330.0
SUMMERSIDE  2017   2  24   55      1.0     9.3     8.7  -999.9     3.1    17.9     7.5   330.0
SUMMERSIDE  2017   2  25   56     -1.4     7.6     9.2  -999.9     2.6    16.4     7.3   330.0
SUMMERSIDE  2017   2  26   57     -4.2     8.4    11.0  -999.9    14.8    26.6     5.2   330.0
SUMMERSIDE  2017   2  27   58     -5.2     3.7     9.4  -999.9     0.0    25.9     3.8   330.0
SUMMERSIDE  2017   2  28   59     -6.4     1.5     8.9  -999.9     0.0    15.1     2.9   330.0
SUMMERSIDE  2017   3   1   60     -1.3     7.6     9.6  -999.9     0.8    27.9     7.0   330.0
SUMMERSIDE  2017   3   2   61     -0.4     5.7     8.1  -999.9     6.4    13.1     6.1   330.0
SUMMERSIDE  2017   3   3   62    -12.1    -4.6     9.1  -999.9     0.0    31.2     2.1   330.0
SUMMERSIDE  2017   3   4   63    -14.8   -11.0     6.5  -999.9     0.0    27.4     1.6   330.0
SUMMERSIDE  2017   3   5   64    -12.6    -4.7     9.6  -999.9     0.0    32.6     2.3   330.0
SUMMERSIDE  2017   3   6   65    -12.7    -3.7    10.3  -999.9     0.0    19.5     2.6   330.0
SUMMERSIDE  2017   3   7   66    -12.7     1.0    12.9  -999.9     0.0    11.9     3.2   330.0
SUMMERSIDE  2017   3   8   67     -0.9     6.6     9.7  -999.9     5.9    26.3     7.3   330.0
SUMMERSIDE  2017   3   9   68     -4.2     5.6    11.2  -999.9     0.6    26.2     5.3   330.0
SUMMERSIDE  2017   3  10   69    -12.4    -4.2    10.4  -999.9     0.0    26.2     1.8   330.0
SUMMERSIDE  2017   3  11   70    -18.9   -12.4     9.4  -999.9     0.0    32.0     1.0   330.0
SUMMERSIDE  2017   3  12   71    -18.8    -5.4    13.6  -999.9     0.0    27.8     1.4   330.0
SUMMERSIDE  2017   3  13   72     -9.8    -1.8    10.6  -999.9     0.0    13.6     3.1   330.0
SUMMERSIDE  2017   3  14   73     -9.0     1.5    12.3  -999.9     6.4    19.7     3.4   330.0
SUMMERSIDE  2017   3  15   74     -1.9     5.7    10.6  -999.9     0.5    26.7     6.2   330.0
SUMMERSIDE  2017   3  16   75     -3.7     0.6     8.1  -999.9     0.0    26.8     4.2   330.0
SUMMERSIDE  2017   3  17   76     -6.3    -1.9     8.3  -999.9     0.0    14.3     3.5   330.0
SUMMERSIDE  2017   3  18   77     -6.2     0.8    10.6  -999.9     0.0    12.2     4.1   330.0
SUMMERSIDE  2017   3  19   78     -7.5     2.9    13.0  -999.9     0.0     9.2     4.0   330.0
SUMMERSIDE  2017   3  20   79     -2.9    -0.3     6.6  -999.9     0.0    27.2     5.0   330.0
SUMMERSIDE  2017   3  21   80     -4.3     1.7    10.1  -999.9     0.0    19.3     4.9   330.0
SUMMERSIDE  2017   3  22   81     -7.3     5.0    14.7  -999.9     5.9    18.4     4.9   330.0
SUMMERSIDE  2017   3  23   82    -11.5    -6.7     9.3  -999.9     2.2    35.6     2.2   330.0
SUMMERSIDE  2017   3  24   83    -12.2    -1.5    14.0  -999.9     0.0    20.1     2.5   330.0
SUMMERSIDE  2017   3  25   84     -9.3     2.3    14.7  -999.9     0.0    17.7     3.9   330.0
SUMMERSIDE  2017   3  26   85    -11.3    -1.3    13.8  -999.9     0.0    14.6     2.1   330.0
SUMMERSIDE  2017   3  27   86    -11.7    -1.7    13.9  -999.9     1.4     8.8     2.9   330.0
SUMMERSIDE  2017   3  28   87     -4.2     0.9    10.1  -999.9     0.2    14.6     4.7   330.0
SUMMERSIDE  2017   3  29   88     -2.4    -0.5     6.2  -999.9     0.9    16.0     5.1   330.0
SUMMERSIDE  2017   3  30   89     -1.8    -0.3     5.6  -999.9     0.0    40.9     4.8   330.0
SUMMERSIDE  2017   3  31   90     -7.5    -0.6    12.1  -999.9     0.0    30.1     3.8   330.0
SUMMERSIDE  2017   4   1   91     -8.3     1.0    14.1  -999.9     0.0    14.9     4.1   330.0
SUMMERSIDE  2017   4   2   92     -3.4     0.2     8.9  -999.9     0.2    14.2     5.1   330.0
SUMMERSIDE  2017   4   3   93     -2.9     2.2    10.7  -999.9     0.0    20.6     5.1   330.0
SUMMERSIDE  2017   4   4   94     -4.3     2.2    12.2  -999.9     0.0    14.2     4.8   330.0
SUMMERSIDE  2017   4   5   95     -2.2     5.3    13.2  -999.9     0.0    15.2     5.5   330.0
SUMMERSIDE  2017   4   6   96      0.0     8.8    14.4  -999.9     3.1    18.2     7.0   330.0
SUMMERSIDE  2017   4   7   97      3.6    16.3    17.5  -999.9     5.9    29.2    11.2   330.0
SUMMERSIDE  2017   4   8   98      2.0     8.0    12.1  -999.9     0.0    23.3     7.7   330.0
SUMMERSIDE  2017   4   9   99      0.2     7.9    13.8  -999.9     0.3    11.6     6.7   330.0
SUMMERSIDE  2017   4  10  100     -0.1    13.2    18.3  -999.9     0.0    22.2     7.0   330.0
SUMMERSIDE  2017   4  11  101      1.3    16.7    19.9  -999.9     0.2    21.5     8.6   330.0
SUMMERSIDE  2017   4  12  102      1.2     8.5    13.8  -999.9     1.0    14.3     7.9   330.0
SUMMERSIDE  2017   4  13  103      1.3     9.4    14.7  -999.9     0.0    19.6     7.5   330.0
SUMMERSIDE  2017   4  14  104     -0.3     8.0    15.0  -999.9     0.0    10.3     6.3   330.0
SUMMERSIDE  2017   4  15  105      1.3    12.9    17.8  -999.9     0.0    19.5     5.6   330.0
SUMMERSIDE  2017   4  16  106      1.2    10.0    15.7  -999.9    12.3    22.7     8.2   330.0
SUMMERSIDE  2017   4  17  107     -1.3     1.5     8.9  -999.9     1.5    27.3     5.8   330.0
SUMMERSIDE  2017   4  18  108     -5.3     2.5    15.0  -999.9     0.0    24.6     3.7   330.0
SUMMERSIDE  2017   4  19  109     -7.1     3.7    17.7  -999.9     0.0    11.0     3.7   330.0
SUMMERSIDE  2017   4  20  110     -0.4     3.7    11.0  -999.9     0.0    14.8     5.5   330.0
SUMMERSIDE  2017   4  21  111     -1.5     4.8    13.7  -999.9     0.0    17.6     5.4   330.0
SUMMERSIDE  2017   4  22  112     -1.4     5.8    14.8  -999.9     1.3    10.5     5.5   330.0
SUMMERSIDE  2017   4  23  113      0.7     6.4    13.3  -999.9     0.5    13.3     7.0   330.0
SUMMERSIDE  2017   4  24  114     -2.2    10.5    19.9  -999.9     0.0    17.8     6.1   330.0
SUMMERSIDE  2017   4  25  115     -2.9     7.5    18.1  -999.9     0.0    12.5     4.0   330.0
SUMMERSIDE  2017   4  26  116      5.2    12.7    15.5  -999.9     4.0    25.0     9.2   330.0
SUMMERSIDE  2017   4  27  117      9.8    21.2    19.2  -999.9     0.5    24.7    15.8   330.0
SUMMERSIDE  2017   4  28  118      8.2    18.3    18.2  -999.9     2.5    13.8    14.2   330.0
SUMMERSIDE  2017   4  29  119      5.0    18.8    21.4  -999.9     0.0    20.2    10.9   330.0
SUMMERSIDE  2017   4  30  120      2.1    10.3    16.6  -999.9     0.0    25.8     5.2   330.0
SUMMERSIDE  2017   5   1  121      2.7     9.1    14.8  -999.9     4.7    16.6     6.7   330.0
SUMMERSIDE  2017   5   2  122      3.7    13.6    18.5  -999.9     4.3    22.8    10.6   330.0
SUMMERSIDE  2017   5   3  123      6.7    15.4    17.4  -999.9     1.3    23.3    10.8   330.0
SUMMERSIDE  2017   5   4  124      4.8    15.7    19.6  -999.9     0.2    21.9     7.7   330.0
SUMMERSIDE  2017   5   5  125      5.0    17.7    21.3  -999.9     1.9    19.0     8.1   330.0
SUMMERSIDE  2017   5   6  126      7.8    15.6    16.7  -999.9    22.9    33.4    12.6   330.0
SUMMERSIDE  2017   5   7  127     14.1    19.0    13.3  -999.9    15.6    32.8    17.2   330.0
SUMMERSIDE  2017   5   8  128      4.6    18.9    22.9  -999.9     5.2    24.0    10.8   330.0
SUMMERSIDE  2017   5   9  129      4.0    10.5    15.5  -999.9    20.2    20.1     9.2   330.0
SUMMERSIDE  2017   5  10  130      4.4     6.8     9.5  -999.9    13.2    19.6     8.7   330.0
SUMMERSIDE  2017   5  11  131      3.1     7.1    12.3  -999.9     3.8    26.6     8.4   330.0
SUMMERSIDE  2017   5  12  132      1.3     8.4    16.4  -999.9     0.0    18.2     7.7   330.0
SUMMERSIDE  2017   5  13  133      1.2    14.8    22.8  -999.9     0.0    11.3     8.3   330.0
SUMMERSIDE  2017   5  14  134      4.1    17.8    23.0  -999.9     1.4    15.9     8.8   330.0
SUMMERSIDE  2017   5  15  135      4.1     9.9    15.0  -999.9    12.2    26.2     9.4   330.0
SUMMERSIDE  2017   5  16  136      3.6    12.7    18.9  -999.9     0.8    16.8     9.9   330.0
SUMMERSIDE  2017   5  17  137      7.9    20.4    22.2  -999.9     0.0    19.0     9.3   330.0
SUMMERSIDE  2017   5  18  138     10.9    26.3    24.8  -999.9     2.0    15.1    15.1   330.0
SUMMERSIDE  2017   5  19  139      8.9    27.1    27.0  -999.9     0.0    22.3    16.6   330.0
SUMMERSIDE  2017   5  20  140      6.7    12.4    15.2  -999.9     0.0    27.6     7.0   330.0
SUMMERSIDE  2017   5  21  141      5.5    12.0    16.3  -999.9     0.0    28.1     5.6   330.0
SUMMERSIDE  2017   5  22  142      5.2    19.0    23.8  -999.9     0.0    10.8     7.2   330.0
SUMMERSIDE  2017   5  23  143      7.8    13.3    15.1  -999.9     0.0    20.3    10.6   330.0
SUMMERSIDE  2017   5  24  144      5.5    17.5    22.3  -999.9     0.0    14.6    12.0   330.0
SUMMERSIDE  2017   5  25  145      4.9    12.5    17.8  -999.9     0.0    16.8     9.2   330.0
SUMMERSIDE  2017   5  26  146      5.4    10.2    14.2  -999.9    29.4    24.9     9.7   330.0
SUMMERSIDE  2017   5  27  147      5.0    10.4    15.1  -999.9     0.2    26.9     9.3   330.0
SUMMERSIDE  2017   5  28  148      5.2    14.3    19.6  -999.9     0.0    10.7     9.9   330.0
SUMMERSIDE  2017   5  29  149      4.9    10.5    15.5  -999.9     0.0    17.4     9.0   330.0
SUMMERSIDE  2017   5  30  150      3.3    17.3    24.5  -999.9     0.0    10.0     9.4   330.0
SUMMERSIDE  2017   5  31  151      7.4    14.5    17.5  -999.9     9.1    19.8    10.4   330.0
SUMMERSIDE  2017   6   1  152     10.0    19.9    20.7  -999.9     3.1    16.6    15.1   330.0
SUMMERSIDE  2017   6   2  153      7.8    17.4    20.4  -999.9     3.7     9.8    12.9   330.0
SUMMERSIDE  2017   6   3  154      6.7    16.5    20.7  -999.9     0.0    11.9    12.2   330.0
SUMMERSIDE  2017   6   4  155      6.5    11.4    14.6  -999.9     0.0    20.6    10.4   330.0
SUMMERSIDE  2017   6   5  156      3.9     8.5    14.2  -999.9     0.0    21.5     8.3   330.0
SUMMERSIDE  2017   6   6  157      5.4    13.5    18.9  -999.9     0.0    21.9    10.2   330.0
SUMMERSIDE  2017   6   7  158      6.6    19.2    23.6  -999.9     0.0    13.0    10.4   330.0
SUMMERSIDE  2017   6   8  159     10.3    25.7    26.1  -999.9     0.0    24.7    12.9   330.0
SUMMERSIDE  2017   6   9  160      9.8    14.6    14.6  -999.9    36.5    28.0    11.7   330.0
SUMMERSIDE  2017   6  10  161     11.1    20.2    20.1  -999.9     0.0    21.4    12.9   330.0
SUMMERSIDE  2017   6  11  162     11.4    24.7    24.3  -999.9     0.0    30.9    15.2   330.0
SUMMERSIDE  2017   6  12  163     12.0    24.4    23.5  -999.9     0.0    10.4    13.6   330.0
SUMMERSIDE  2017   6  13  164     12.5    27.2    25.6  -999.9     2.0    16.4    16.9   330.0
SUMMERSIDE  2017   6  14  165      7.9    14.6    17.3  -999.9     0.0    19.8     9.3   330.0
SUMMERSIDE  2017   6  15  166      6.5    17.8    22.5  -999.9     0.0    10.0    10.6   330.0
SUMMERSIDE  2017   6  16  167      4.7    18.8    25.1  -999.9     0.3    10.4    10.8   330.0
SUMMERSIDE  2017   6  17  168     12.4    17.9    15.7  -999.9     2.9    23.6    15.0   330.0
SUMMERSIDE  2017   6  18  169     16.4    23.6    18.0  -999.9     0.0    25.5    20.2   330.0
SUMMERSIDE  2017   6  19  170     17.1    22.7    15.9  -999.9     0.0    35.0    20.4   330.0
SUMMERSIDE  2017   6  20  171     14.0    22.1    19.1  -999.9     1.7    33.0    18.7   330.0
SUMMERSIDE  2017   6  21  172     13.4    24.2    22.0  -999.9     0.0    25.5    17.4   330.0
SUMMERSIDE  2017   6  22  173     12.4    24.3    23.1  -999.9     0.0    17.9    14.7   330.0
SUMMERSIDE  2017   6  23  174     14.2    24.6    21.6  -999.9     1.9    18.0    16.3   330.0
SUMMERSIDE  2017   6  24  175     15.7    20.2    14.2  -999.9    16.9    23.6    19.0   330.0
SUMMERSIDE  2017   6  25  176     14.6    25.2    21.8  -999.9     0.0    17.1    16.9   330.0
SUMMERSIDE  2017   6  26  177     13.0    24.4    22.6  -999.9     0.0    17.1    15.9   330.0
SUMMERSIDE  2017   6  27  178     10.7    24.0    24.4  -999.9     0.0    14.9    13.4   330.0
SUMMERSIDE  2017   6  28  179     13.8    22.1    19.2  -999.9     0.0    17.1    15.3   330.0
SUMMERSIDE  2017   6  29  180     12.4    23.2    21.9  -999.9     0.0    15.4    15.0   330.0
SUMMERSIDE  2017   6  30  181     14.0    19.6    15.8  -999.9     0.0    14.8    16.4   330.0
SUMMERSIDE  2017   7   1  182     14.0    20.1    16.4  -999.9     0.0    13.4    17.4   330.0
SUMMERSIDE  2017   7   2  183     16.2    23.4    17.8  -999.9     0.9    22.9    20.9   330.0
SUMMERSIDE  2017   7   3  184     16.1    26.0    20.9  -999.9     1.2    19.0    18.7   330.0
SUMMERSIDE  2017   7   4  185      9.9    19.5    20.5  -999.9     0.0    16.1    12.3   330.0
SUMMERSIDE  2017   7   5  186      8.8    24.0    25.8  -999.9     0.0    12.7    12.6   330.0
SUMMERSIDE  2017   7   6  187     15.0    24.6    20.5  -999.9     0.0    28.4    14.1   330.0
SUMMERSIDE  2017   7   7  188     16.0    26.0    20.9  -999.9     0.9    27.8    17.1   330.0
SUMMERSIDE  2017   7   8  189     16.6    24.4    18.4  -999.9     0.0    12.5    18.9   330.0
SUMMERSIDE  2017   7   9  190     16.5    26.3    20.6  -999.9     0.0    19.5    20.4   330.0
SUMMERSIDE  2017   7  10  191     15.8    24.6    19.5  -999.9     0.0    16.6    17.6   330.0
SUMMERSIDE  2017   7  11  192     17.0    25.1    18.6  -999.9     0.0    26.8    19.1   330.0
SUMMERSIDE  2017   7  12  193     11.2    22.9    22.3  -999.9     0.0    12.2    13.1   330.0
SUMMERSIDE  2017   7  13  194     11.6    21.2    20.2  -999.9     0.1     8.4    12.3   330.0
SUMMERSIDE  2017   7  14  195     12.3    24.3    22.5  -999.9     0.0    11.7    14.5   330.0
SUMMERSIDE  2017   7  15  196     14.0    23.4    19.9  -999.9     0.0    15.5    14.1   330.0
SUMMERSIDE  2017   7  16  197     15.6    26.9    21.7  -999.9     0.0    16.6    19.2   330.0
SUMMERSIDE  2017   7  17  198     16.3    28.0    22.0  -999.9     0.0     8.7    21.8   330.0
SUMMERSIDE  2017   7  18  199     16.8    25.6    19.1  -999.9     0.0    16.1    20.9   330.0
SUMMERSIDE  2017   7  19  200     17.3    27.4    20.4  -999.9     0.0    19.5    21.9   330.0
SUMMERSIDE  2017   7  20  201     18.3    27.2    19.0  -999.9     0.0    13.9    22.1   330.0
SUMMERSIDE  2017   7  21  202     15.4    29.0    23.5  -999.9    18.9    15.0    19.9   330.0
SUMMERSIDE  2017   7  22  203     10.9    22.9    22.0  -999.9     0.0    17.0    12.1   330.0
SUMMERSIDE  2017   7  23  204     10.2    21.0    20.8  -999.9     0.2    12.0    10.6   330.0
SUMMERSIDE  2017   7  24  205      9.1    21.8    22.4  -999.9     0.0    10.5    12.1   330.0
SUMMERSIDE  2017   7  25  206     10.8    20.9    19.9  -999.9     0.0    14.8    13.8   330.0
SUMMERSIDE  2017   7  26  207      8.9    24.0    24.3  -999.9     0.0    11.0    12.9   330.0
SUMMERSIDE  2017   7  27  208     15.0    20.7    14.9  -999.9     0.0    23.8    15.5   330.0
SUMMERSIDE  2017   7  28  209     13.8    22.9    18.7  -999.9     3.7    18.7    17.6   330.0
SUMMERSIDE  2017   7  29  210     11.9    22.6    20.2  -999.9     0.0     8.9    13.7   330.0
SUMMERSIDE  2017   7  30  211     11.7    21.8    19.5  -999.9     0.0     9.8    14.5   330.0
SUMMERSIDE  2017   7  31  212     13.9    28.0    23.0  -999.9     0.0    15.6    15.2   330.0
SUMMERSIDE  2017   8   1  213     12.3    25.4    22.0  -999.9     0.0    15.0    15.4   330.0
SUMMERSIDE  2017   8   2  214     10.7    28.3    25.4  -999.9     0.0    10.1    15.2   330.0
SUMMERSIDE  2017   8   3  215     17.2    27.5    19.4  -999.9     0.0    21.2    19.4   330.0
SUMMERSIDE  2017   8   4  216     17.7    28.0    19.3  -999.9     0.0    19.4    20.4   330.0
SUMMERSIDE  2017   8   5  217     18.2    28.9    19.5  -999.9     0.0    23.0    21.3   330.0
SUMMERSIDE  2017   8   6  218     14.4    24.1    18.5  -999.9    25.5    26.2    19.0   330.0
SUMMERSIDE  2017   8   7  219     13.3    23.4    18.8  -999.9     0.0    18.2    14.4   330.0
SUMMERSIDE  2017   8   8  220     11.5    17.7    14.6  -999.9     0.0     8.2    13.9   330.0
SUMMERSIDE  2017   8   9  221     11.0    23.7    20.8  -999.9     0.0    17.7    14.1   330.0
SUMMERSIDE  2017   8  10  222     15.1    25.4    18.7  -999.9     0.0    13.2    17.6   330.0
SUMMERSIDE  2017   8  11  223     14.2    26.5    20.3  -999.9     0.0     9.0    15.8   330.0
SUMMERSIDE  2017   8  12  224     16.7    20.1    10.6  -999.9    10.6    11.5    18.8   330.0
SUMMERSIDE  2017   8  13  225     15.8    23.5    15.9  -999.9     0.0    20.7    20.4   330.0
SUMMERSIDE  2017   8  14  226     14.4    26.0    19.3  -999.9     0.0    16.5    16.5   330.0
SUMMERSIDE  2017   8  15  227     15.6    26.5    18.6  -999.9     0.0    12.2    18.9   330.0
SUMMERSIDE  2017   8  16  228      9.1    24.2    21.8  -999.9     0.7    15.4    15.8   330.0
SUMMERSIDE  2017   8  17  229      9.4    20.8    18.8  -999.9     0.0    18.2    12.2   330.0
SUMMERSIDE  2017   8  18  230     12.5    19.5    14.6  -999.9     0.0    12.5    14.8   330.0
SUMMERSIDE  2017   8  19  231     15.5    19.6    11.1  -999.9     2.7    24.2    17.4   330.0
SUMMERSIDE  2017   8  20  232     15.8    24.0    15.6  -999.9     0.2    17.5    20.7   330.0
SUMMERSIDE  2017   8  21  233     15.0    26.5    18.4  -999.9     0.0    16.5    19.1   330.0
SUMMERSIDE  2017   8  22  234     18.2    26.8    15.8  -999.9     0.0    16.0    20.7   330.0
SUMMERSIDE  2017   8  23  235     17.1    22.8    12.8  -999.9     2.6    31.8    20.2   330.0
SUMMERSIDE  2017   8  24  236     14.6    24.5    16.7  -999.9     0.0    16.5    16.4   330.0
SUMMERSIDE  2017   8  25  237     11.2    22.1    17.4  -999.9     0.0     9.7    14.2   330.0
SUMMERSIDE  2017   8  26  238     11.1    20.3    15.8  -999.9     0.0    13.0    14.7   330.0
SUMMERSIDE  2017   8  27  239      7.8    19.2    17.5  -999.9     2.8     8.4    13.1   330.0
SUMMERSIDE  2017   8  28  240      7.1    22.1    19.9  -999.9     0.0     6.8    12.5   330.0
SUMMERSIDE  2017   8  29  241      8.4    24.2    20.3  -999.9     0.0    10.6    13.0   330.0
SUMMERSIDE  2017   8  30  242     12.0    21.1    15.3  -999.9     0.0     8.6    14.1   330.0
SUMMERSIDE  2017   8  31  243     10.2    24.2    18.8  -999.9     0.0    10.3    15.2   330.0
SUMMERSIDE  2017   9   1  244      8.1    17.8    15.5  -999.9     0.0    18.4    10.5   330.0
SUMMERSIDE  2017   9   2  245      5.9    15.9    15.6  -999.9     0.0    15.0    10.2   330.0
SUMMERSIDE  2017   9   3  246      5.3    19.8    18.6  -999.9     3.0    14.2    11.3   330.0
SUMMERSIDE  2017   9   4  247     13.5    18.9    11.3  -999.9     1.3    27.8    15.4   330.0
SUMMERSIDE  2017   9   5  248     14.9    23.7    14.2  -999.9     0.0    30.3    17.9   330.0
SUMMERSIDE  2017   9   6  249     18.5    26.4    13.4  -999.9    16.7    18.7    23.2   330.0
SUMMERSIDE  2017   9   7  250     15.4    22.3    12.4  -999.9    21.2    27.3    20.1   330.0
SUMMERSIDE  2017   9   8  251     12.4    21.8    14.3  -999.9     0.0    20.1    15.9   330.0
SUMMERSIDE  2017   9   9  252      9.7    20.7    15.3  -999.9     0.0    13.1    15.1   330.0
SUMMERSIDE  2017   9  10  253      9.0    17.2    13.1  -999.9     0.0    16.6    12.2   330.0
SUMMERSIDE  2017   9  11  254     11.5    16.9    10.5  -999.9     0.0    24.1    13.9   330.0
SUMMERSIDE  2017   9  12  255     10.3    18.5    12.9  -999.9     0.0    14.7    12.3   330.0
SUMMERSIDE  2017   9  13  256      7.9    25.7    18.8  -999.9     0.0    11.5    14.5   330.0
SUMMERSIDE  2017   9  14  257     14.0    25.9    15.2  -999.9     0.0    15.3    17.5   330.0
SUMMERSIDE  2017   9  15  258     11.5    19.0    11.9  -999.9     0.0    13.2    13.1   330.0
SUMMERSIDE  2017   9  16  259     13.6    24.7    14.4  -999.9     0.0    18.6    19.1   330.0
SUMMERSIDE  2017   9  17  260     13.1    17.6     9.1  -999.9     0.0     8.6    14.4   330.0
SUMMERSIDE  2017   9  18  261     14.2    20.2    10.3  -999.9     0.0    11.2    17.9   330.0
SUMMERSIDE  2017   9  19  262     17.0    20.4     7.7  -999.9     0.0    12.7    19.6   330.0
SUMMERSIDE  2017   9  20  263     13.3    23.8    13.4  -999.9     0.0    14.2    19.4   330.0
SUMMERSIDE  2017   9  21  264      5.4    18.6    14.8  -999.9     0.0    18.8    10.6   330.0
SUMMERSIDE  2017   9  22  265      3.6    20.1    16.4  -999.9     0.0     4.9    11.0   330.0
SUMMERSIDE  2017   9  23  266     11.4    26.5    15.5  -999.9     0.0    16.8    15.3   330.0
SUMMERSIDE  2017   9  24  267      8.5    21.6    14.3  -999.9     0.0     9.2    13.9   330.0
SUMMERSIDE  2017   9  25  268     11.3    21.8    12.6  -999.9     0.0    12.7    15.1   330.0
SUMMERSIDE  2017   9  26  269     13.3    29.4    15.5  -999.9     0.0    23.6    20.6   330.0
SUMMERSIDE  2017   9  27  270     11.4    20.8    11.7  -999.9    37.1    18.6    16.6   330.0
SUMMERSIDE  2017   9  28  271     17.1    20.6     7.0  -999.9     9.2    16.3    15.1   330.0
SUMMERSIDE  2017   9  29  272      7.0    11.7     8.1  -999.9     0.2    22.0     8.9   330.0
SUMMERSIDE  2017   9  30  273      1.7    12.0    11.8  -999.9     0.0    13.0     7.6   330.0
SUMMERSIDE  2017  10   1  274      5.7    16.7    12.0  -999.9     0.0    19.1     9.5   330.0
SUMMERSIDE  2017  10   2  275      6.0    11.0     8.0  -999.9     0.0    25.0     7.7   330.0
SUMMERSIDE  2017  10   3  276      3.4    12.8    10.9  -999.9     0.0    13.0     8.2   330.0
SUMMERSIDE  2017  10   4  277     10.7    20.9    11.2  -999.9     0.0    27.1    14.5   330.0
SUMMERSIDE  2017  10   5  278      9.6    18.6    10.4  -999.9     1.2    17.8    12.7   330.0
SUMMERSIDE  2017  10   6  279      5.7    16.8    11.4  -999.9     0.0    12.3     9.9   330.0
SUMMERSIDE  2017  10   7  280      2.6    17.8    13.1  -999.9     0.0    14.2     9.3   330.0
SUMMERSIDE  2017  10   8  281     15.6    21.2     7.9  -999.9     3.5    34.0    18.2   330.0
SUMMERSIDE  2017  10   9  282     14.0    20.6     8.4  -999.9    21.0    10.9    17.5   330.0
SUMMERSIDE  2017  10  10  283     12.0    21.1     9.8  -999.9     7.4    13.8    17.7   330.0
SUMMERSIDE  2017  10  11  284      4.8    13.1     9.2  -999.9     0.0    16.5     8.1   330.0
SUMMERSIDE  2017  10  12  285      1.0    11.0    10.0  -999.9     0.0    12.6     6.5   330.0
SUMMERSIDE  2017  10  13  286     -0.8    12.4    11.3  -999.9     0.0    11.8     6.4   330.0
SUMMERSIDE  2017  10  14  287      9.2    16.3     8.2  -999.9     0.0    25.1    12.3   330.0
SUMMERSIDE  2017  10  15  288      8.0    17.9     9.5  -999.9     0.0    20.3    13.0   330.0
SUMMERSIDE  2017  10  16  289      5.5    17.4    10.3  -999.9     0.4    26.5    10.8   330.0
SUMMERSIDE  2017  10  17  290      0.6     9.3     8.7  -999.9     0.0    14.8     6.3   330.0
SUMMERSIDE  2017  10  18  291      0.7    14.9    10.9  -999.9     0.0    21.2     6.9   330.0
SUMMERSIDE  2017  10  19  292      0.4    18.3    12.1  -999.9     0.0    21.5     8.3   330.0
SUMMERSIDE  2017  10  20  293      7.8    16.1     8.1  -999.9     0.0    25.5     8.7   330.0
SUMMERSIDE  2017  10  21  294     -0.4    10.6     9.2  -999.9     0.0    18.7     5.9   330.0
SUMMERSIDE  2017  10  22  295     -0.5     8.0     8.0  -999.9     0.0    11.6     6.2   330.0
SUMMERSIDE  2017  10  23  296      2.2    16.9    10.4  -999.9     0.0    16.6     9.7   330.0
SUMMERSIDE  2017  10  24  297     11.3    21.4     8.5  -999.9     0.0    19.2    15.9   330.0
SUMMERSIDE  2017  10  25  298     14.7    22.2     7.2  -999.9     0.0    28.5    18.0   330.0
SUMMERSIDE  2017  10  26  299     16.9    22.8     6.3  -999.9     8.5    35.1    18.1   330.0
SUMMERSIDE  2017  10  27  300      6.7    17.9     8.6  -999.9     0.0    26.8    10.9   330.0
SUMMERSIDE  2017  10  28  301      4.6    13.2     7.4  -999.9     0.0     8.4     9.2   330.0
SUMMERSIDE  2017  10  29  302      6.8    16.4     7.7  -999.9     0.0    12.5    11.1   330.0
SUMMERSIDE  2017  10  30  303     10.4    17.9     6.7  -999.9     3.4    34.9    13.9   330.0
SUMMERSIDE  2017  10  31  304      7.8    14.9     6.4  -999.9     0.0    28.9     9.6   330.0
SUMMERSIDE  2017  11   1  305     -0.7     9.7     7.7  -999.9     0.2    16.0     5.3   330.0
SUMMERSIDE  2017  11   2  306      0.1    13.5     8.6  -999.9     1.2    15.8     7.5   330.0
SUMMERSIDE  2017  11   3  307      7.6    18.8     7.8  -999.9    15.4    28.4    13.1   330.0
SUMMERSIDE  2017  11   4  308     -0.8     8.2     6.9  -999.9     0.0    26.9     5.0   330.0
SUMMERSIDE  2017  11   5  309     -3.9    10.4     8.5  -999.9     0.0    17.0     5.3   330.0
SUMMERSIDE  2017  11   6  310      4.4    18.2     8.3  -999.9    27.7    35.4    11.8   330.0
SUMMERSIDE  2017  11   7  311      1.7     6.3     4.7  -999.9     2.1    15.9     6.5   330.0
SUMMERSIDE  2017  11   8  312      0.4     5.2     4.7  -999.9     0.0    15.4     5.2   330.0
SUMMERSIDE  2017  11   9  313      0.8     5.1     4.4  -999.9     0.0    10.0     5.4   330.0
SUMMERSIDE  2017  11  10  314     -5.3    10.8     8.4  -999.9     5.9    27.8     5.6   330.0
SUMMERSIDE  2017  11  11  315     -6.2     1.8     5.9  -999.9     0.0    29.0     3.0   330.0
SUMMERSIDE  2017  11  12  316     -8.3     0.5     6.1  -999.9     0.0     7.1     3.2   330.0
SUMMERSIDE  2017  11  13  317     -7.7     3.7     6.8  -999.9     0.0     5.0     3.7   330.0
SUMMERSIDE  2017  11  14  318      0.3     4.2     3.9  -999.9     0.0    24.6     5.1   330.0
SUMMERSIDE  2017  11  15  319      0.0     3.1     3.5  -999.9     0.0    12.8     4.8   330.0
SUMMERSIDE  2017  11  16  320      0.0     6.5     5.0  -999.9     3.8    16.1     6.0   330.0
SUMMERSIDE  2017  11  17  321      0.7     8.1     5.2  -999.9     6.0    30.4     7.7   330.0
SUMMERSIDE  2017  11  18  322     -1.2     3.1     3.9  -999.9     0.0    24.1     5.3   330.0
SUMMERSIDE  2017  11  19  323     -0.1    14.4     7.2  -999.9     9.9    24.9     9.2   330.0
SUMMERSIDE  2017  11  20  324     -5.1     4.4     5.7  -999.9     0.0    31.0     4.1   330.0
SUMMERSIDE  2017  11  21  325     -7.2     5.9     6.6  -999.9     0.0    25.3     4.2   330.0
SUMMERSIDE  2017  11  22  326      2.1    12.1     5.7  -999.9    26.1    19.1     9.1   330.0
SUMMERSIDE  2017  11  23  327     -2.7     5.3     5.1  -999.9    16.1    32.3     5.7   330.0
SUMMERSIDE  2017  11  24  328     -2.5     4.2     4.6  -999.9     0.0    17.7     4.8   330.0
SUMMERSIDE  2017  11  25  329      4.1    12.7     5.2  -999.9     0.0    25.2     8.5   330.0
SUMMERSIDE  2017  11  26  330     -2.6     7.1     5.4  -999.9     0.7    15.5     6.8   330.0
SUMMERSIDE  2017  11  27  331     -5.7    -1.7     3.4  -999.9     0.2    26.2     3.3   330.0
SUMMERSIDE  2017  11  28  332     -6.3     1.4     4.7  -999.9     0.0    19.5     3.7   330.0
SUMMERSIDE  2017  11  29  333     -2.1     7.8     5.3  -999.9     0.5    28.0     6.1   330.0
SUMMERSIDE  2017  11  30  334     -3.9     1.1     3.8  -999.9     0.0    15.8     4.0   330.0
SUMMERSIDE  2017  12   1  335      0.8     6.3     3.9  -999.9     4.1    18.0     7.2   330.0
SUMMERSIDE  2017  12   2  336      0.6     3.8     3.0  -999.9     0.0    17.5     6.1   330.0
SUMMERSIDE  2017  12   3  337     -0.3     1.6     2.3  -999.9     1.0     7.2     5.9   330.0
SUMMERSIDE  2017  12   4  338     -0.2     2.1     2.5  -999.9     3.9    21.5     6.3   330.0
SUMMERSIDE  2017  12   5  339     -1.4     3.7     3.6  -999.9     2.9    12.9     6.0   330.0
SUMMERSIDE  2017  12   6  340     -2.4     9.0     5.4  -999.9     4.6    33.1     6.9   330.0
SUMMERSIDE  2017  12   7  341     -3.3     3.7     4.2  -999.9     0.0    15.3     4.8   330.0
SUMMERSIDE  2017  12   8  342     -2.4     2.2     3.4  -999.9     0.0    15.5     4.4   330.0
SUMMERSIDE  2017  12   9  343     -2.3     3.6     3.8  -999.9     5.9    10.7     5.1   330.0
SUMMERSIDE  2017  12  10  344     -2.9     1.8     3.4  -999.9    14.7    22.4     5.6   330.0
SUMMERSIDE  2017  12  11  345     -7.1     0.2     4.2  -999.9     1.5    16.5     3.9   330.0
SUMMERSIDE  2017  12  12  346     -8.5     2.3     5.1  -999.9     4.0    15.3     4.2   330.0
SUMMERSIDE  2017  12  13  347     -5.3    11.5     6.4  -999.9     6.9    29.0     7.1   330.0
SUMMERSIDE  2017  12  14  348    -11.9    -3.8     4.4  -999.9     0.0    37.6     2.3   330.0
SUMMERSIDE  2017  12  15  349    -11.8    -5.8     3.8  -999.9     0.0    30.0     2.0   330.0
SUMMERSIDE  2017  12  16  350    -11.3    -6.5     3.4  -999.9     0.0    18.0     2.1   330.0
SUMMERSIDE  2017  12  17  351    -11.7    -7.5     3.1  -999.9     0.0    25.5     2.2   330.0
SUMMERSIDE  2017  12  18  352    -13.2    -4.4     4.5  -999.9     0.4    14.4     2.3   330.0
SUMMERSIDE  2017  12  19  353     -4.6     1.0     3.6  -999.9     6.4    11.7     5.1   330.0
SUMMERSIDE  2017  12  20  354     -7.7     1.3     4.6  -999.9     0.6    25.8     3.9   330.0
SUMMERSIDE  2017  12  21  355    -10.7    -7.5     2.7  -999.9     0.0    30.4     2.2   330.0
SUMMERSIDE  2017  12  22  356    -18.1    -7.9     4.9  -999.9     0.2    17.8     1.7   330.0
SUMMERSIDE  2017  12  23  357    -18.2     5.6     7.5  -999.9    13.3    11.8     3.2   330.0
SUMMERSIDE  2017  12  24  358     -8.2     6.4     5.9  -999.9     0.2    24.6     4.7   330.0
SUMMERSIDE  2017  12  25  359     -9.1    -0.8     4.4  -999.9     6.7    26.0     3.7   330.0
SUMMERSIDE  2017  12  26  360    -14.0    -5.7     4.4  -999.9     0.0    40.2     2.0   330.0
SUMMERSIDE  2017  12  27  361    -18.9   -13.9     3.5  -999.9     0.0    42.4     1.0   330.0
SUMMERSIDE  2017  12  28  362    -19.1   -10.2     4.6  -999.9     0.0    26.2     1.5   330.0
SUMMERSIDE  2017  12  29  363    -11.5    -9.4     2.3  -999.9     0.0    13.8     2.3   330.0
SUMMERSIDE  2017  12  30  364    -17.3    -9.6     4.3  -999.9     0.2    14.8     1.8   330.0
SUMMERSIDE  2017  12  31  365    -18.7   -13.0     3.8  -999.9     0.2    24.5     1.4   330.0
