SUMMERSIDE_A  1997   1   1    1    -16.0   -10.0     3.9  -999.9     0.0    11.5     1.8   330.0
SUMMERSIDE_A  1997   1   2    2    -12.0    -8.0     3.2  -999.9     4.0     9.8     1.8   330.0
SUMMERSIDE_A  1997   1   3    3    -13.1    -4.5     4.7  -999.9     3.0     1.4     2.6   330.0
SUMMERSIDE_A  1997   1   4    4     -9.0    -4.0     3.6  -999.9     1.0     3.6     3.1   330.0
SUMMERSIDE_A  1997   1   5    5    -12.0    -0.5     5.5  -999.9     7.0     0.0     3.1   330.0
SUMMERSIDE_A  1997   1   6    6     -7.0     0.4     4.4  -999.9     2.0     3.8     4.6   330.0
SUMMERSIDE_A  1997   1   7    7     -7.0    -3.0     3.3  -999.9     2.0    24.2     3.6   330.0
SUMMERSIDE_A  1997   1   8    8    -10.3    -3.0     4.5  -999.9     0.0    23.5     3.0   330.0
SUMMERSIDE_A  1997   1   9    9     -5.8    -0.4     3.9  -999.9     0.0    26.6     4.1   330.0
SUMMERSIDE_A  1997   1  10   10     -6.0     3.0     5.1  -999.9     5.0    21.0     5.1   330.0
SUMMERSIDE_A  1997   1  11   11     -2.5     0.5     2.9  -999.9     1.0    16.8     3.9   330.0
SUMMERSIDE_A  1997   1  12   12    -10.0    -4.0     4.2  -999.9     0.0    21.5     1.3   330.0
SUMMERSIDE_A  1997   1  13   13    -14.0     0.0     6.5  -999.9     0.0    14.4     3.2   330.0
SUMMERSIDE_A  1997   1  14   14     -9.0    -3.5     4.1  -999.9     0.0    20.6     3.1   330.0
SUMMERSIDE_A  1997   1  15   15    -11.0    -0.5     5.7  -999.9     0.0    21.0     2.9   330.0
SUMMERSIDE_A  1997   1  16   16     -8.0     7.6     7.1  -999.9     8.0    28.5     5.4   330.0
SUMMERSIDE_A  1997   1  17   17    -14.0    -2.0     6.3  -999.9     0.0    29.9     2.4   330.0
SUMMERSIDE_A  1997   1  18   18    -20.0   -10.0     5.8  -999.9     2.0    17.7     1.4   330.0
SUMMERSIDE_A  1997   1  19   19    -19.0    -8.5     6.0  -999.9     0.0    22.0     1.3   330.0
SUMMERSIDE_A  1997   1  20   20    -18.5    -3.0     7.4  -999.9     3.0    21.1     2.2   330.0
SUMMERSIDE_A  1997   1  21   21    -10.4    -5.0     4.4  -999.9     0.0    26.7     2.8   330.0
SUMMERSIDE_A  1997   1  22   22    -13.8     5.5     8.4  -999.9     1.6    32.8     3.8   330.0
SUMMERSIDE_A  1997   1  23   23     -5.1     5.6     6.3  -999.9     2.0    23.2     5.7   330.0
SUMMERSIDE_A  1997   1  24   24    -17.5    -3.0     7.5  -999.9     0.0     8.9     1.6   330.0
SUMMERSIDE_A  1997   1  25   25    -14.0     8.0     9.3  -999.9     3.8    33.0     4.6   330.0
SUMMERSIDE_A  1997   1  26   26     -6.0     2.5     5.9  -999.9     0.0    27.6     4.8   330.0
SUMMERSIDE_A  1997   1  27   27    -17.5    -9.0     5.9  -999.9     0.0    21.7     1.3   330.0
SUMMERSIDE_A  1997   1  28   28    -15.0     2.5     8.6  -999.9     6.0    31.8     3.2   330.0
SUMMERSIDE_A  1997   1  29   29    -14.0   -12.0     3.0  -999.9     0.0    26.1     1.4   330.0
SUMMERSIDE_A  1997   1  30   30    -22.0   -15.3     5.5  -999.9     0.0    17.1     0.8   330.0
SUMMERSIDE_A  1997   1  31   31    -17.0    -2.0     8.3  -999.9    11.0    12.4     2.3   330.0
SUMMERSIDE_A  1997   2   1   32     -8.0     1.0     6.5  -999.9    11.0    11.5     4.3   330.0
SUMMERSIDE_A  1997   2   2   33     -2.0     0.0     3.1  -999.9     0.0    17.0     5.2   330.0
SUMMERSIDE_A  1997   2   3   34    -12.0    -3.8     6.4  -999.9     1.0     4.6     2.9   330.0
SUMMERSIDE_A  1997   2   4   35    -16.0    -7.0     6.8  -999.9     0.0    14.6     1.9   330.0
SUMMERSIDE_A  1997   2   5   36    -14.5     3.5     9.8  -999.9    25.4    19.8     3.8   330.0
SUMMERSIDE_A  1997   2   6   37     -5.5    -1.5     4.7  -999.9     0.0    20.0     3.8   330.0
SUMMERSIDE_A  1997   2   7   38    -10.5    -2.5     6.7  -999.9     0.0    15.5     2.7   330.0
SUMMERSIDE_A  1997   2   8   39    -21.0   -12.0     7.2  -999.9     0.0    17.7     1.1   330.0
SUMMERSIDE_A  1997   2   9   40    -21.0    -6.0     9.4  -999.9     0.0    10.5     1.3   330.0
SUMMERSIDE_A  1997   2  10   41    -14.0    -2.8     8.3  -999.9     0.0    12.9     2.7   330.0
SUMMERSIDE_A  1997   2  11   42    -15.5   -12.0     4.7  -999.9     0.0    16.0     1.5   330.0
SUMMERSIDE_A  1997   2  12   43    -19.0    -3.5    10.0  -999.9    10.0     9.3     1.9   330.0
SUMMERSIDE_A  1997   2  13   44    -11.0    -7.0     5.2  -999.9     0.0    24.5     2.4   330.0
SUMMERSIDE_A  1997   2  14   45    -21.0     3.0    12.8  -999.9    13.0    19.7     2.4   330.0
SUMMERSIDE_A  1997   2  15   46     -5.5     2.0     7.3  -999.9     1.0    17.6     5.0   330.0
SUMMERSIDE_A  1997   2  16   47    -13.0    -6.5     6.9  -999.9     0.0    22.3     2.2   330.0
SUMMERSIDE_A  1997   2  17   48    -21.0   -10.0     9.1  -999.9     0.0     7.8     1.3   330.0
SUMMERSIDE_A  1997   2  18   49    -20.0     2.5    13.1  -999.9     2.0    25.2     2.8   330.0
SUMMERSIDE_A  1997   2  19   50     -3.8     2.5     7.1  -999.9    15.0     9.6     5.0   330.0
SUMMERSIDE_A  1997   2  20   51    -12.0    -4.0     8.1  -999.9     2.0    29.9     2.6   330.0
SUMMERSIDE_A  1997   2  21   52    -15.3     2.0    12.0  -999.9     3.0    28.1     3.4   330.0
SUMMERSIDE_A  1997   2  22   53    -10.0    -4.5     6.9  -999.9     0.0    25.2     3.2   330.0
SUMMERSIDE_A  1997   2  23   54    -12.5    -8.0     6.3  -999.9     1.0    23.7     2.4   330.0
SUMMERSIDE_A  1997   2  24   55    -16.0    -8.0     8.5  -999.9     0.0    11.0     1.8   330.0
SUMMERSIDE_A  1997   2  25   56    -19.5   -13.2     7.7  -999.9     0.0    19.3     1.0   330.0
SUMMERSIDE_A  1997   2  26   57    -18.0     1.0    13.5  -999.9     1.0    13.1     2.7   330.0
SUMMERSIDE_A  1997   2  27   58     -2.0     3.2     7.2  -999.9     5.0     7.1     6.1   330.0
SUMMERSIDE_A  1997   2  28   59     -9.0    -5.0     6.4  -999.9     0.0    16.1     2.9   330.0
SUMMERSIDE_A  1997   3   1   60    -15.0     3.0    13.7  -999.9     1.0    15.3     3.4   330.0
SUMMERSIDE_A  1997   3   2   61     -2.5     5.0     9.0  -999.9     2.2    20.4     6.5   330.0
SUMMERSIDE_A  1997   3   3   62     -7.0    -4.5     5.2  -999.9     0.0    19.9     2.9   330.0
SUMMERSIDE_A  1997   3   4   63    -14.5    -4.9    10.4  -999.9     0.0     3.6     2.2   330.0
SUMMERSIDE_A  1997   3   5   64     -8.5    -1.5     9.0  -999.9     1.0    10.9     3.8   330.0
SUMMERSIDE_A  1997   3   6   65     -8.5    -2.5     8.4  -999.9    31.0    23.7     3.9   330.0
SUMMERSIDE_A  1997   3   7   66     -9.0    -5.5     6.5  -999.9     0.0    29.2     2.6   330.0
SUMMERSIDE_A  1997   3   8   67    -16.5    -8.5    10.0  -999.9     0.0    19.7     1.6   330.0
SUMMERSIDE_A  1997   3   9   68    -21.0   -10.5    11.6  -999.9     0.0    14.4     1.1   330.0
SUMMERSIDE_A  1997   3  10   69    -20.5    -6.0    13.8  -999.9     3.0    16.9     1.5   330.0
SUMMERSIDE_A  1997   3  11   70     -8.0    -2.0     9.0  -999.9     1.0     2.3     3.6   330.0
SUMMERSIDE_A  1997   3  12   71     -7.5    -4.5     6.4  -999.9     2.0    11.2     3.4   330.0
SUMMERSIDE_A  1997   3  13   72    -14.5    -6.5    10.6  -999.9     0.0    36.4     1.8   330.0
SUMMERSIDE_A  1997   3  14   73    -11.5     0.0    12.9  -999.9     4.0    20.9     2.9   330.0
SUMMERSIDE_A  1997   3  15   74     -6.0     2.5    11.2  -999.9    27.2    18.4     5.4   330.0
SUMMERSIDE_A  1997   3  16   75    -10.5    -6.0     8.3  -999.9     0.0    24.7     2.4   330.0
SUMMERSIDE_A  1997   3  17   76    -12.5    -4.0    11.5  -999.9     5.0    25.2     2.2   330.0
SUMMERSIDE_A  1997   3  18   77     -8.0    -2.1     9.7  -999.9     0.0    19.2     3.6   330.0
SUMMERSIDE_A  1997   3  19   78    -11.9    -1.5    13.0  -999.9     0.0    23.9     2.8   330.0
SUMMERSIDE_A  1997   3  20   79    -10.5     1.0    13.9  -999.9     3.0    11.4     3.4   330.0
SUMMERSIDE_A  1997   3  21   80     -4.5     0.5     9.2  -999.9     2.0    19.7     4.9   330.0
SUMMERSIDE_A  1997   3  22   81    -13.0    -2.0    13.9  -999.9     5.0     9.3     2.7   330.0
SUMMERSIDE_A  1997   3  23   82    -10.0    -2.0    12.0  -999.9     0.0    20.8     2.7   330.0
SUMMERSIDE_A  1997   3  24   83    -11.1    -2.5    12.5  -999.9     0.0    22.1     2.7   330.0
SUMMERSIDE_A  1997   3  25   84     -9.0     0.0    13.0  -999.9     3.0    10.9     3.2   330.0
SUMMERSIDE_A  1997   3  26   85     -5.5     4.0    13.5  -999.9     1.4    28.6     5.5   330.0
SUMMERSIDE_A  1997   3  27   86     -2.3     3.0    10.2  -999.9     0.0    25.3     5.5   330.0
SUMMERSIDE_A  1997   3  28   87     -6.5     3.0    13.7  -999.9     0.0     7.1     4.4   330.0
SUMMERSIDE_A  1997   3  29   88     -3.0     6.0    13.5  -999.9     3.4    21.1     5.8   330.0
SUMMERSIDE_A  1997   3  30   89      0.0     6.0    11.1  -999.9    15.0    18.6     7.5   330.0
SUMMERSIDE_A  1997   3  31   90     -5.0    -2.0     8.0  -999.9     0.0    27.6     3.8   330.0
SUMMERSIDE_A  1997   4   1   91     -4.8    -2.0     7.8  -999.9    27.0    43.0     4.4   330.0
SUMMERSIDE_A  1997   4   2   92     -4.0    -2.5     5.7  -999.9    15.0    15.9     4.5   330.0
SUMMERSIDE_A  1997   4   3   93     -6.1    -2.0     9.6  -999.9     0.0    43.6     3.8   330.0
SUMMERSIDE_A  1997   4   4   94     -9.0    -0.5    13.9  -999.9     0.0    13.2     3.4   330.0
SUMMERSIDE_A  1997   4   5   95     -8.5     5.5    18.0  -999.9     0.0     9.1     4.3   330.0
SUMMERSIDE_A  1997   4   6   96     -2.5     6.2    14.3  -999.9     1.5    12.6     4.8   330.0
SUMMERSIDE_A  1997   4   7   97      1.0     7.1    12.1  -999.9     0.5    24.6     7.7   330.0
SUMMERSIDE_A  1997   4   8   98      0.2     4.8    10.6  -999.9     0.0    24.8     5.5   330.0
SUMMERSIDE_A  1997   4   9   99     -4.0     2.0    12.2  -999.9     1.0    22.4     3.7   330.0
SUMMERSIDE_A  1997   4  10  100     -4.5     0.0    10.7  -999.9     1.0    22.6     4.6   330.0
SUMMERSIDE_A  1997   4  11  101     -6.0     2.0    14.4  -999.9     0.0    21.9     4.0   330.0
SUMMERSIDE_A  1997   4  12  102     -4.0     5.5    15.8  -999.9     0.0    15.8     5.0   330.0
SUMMERSIDE_A  1997   4  13  103     -2.0     1.5     9.6  -999.9    11.0    18.9     6.0   330.0
SUMMERSIDE_A  1997   4  14  104     -1.8     1.5     9.4  -999.9     1.0    24.4     5.7   330.0
SUMMERSIDE_A  1997   4  15  105     -2.0     5.5    14.4  -999.9     0.0    28.1     5.1   330.0
SUMMERSIDE_A  1997   4  16  106     -1.2    10.5    18.1  -999.9     0.0    29.0     3.8   330.0
SUMMERSIDE_A  1997   4  17  107      0.0     7.0    14.1  -999.9     0.0    11.7     4.9   330.0
SUMMERSIDE_A  1997   4  18  108     -3.8     1.0    11.7  -999.9     0.0    21.4     4.1   330.0
SUMMERSIDE_A  1997   4  19  109     -2.0     1.5    10.1  -999.9     0.0    30.1     5.1   330.0
SUMMERSIDE_A  1997   4  20  110     -1.0     3.0    10.9  -999.9     0.0    29.2     5.9   330.0
SUMMERSIDE_A  1997   4  21  111     -0.5     7.4    15.4  -999.9     0.5    20.5     7.2   330.0
SUMMERSIDE_A  1997   4  22  112      0.2     7.6    15.0  -999.9     1.4     6.7     7.1   330.0
SUMMERSIDE_A  1997   4  23  113     -1.3     3.5    12.2  -999.9     0.0    16.7     6.3   330.0
SUMMERSIDE_A  1997   4  24  114     -1.0     7.2    16.0  -999.9     0.0    17.8     5.7   330.0
SUMMERSIDE_A  1997   4  25  115     -1.1     3.5    12.1  -999.9     0.0    28.7     5.4   330.0
SUMMERSIDE_A  1997   4  26  116     -3.0     5.5    16.5  -999.9     0.0    14.1     4.2   330.0
SUMMERSIDE_A  1997   4  27  117     -3.0     6.5    17.6  -999.9     0.0    14.8     4.1   330.0
SUMMERSIDE_A  1997   4  28  118     -1.0    11.0    19.9  -999.9    12.4    19.0     5.8   330.0
SUMMERSIDE_A  1997   4  29  119     -1.0     1.5     9.1  -999.9     8.4    27.8     6.2   330.0
SUMMERSIDE_A  1997   4  30  120     -1.0    11.7    20.7  -999.9     0.0    10.0     5.2   330.0
SUMMERSIDE_A  1997   5   1  121      1.5    17.5    23.3  -999.9     1.0    27.4     7.1   330.0
SUMMERSIDE_A  1997   5   2  122      8.0    12.0    11.7  -999.9     3.0    21.2    12.0   330.0
SUMMERSIDE_A  1997   5   3  123      1.0    12.5    20.0  -999.9     7.5    12.0     4.6   330.0
SUMMERSIDE_A  1997   5   4  124      3.7    13.0    18.1  -999.9     7.6    20.0    10.5   330.0
SUMMERSIDE_A  1997   5   5  125      1.0    12.1    19.9  -999.9     0.0    23.0     4.9   330.0
SUMMERSIDE_A  1997   5   6  126      2.8    15.5    21.4  -999.9     0.0    26.9     5.4   330.0
SUMMERSIDE_A  1997   5   7  127      4.0    10.0    14.8  -999.9     6.0    27.1     8.4   330.0
SUMMERSIDE_A  1997   5   8  128      1.5     7.5    14.8  -999.9     1.2    10.8     7.1   330.0
SUMMERSIDE_A  1997   5   9  129     -2.1     9.5    20.7  -999.9     0.2    14.7     5.9   330.0
SUMMERSIDE_A  1997   5  10  130      3.0     6.0    10.6  -999.9     2.3    14.7     7.9   330.0
SUMMERSIDE_A  1997   5  11  131      0.0    13.0    22.1  -999.9     0.0    15.1     6.1   330.0
SUMMERSIDE_A  1997   5  12  132      5.0    19.5    23.5  -999.9     0.3    25.5     7.4   330.0
SUMMERSIDE_A  1997   5  13  133      6.0    19.0    22.3  -999.9     6.6    22.3    10.6   330.0
SUMMERSIDE_A  1997   5  14  134      7.0    13.0    15.2  -999.9     7.1    23.0    11.9   330.0
SUMMERSIDE_A  1997   5  15  135      2.5    19.0    25.4  -999.9     2.6    19.2     7.5   330.0
SUMMERSIDE_A  1997   5  16  136      8.0    16.7    18.5  -999.9    13.2    18.4    13.9   330.0
SUMMERSIDE_A  1997   5  17  137      6.0    14.0    17.8  -999.9     0.0    36.2     8.2   330.0
SUMMERSIDE_A  1997   5  18  138      5.0    14.8    19.8  -999.9     0.0    16.4     9.0   330.0
SUMMERSIDE_A  1997   5  19  139      5.5    15.5    20.0  -999.9     0.0    13.2     6.5   330.0
SUMMERSIDE_A  1997   5  20  140      5.7    11.0    14.6  -999.9     4.4     5.7     9.2   330.0
SUMMERSIDE_A  1997   5  21  141      2.2    13.0    21.0  -999.9     1.6    16.2     9.0   330.0
SUMMERSIDE_A  1997   5  22  142      4.5     9.2    13.9  -999.9     0.0    11.4     8.4   330.0
SUMMERSIDE_A  1997   5  23  143      2.9     8.5    15.2  -999.9     0.4    24.4     7.4   330.0
SUMMERSIDE_A  1997   5  24  144      2.0    10.0    18.2  -999.9     0.0    21.3     6.2   330.0
SUMMERSIDE_A  1997   5  25  145      2.0    11.0    19.4  -999.9    32.6    19.1     7.8   330.0
SUMMERSIDE_A  1997   5  26  146      3.0     7.0    13.0  -999.9     0.5    15.0     8.8   330.0
SUMMERSIDE_A  1997   5  27  147      1.5    14.5    23.4  -999.9     0.0    13.2     6.0   330.0
SUMMERSIDE_A  1997   5  28  148      4.5    21.0    26.5  -999.9     0.0    13.0     7.3   330.0
SUMMERSIDE_A  1997   5  29  149      5.5    14.7    19.8  -999.9     0.0    13.3     6.2   330.0
SUMMERSIDE_A  1997   5  30  150      6.3    19.0    23.3  -999.9     4.2    20.4     8.5   330.0
SUMMERSIDE_A  1997   5  31  151      7.9    18.1    20.9  -999.9     1.6    22.3    13.1   330.0
SUMMERSIDE_A  1997   6   1  152      6.0    14.0    18.6  -999.9     0.0    17.2     9.6   330.0
SUMMERSIDE_A  1997   6   2  153      6.8    10.4    12.5  -999.9     0.0    21.1     6.5   330.0
SUMMERSIDE_A  1997   6   3  154      2.0    10.5    19.2  -999.9     0.0    20.6     7.9   330.0
SUMMERSIDE_A  1997   6   4  155      2.5    10.0    18.1  -999.9     0.0    19.0     8.0   330.0
SUMMERSIDE_A  1997   6   5  156      4.5     9.5    14.8  -999.9     1.2    27.0     8.6   330.0
SUMMERSIDE_A  1997   6   6  157      5.0     8.5    12.4  -999.9     1.2    21.6     9.1   330.0
SUMMERSIDE_A  1997   6   7  158      5.0    12.5    18.2  -999.9     0.0    19.9     8.5   330.0
SUMMERSIDE_A  1997   6   8  159      2.0    18.5    27.0  -999.9     0.0     7.8     6.4   330.0
SUMMERSIDE_A  1997   6   9  160      7.0    24.7    28.0  -999.9     0.0    20.0    10.2   330.0
SUMMERSIDE_A  1997   6  10  161     12.0    23.2    22.3  -999.9     4.0    17.7    14.0   330.0
SUMMERSIDE_A  1997   6  11  162      9.3    18.5    20.2  -999.9     0.0    21.3     6.9   330.0
SUMMERSIDE_A  1997   6  12  163      6.8    19.5    23.8  -999.9     1.0    13.5     7.8   330.0
SUMMERSIDE_A  1997   6  13  164      6.5    17.5    22.2  -999.9     2.5    15.3    13.1   330.0
SUMMERSIDE_A  1997   6  14  165     12.0    23.0    22.2  -999.9    19.2    16.4    16.4   330.0
SUMMERSIDE_A  1997   6  15  166      6.0    20.6    25.6  -999.9     0.0    20.5     7.7   330.0
SUMMERSIDE_A  1997   6  16  167      8.3    22.5    25.2  -999.9     0.0    25.5     9.7   330.0
SUMMERSIDE_A  1997   6  17  168     11.0    19.4    19.4  -999.9    16.4    24.4    16.5   330.0
SUMMERSIDE_A  1997   6  18  169     13.5    20.0    17.1  -999.9     0.4     5.6    18.6   330.0
SUMMERSIDE_A  1997   6  19  170     13.5    20.0    17.1  -999.9     2.4    20.3    18.2   330.0
SUMMERSIDE_A  1997   6  20  171     11.0    19.5    19.5  -999.9     0.0     7.2    10.0   330.0
SUMMERSIDE_A  1997   6  21  172     11.5    24.3    24.0  -999.9     0.0    19.4    13.2   330.0
SUMMERSIDE_A  1997   6  22  173     14.5    18.5    13.4  -999.9    17.8    13.6    18.3   330.0
SUMMERSIDE_A  1997   6  23  174     11.1    18.0    17.6  -999.9     2.2    22.6    15.9   330.0
SUMMERSIDE_A  1997   6  24  175      7.0    24.5    28.0  -999.9     3.4    11.7    13.1   330.0
SUMMERSIDE_A  1997   6  25  176      9.5    17.5    18.9  -999.9     4.4     8.7    11.5   330.0
SUMMERSIDE_A  1997   6  26  177     10.5    16.5    16.4  -999.9     6.8    25.8    14.2   330.0
SUMMERSIDE_A  1997   6  27  178     12.0    17.0    14.9  -999.9    15.4    22.6    14.9   330.0
SUMMERSIDE_A  1997   6  28  179      7.5    16.5    20.0  -999.9     0.0    15.2    10.9   330.0
SUMMERSIDE_A  1997   6  29  180     11.0    28.5    27.9  -999.9     2.0    14.8    15.8   330.0
SUMMERSIDE_A  1997   6  30  181     14.0    25.5    22.6  -999.9     0.0     8.6    16.5   330.0
SUMMERSIDE_A  1997   7   1  182     18.0    29.5    22.6  -999.9     0.0     4.5    18.7   330.0
SUMMERSIDE_A  1997   7   2  183     16.0    27.9    22.9  -999.9     0.0    19.0    16.5   330.0
SUMMERSIDE_A  1997   7   3  184     15.5    27.0    22.5  -999.9     0.0    26.1    19.3   330.0
SUMMERSIDE_A  1997   7   4  185     16.0    23.5    18.2  -999.9     2.2    26.4    19.6   330.0
SUMMERSIDE_A  1997   7   5  186     14.0    25.0    22.0  -999.9     0.0    21.2    15.2   330.0
SUMMERSIDE_A  1997   7   6  187     12.5    25.0    23.4  -999.9     0.0    25.6    11.4   330.0
SUMMERSIDE_A  1997   7   7  188     14.0    27.8    24.5  -999.9     0.0    14.1    15.0   330.0
SUMMERSIDE_A  1997   7   8  189     14.5    27.0    23.3  -999.9     0.0    13.9    14.3   330.0
SUMMERSIDE_A  1997   7   9  190     15.0    25.2    21.0  -999.9     1.8    16.1    19.3   330.0
SUMMERSIDE_A  1997   7  10  191     14.0    21.5    18.0  -999.9    14.0    15.0    18.3   330.0
SUMMERSIDE_A  1997   7  11  192     14.5    26.0    22.2  -999.9     0.0    22.1    15.4   330.0
SUMMERSIDE_A  1997   7  12  193     16.5    24.5    18.5  -999.9     0.0    16.4    13.7   330.0
SUMMERSIDE_A  1997   7  13  194     14.5    22.5    18.4  -999.9     0.0     8.8    14.1   330.0
SUMMERSIDE_A  1997   7  14  195     16.5    24.8    18.7  -999.9     0.0    22.0    17.8   330.0
SUMMERSIDE_A  1997   7  15  196      9.5    18.3    19.2  -999.9     0.0    22.1     9.1   330.0
SUMMERSIDE_A  1997   7  16  197     10.0    23.5    23.7  -999.9     2.3    13.3    12.1   330.0
SUMMERSIDE_A  1997   7  17  198     15.0    28.5    23.7  -999.9     7.8    21.1    19.7   330.0
SUMMERSIDE_A  1997   7  18  199     15.3    28.0    22.9  -999.9     8.6    14.2    19.9   330.0
SUMMERSIDE_A  1997   7  19  200     16.0    21.0    14.3  -999.9    20.6     3.9    18.9   330.0
SUMMERSIDE_A  1997   7  20  201     12.0    17.5    15.0  -999.9     0.0    16.8    11.9   330.0
SUMMERSIDE_A  1997   7  21  202     11.5    24.5    22.9  -999.9     0.0    21.7    11.9   330.0
SUMMERSIDE_A  1997   7  22  203     12.5    21.0    18.5  -999.9     0.0    13.3    11.9   330.0
SUMMERSIDE_A  1997   7  23  204     11.5    20.0    18.4  -999.9     0.0    14.6    11.3   330.0
SUMMERSIDE_A  1997   7  24  205     12.5    25.6    22.8  -999.9     0.0    11.2    12.1   330.0
SUMMERSIDE_A  1997   7  25  206     12.5    24.7    21.9  -999.9     0.0    15.7    11.5   330.0
SUMMERSIDE_A  1997   7  26  207     14.0    28.0    23.4  -999.9     0.0    13.0    15.9   330.0
SUMMERSIDE_A  1997   7  27  208     15.5    24.5    18.7  -999.9     0.0    12.8    17.5   330.0
SUMMERSIDE_A  1997   7  28  209     16.5    23.5    16.4  -999.9     5.0    21.2    19.9   330.0
SUMMERSIDE_A  1997   7  29  210     13.8    20.5    16.0  -999.9     0.6    20.5    12.3   330.0
SUMMERSIDE_A  1997   7  30  211     12.5    22.0    18.9  -999.9     0.0    10.9    12.1   330.0
SUMMERSIDE_A  1997   7  31  212     14.5    27.6    22.1  -999.9     0.0    17.7    14.6   330.0
SUMMERSIDE_A  1997   8   1  213     15.2    27.5    21.4  -999.9     0.0    19.8    15.8   330.0
SUMMERSIDE_A  1997   8   2  214     17.0    27.0    19.2  -999.9     0.3    16.6    17.9   330.0
SUMMERSIDE_A  1997   8   3  215     16.8    23.7    15.8  -999.9     0.0     9.4    17.4   330.0
SUMMERSIDE_A  1997   8   4  216     13.7    21.0    16.2  -999.9     0.0    11.9    11.3   330.0
SUMMERSIDE_A  1997   8   5  217     13.0    17.0    11.9  -999.9    13.2    11.4    15.6   330.0
SUMMERSIDE_A  1997   8   6  218     11.3    20.0    17.5  -999.9     0.0    11.4    12.9   330.0
SUMMERSIDE_A  1997   8   7  219     12.0    24.3    20.7  -999.9     0.0    19.1    13.3   330.0
SUMMERSIDE_A  1997   8   8  220     13.8    23.0    17.8  -999.9     0.0    11.6    13.9   330.0
SUMMERSIDE_A  1997   8   9  221     13.5    23.0    18.0  -999.9     4.6    14.4    16.3   330.0
SUMMERSIDE_A  1997   8  10  222     16.0    24.0    16.4  -999.9     0.5    13.8    18.9   330.0
SUMMERSIDE_A  1997   8  11  223     16.5    27.0    18.7  -999.9     0.4    20.1    18.2   330.0
SUMMERSIDE_A  1997   8  12  224     16.0    21.8    13.8  -999.9     0.6    12.9    16.1   330.0
SUMMERSIDE_A  1997   8  13  225     11.0    20.5    17.6  -999.9     1.6    10.7    11.9   330.0
SUMMERSIDE_A  1997   8  14  226     12.8    17.8    12.7  -999.9    11.8    14.3    16.4   330.0
SUMMERSIDE_A  1997   8  15  227     14.0    22.4    16.4  -999.9     0.0    14.8    14.3   330.0
SUMMERSIDE_A  1997   8  16  228     14.0    19.0    12.5  -999.9     9.4    10.4    16.4   330.0
SUMMERSIDE_A  1997   8  17  229     15.0    27.5    19.7  -999.9     7.2    17.3    21.4   330.0
SUMMERSIDE_A  1997   8  18  230     11.0    21.0    17.5  -999.9     2.6    16.1    11.0   330.0
SUMMERSIDE_A  1997   8  19  231     12.0    19.1    14.6  -999.9     0.5    16.1    13.4   330.0
SUMMERSIDE_A  1997   8  20  232      8.5    19.0    17.7  -999.9     0.0     6.2    10.3   330.0
SUMMERSIDE_A  1997   8  21  233     10.0    21.1    18.1  -999.9     0.0    11.0    12.6   330.0
SUMMERSIDE_A  1997   8  22  234     12.5    21.0    15.7  -999.9     4.6    21.7    13.5   330.0
SUMMERSIDE_A  1997   8  23  235     15.0    23.5    15.6  -999.9     2.2     8.3    19.0   330.0
SUMMERSIDE_A  1997   8  24  236     11.0    23.0    18.4  -999.9     0.2    18.0    15.5   330.0
SUMMERSIDE_A  1997   8  25  237     13.5    23.0    16.2  -999.9     0.4     5.7    15.4   330.0
SUMMERSIDE_A  1997   8  26  238     13.5    24.0    16.9  -999.9     0.0     5.1    16.4   330.0
SUMMERSIDE_A  1997   8  27  239     13.0    25.0    18.0  -999.9     0.0     3.7    16.7   330.0
SUMMERSIDE_A  1997   8  28  240     15.0    23.1    14.6  -999.9     0.0    14.3    17.6   330.0
SUMMERSIDE_A  1997   8  29  241     13.8    22.4    15.0  -999.9     0.0    12.4    17.4   330.0
SUMMERSIDE_A  1997   8  30  242     15.0    20.0    11.3  -999.9     1.0    23.8    17.4   330.0
SUMMERSIDE_A  1997   8  31  243     12.0    21.8    15.7  -999.9     0.0     7.2    14.9   330.0
SUMMERSIDE_A  1997   9   1  244     14.5    22.2    13.8  -999.9     0.0    15.8    17.9   330.0
SUMMERSIDE_A  1997   9   2  245     15.0    23.0    14.0  -999.9     0.0    18.6    20.0   330.0
SUMMERSIDE_A  1997   9   3  246     12.5    22.0    15.1  -999.9    20.8    19.2    18.7   330.0
SUMMERSIDE_A  1997   9   4  247      8.0    18.1    15.4  -999.9     0.0    11.4    12.6   330.0
SUMMERSIDE_A  1997   9   5  248      7.1    20.0    17.3  -999.9     0.0    20.0    13.0   330.0
SUMMERSIDE_A  1997   9   6  249     12.0    23.5    16.1  -999.9     0.0    21.9    15.8   330.0
SUMMERSIDE_A  1997   9   7  250     14.5    23.0    13.7  -999.9     2.3    16.6    16.9   330.0
SUMMERSIDE_A  1997   9   8  251     15.0    19.0     9.3  -999.9     0.0    14.3    17.7   330.0
SUMMERSIDE_A  1997   9   9  252     14.5    18.0     8.7  -999.9     2.0    18.0    17.6   330.0
SUMMERSIDE_A  1997   9  10  253     14.5    18.3     8.9  -999.9     1.2    19.8    17.5   330.0
SUMMERSIDE_A  1997   9  11  254     12.5    16.2     8.7  -999.9     0.0    11.7    14.6   330.0
SUMMERSIDE_A  1997   9  12  255     11.0    21.0    14.2  -999.9     3.2     9.0    14.2   330.0
SUMMERSIDE_A  1997   9  13  256     15.2    18.2     7.7  -999.9     1.2     3.1    18.8   330.0
SUMMERSIDE_A  1997   9  14  257     13.0    21.0    12.5  -999.9     2.8     2.5    16.5   330.0
SUMMERSIDE_A  1997   9  15  258     14.3    23.5    13.2  -999.9     0.0    16.8    19.2   330.0
SUMMERSIDE_A  1997   9  16  259     12.0    20.0    12.2  -999.9     1.6    14.7    10.2   330.0
SUMMERSIDE_A  1997   9  17  260      8.5    16.0    11.7  -999.9     0.0    13.2     9.9   330.0
SUMMERSIDE_A  1997   9  18  261      8.0    18.0    13.4  -999.9     2.6    14.6    13.5   330.0
SUMMERSIDE_A  1997   9  19  262     12.0    23.0    13.9  -999.9     2.6    18.9    15.4   330.0
SUMMERSIDE_A  1997   9  20  263     13.5    19.0     9.7  -999.9    37.0    17.6    18.5   330.0
SUMMERSIDE_A  1997   9  21  264      7.0    12.5     9.6  -999.9     6.5    20.7     9.7   330.0
SUMMERSIDE_A  1997   9  22  265      5.0    15.0    12.8  -999.9     0.0    21.7     7.2   330.0
SUMMERSIDE_A  1997   9  23  266      6.5    12.5     9.8  -999.9     6.6    18.7    11.1   330.0
SUMMERSIDE_A  1997   9  24  267      3.5    11.0    10.8  -999.9     0.0    24.6     6.7   330.0
SUMMERSIDE_A  1997   9  25  268      2.0    14.5    13.8  -999.9     0.0    23.8     8.0   330.0
SUMMERSIDE_A  1997   9  26  269      9.5    15.3     9.3  -999.9     6.4     6.5    12.9   330.0
SUMMERSIDE_A  1997   9  27  270      5.0    13.0    10.8  -999.9     0.0    13.0     8.3   330.0
SUMMERSIDE_A  1997   9  28  271      5.0    18.0    13.6  -999.9     0.0    14.2    10.8   330.0
SUMMERSIDE_A  1997   9  29  272     10.5    19.5    11.2  -999.9     1.2    21.2    15.2   330.0
SUMMERSIDE_A  1997   9  30  273     12.0    20.5    10.7  -999.9     0.8    28.3    13.5   330.0
SUMMERSIDE_A  1997  10   1  274      6.5    14.0     9.9  -999.9     0.0    14.6    10.2   330.0
SUMMERSIDE_A  1997  10   2  275      4.5    10.4     8.7  -999.9     0.5    16.4     7.8   330.0
SUMMERSIDE_A  1997  10   3  276      2.2    12.5    11.4  -999.9     0.0     8.7     7.1   330.0
SUMMERSIDE_A  1997  10   4  277      2.5    15.5    12.6  -999.9     0.0     5.3     8.3   330.0
SUMMERSIDE_A  1997  10   5  278      6.5    15.0    10.1  -999.9     3.1    11.4     9.9   330.0
SUMMERSIDE_A  1997  10   6  279      9.5    17.0     9.3  -999.9     0.8    14.5    13.2   330.0
SUMMERSIDE_A  1997  10   7  280     10.0    13.5     6.3  -999.9     0.4    26.4    10.1   330.0
SUMMERSIDE_A  1997  10   8  281      5.5    10.8     7.6  -999.9     0.0    27.4     6.5   330.0
SUMMERSIDE_A  1997  10   9  282     -0.5    10.5    10.9  -999.9     0.0     9.1     5.7   330.0
SUMMERSIDE_A  1997  10  10  283      7.5    15.2     9.0  -999.9     0.0    28.4    10.9   330.0
SUMMERSIDE_A  1997  10  11  284      6.0    11.5     7.5  -999.9     0.0    25.3     6.7   330.0
SUMMERSIDE_A  1997  10  12  285      3.0     8.5     7.4  -999.9     0.0    19.6     6.2   330.0
SUMMERSIDE_A  1997  10  13  286     -1.0     9.2     9.9  -999.9     0.0    15.7     6.1   330.0
SUMMERSIDE_A  1997  10  14  287      0.5    10.0     9.4  -999.9     0.0    13.4     7.5   330.0
SUMMERSIDE_A  1997  10  15  288      5.5    12.1     7.8  -999.9     0.0    11.9     9.6   330.0
SUMMERSIDE_A  1997  10  16  289      7.3    11.4     6.0  -999.9     0.0    22.0     9.8   330.0
SUMMERSIDE_A  1997  10  17  290      6.5    11.5     6.6  -999.9     0.0    21.7     9.6   330.0
SUMMERSIDE_A  1997  10  18  291      3.5     9.7     7.2  -999.9     0.2    10.8     8.3   330.0
SUMMERSIDE_A  1997  10  19  292      2.0    11.5     8.8  -999.9     0.2    12.6     7.9   330.0
SUMMERSIDE_A  1997  10  20  293      3.3    10.0     7.3  -999.9     0.0    17.0     7.6   330.0
SUMMERSIDE_A  1997  10  21  294      3.5    10.0     7.1  -999.9     0.0    14.9     7.5   330.0
SUMMERSIDE_A  1997  10  22  295     -0.5     9.0     8.5  -999.9     1.2    15.9     5.5   330.0
SUMMERSIDE_A  1997  10  23  296      0.0     4.5     5.7  -999.9     0.0    22.3     4.8   330.0
SUMMERSIDE_A  1997  10  24  297     -2.2     6.0     7.6  -999.9     0.0    16.8     4.3   330.0
SUMMERSIDE_A  1997  10  25  298     -2.5     8.0     8.5  -999.9     0.0    21.2     4.6   330.0
SUMMERSIDE_A  1997  10  26  299     -3.0     6.0     7.8  -999.9     0.0    14.5     4.7   330.0
SUMMERSIDE_A  1997  10  27  300     -1.0     8.5     7.9  -999.9    21.5    13.8     7.4   330.0
SUMMERSIDE_A  1997  10  28  301      0.0     9.7     7.9  -999.9     3.1    11.8     8.6   330.0
SUMMERSIDE_A  1997  10  29  302      1.0     4.5     4.6  -999.9     0.0    20.2     5.7   330.0
SUMMERSIDE_A  1997  10  30  303      1.0     7.5     6.2  -999.9     0.0    12.3     7.1   330.0
SUMMERSIDE_A  1997  10  31  304      1.0     8.0     6.4  -999.9     0.0     6.2     6.1   330.0
SUMMERSIDE_A  1997  11   1  305      2.0    11.5     7.3  -999.9     2.5    12.5     8.4   330.0
SUMMERSIDE_A  1997  11   2  306      4.5    17.3     8.4  -999.9     8.0    25.4    12.7   330.0
SUMMERSIDE_A  1997  11   3  307     10.3    17.5     6.2  -999.9     0.0    27.0    13.3   330.0
SUMMERSIDE_A  1997  11   4  308      6.0    11.5     5.4  -999.9    13.8    14.0     9.0   330.0
SUMMERSIDE_A  1997  11   5  309      7.0    11.9     5.0  -999.9     0.0    27.7    10.0   330.0
SUMMERSIDE_A  1997  11   6  310      2.0     8.5     5.7  -999.9     0.0    13.8     6.7   330.0
SUMMERSIDE_A  1997  11   7  311     -1.1     5.5     5.6  -999.9     0.0     6.9     5.7   330.0
SUMMERSIDE_A  1997  11   8  312     -2.0     7.5     6.7  -999.9     8.2    15.7     5.7   330.0
SUMMERSIDE_A  1997  11   9  313      4.0     9.0     4.8  -999.9     3.4    21.3     9.7   330.0
SUMMERSIDE_A  1997  11  10  314      5.5    10.5     4.7  -999.9     8.6     8.0    10.8   330.0
SUMMERSIDE_A  1997  11  11  315      3.2     6.5     3.8  -999.9     2.4     9.2     7.0   330.0
SUMMERSIDE_A  1997  11  12  316     -1.0     1.7     3.4  -999.9     0.0    21.6     5.1   330.0
SUMMERSIDE_A  1997  11  13  317     -4.6     1.5     5.0  -999.9     0.0    33.4     3.2   330.0
SUMMERSIDE_A  1997  11  14  318     -4.0     3.0     5.3  -999.9     1.6    12.6     4.4   330.0
SUMMERSIDE_A  1997  11  15  319     -1.0     2.7     3.8  -999.9     2.8    27.7     6.4   330.0
SUMMERSIDE_A  1997  11  16  320     -3.5    -1.0     3.1  -999.9     0.0     5.2     4.3   330.0
SUMMERSIDE_A  1997  11  17  321     -6.5     0.0     4.9  -999.9     0.0    24.8     3.9   330.0
SUMMERSIDE_A  1997  11  18  322     -6.5    -1.5     4.3  -999.9     0.0    15.1     2.9   330.0
SUMMERSIDE_A  1997  11  19  323     -7.0     4.0     6.2  -999.9     0.0    13.0     4.0   330.0
SUMMERSIDE_A  1997  11  20  324     -2.0     4.0     4.6  -999.9     0.0    11.6     6.0   330.0
SUMMERSIDE_A  1997  11  21  325     -4.5     4.5     5.5  -999.9     6.8    19.6     4.8   330.0
SUMMERSIDE_A  1997  11  22  326     -1.0     1.5     2.9  -999.9     0.0    22.8     5.3   330.0
SUMMERSIDE_A  1997  11  23  327     -3.5     1.0     3.8  -999.9     0.0     7.6     4.6   330.0
SUMMERSIDE_A  1997  11  24  328     -3.0     2.8     4.3  -999.9     3.0    10.6     4.8   330.0
SUMMERSIDE_A  1997  11  25  329     -5.2     0.0     4.0  -999.9     1.0    18.5     4.0   330.0
SUMMERSIDE_A  1997  11  26  330     -4.0     3.5     4.8  -999.9     1.6    15.0     5.4   330.0
SUMMERSIDE_A  1997  11  27  331     -1.5     0.5     2.4  -999.9    25.0    34.2     5.8   330.0
SUMMERSIDE_A  1997  11  28  332     -6.7    -2.0     3.7  -999.9     0.0    20.2     3.6   330.0
SUMMERSIDE_A  1997  11  29  333     -9.0    -1.0     4.8  -999.9     0.0    27.0     3.4   330.0
SUMMERSIDE_A  1997  11  30  334     -4.2     1.2     3.9  -999.9     0.0    20.2     4.3   330.0
SUMMERSIDE_A  1997  12   1  335     -6.1     1.0     4.4  -999.9    12.0     6.7     4.4   330.0
SUMMERSIDE_A  1997  12   2  336     -1.5     4.5     4.0  -999.9    28.0    33.9     6.6   330.0
SUMMERSIDE_A  1997  12   3  337     -1.0     4.0     3.7  -999.9     0.0    33.1     6.2   330.0
SUMMERSIDE_A  1997  12   4  338     -3.0     1.0     3.3  -999.9     0.0    15.4     4.8   330.0
SUMMERSIDE_A  1997  12   5  339     -3.5     2.0     3.8  -999.9     1.0     2.7     5.2   330.0
SUMMERSIDE_A  1997  12   6  340     -1.0     2.5     3.0  -999.9     9.4    25.6     6.3   330.0
SUMMERSIDE_A  1997  12   7  341     -2.0     1.5     3.0  -999.9     5.0    15.1     5.5   330.0
SUMMERSIDE_A  1997  12   8  342     -2.0     1.2     2.8  -999.9     2.3    29.0     5.7   330.0
SUMMERSIDE_A  1997  12   9  343     -3.0    -1.0     2.2  -999.9     0.0     5.2     4.8   330.0
SUMMERSIDE_A  1997  12  10  344    -10.5    -2.0     4.6  -999.9     0.0     4.5     3.2   330.0
SUMMERSIDE_A  1997  12  11  345     -4.5    -1.9     2.5  -999.9     0.0    23.1     4.2   330.0
SUMMERSIDE_A  1997  12  12  346    -12.5    -1.0     5.3  -999.9     0.0    10.2     2.9   330.0
SUMMERSIDE_A  1997  12  13  347     -9.0     0.0     4.6  -999.9     0.0    17.2     3.8   330.0
SUMMERSIDE_A  1997  12  14  348     -5.5     0.0     3.6  -999.9     1.0    18.4     4.4   330.0
SUMMERSIDE_A  1997  12  15  349    -16.0   -14.0     2.2  -999.9     0.0    31.3     1.2   330.0
SUMMERSIDE_A  1997  12  16  350    -18.5     1.0     6.8  -999.9     0.0    14.3     2.4   330.0
SUMMERSIDE_A  1997  12  17  351     -7.0     3.8     5.0  -999.9     0.0    16.7     4.7   330.0
SUMMERSIDE_A  1997  12  18  352     -5.5    -1.8     2.9  -999.9     0.0    17.9     3.5   330.0
SUMMERSIDE_A  1997  12  19  353    -11.2    -0.4     5.0  -999.9     0.0    13.9     3.2   330.0
SUMMERSIDE_A  1997  12  20  354     -8.5    -5.5     2.7  -999.9     0.0    12.9     2.6   330.0
SUMMERSIDE_A  1997  12  21  355    -11.0    -8.0     2.7  -999.9     0.0    18.0     2.0   330.0
SUMMERSIDE_A  1997  12  22  356    -13.0    -6.9     3.8  -999.9     0.0    18.0     2.1   330.0
SUMMERSIDE_A  1997  12  23  357    -14.2    -4.0     4.9  -999.9     0.0     0.7     2.2   330.0
SUMMERSIDE_A  1997  12  24  358     -9.0    -0.6     4.4  -999.9     0.0     6.0     3.5   330.0
SUMMERSIDE_A  1997  12  25  359     -5.5    -0.5     3.7  -999.9     8.0     4.5     4.6   330.0
SUMMERSIDE_A  1997  12  26  360     -3.0     1.0     3.1  -999.9     2.0     5.1     5.8   330.0
SUMMERSIDE_A  1997  12  27  361     -2.0     0.0     2.2  -999.9     0.0     5.6     5.1   330.0
SUMMERSIDE_A  1997  12  28  362     -9.3    -4.0     3.3  -999.9     8.0     8.7     3.7   330.0
SUMMERSIDE_A  1997  12  29  363    -15.5     2.5     6.6  -999.9    10.0    21.2     2.9   330.0
SUMMERSIDE_A  1997  12  30  364     -5.1     6.0     5.2  -999.9     1.0    28.1     6.0   330.0
SUMMERSIDE_A  1997  12  31  365     -4.3    -1.0     2.9  -999.9     0.0    24.8     4.3   330.0
