SUMMERSIDE  2000   1   1    1    -15.7    -1.2     6.0  -999.9     0.0    14.8     2.0   330.0
SUMMERSIDE  2000   1   2    2     -4.0     2.5     4.0  -999.9     0.0    13.1     4.1   330.0
SUMMERSIDE  2000   1   3    3     -5.3     7.5     5.7  -999.9     0.0    26.3     4.6   330.0
SUMMERSIDE  2000   1   4    4     -5.4    11.7     6.7  -999.9     4.8    22.3     5.5   330.0
SUMMERSIDE  2000   1   5    5    -11.5     8.5     7.2  -999.9     0.0    30.3     3.6   330.0
SUMMERSIDE  2000   1   6    6    -12.1    -5.2     4.3  -999.9     0.0    21.0     1.7   330.0
SUMMERSIDE  2000   1   7    7     -5.3     2.6     4.6  -999.9     0.0    26.4     3.8   330.0
SUMMERSIDE  2000   1   8    8    -10.4    -0.2     5.3  -999.9     0.0    23.9     2.7   330.0
SUMMERSIDE  2000   1   9    9     -9.2    -0.7     4.9  -999.9     0.0    16.0     3.1   330.0
SUMMERSIDE  2000   1  10   10     -8.2    -0.9     4.6  -999.9     2.4    11.5     3.1   330.0
SUMMERSIDE  2000   1  11   11     -1.0     7.2     4.9  -999.9     8.2    38.7     5.2   330.0
SUMMERSIDE  2000   1  12   12     -7.7     3.8     5.8  -999.9     0.0    32.9     3.4   330.0
SUMMERSIDE  2000   1  13   13    -12.5    -6.3     4.3  -999.9     0.0    25.1     1.6   330.0
SUMMERSIDE  2000   1  14   14    -16.2   -12.4     3.4  -999.9     2.5    30.3     1.2   330.0
SUMMERSIDE  2000   1  15   15    -18.1   -16.0     2.6  -999.9     0.0    27.4     0.9   330.0
SUMMERSIDE  2000   1  16   16    -19.2    -7.5     6.1  -999.9     0.0    13.5     1.3   330.0
SUMMERSIDE  2000   1  17   17     -7.5    -4.2     3.3  -999.9     3.9    45.3     2.7   330.0
SUMMERSIDE  2000   1  18   18     -9.0    -5.2     3.6  -999.9     1.0    36.5     2.6   330.0
SUMMERSIDE  2000   1  19   19    -15.0    -8.8     4.6  -999.9     0.0    12.1     1.6   330.0
SUMMERSIDE  2000   1  20   20    -16.7    -7.0     5.8  -999.9     0.0     8.7     1.7   330.0
SUMMERSIDE  2000   1  21   21    -18.8    -1.5     7.9  -999.9     1.7    42.5     2.1   330.0
SUMMERSIDE  2000   1  22   22    -17.8   -10.1     5.3  -999.9     0.0    38.8     1.4   330.0
SUMMERSIDE  2000   1  23   23    -18.2   -12.6     4.6  -999.9     0.0    22.1     1.1   330.0
SUMMERSIDE  2000   1  24   24    -16.1    -3.9     6.9  -999.9     3.1    12.8     2.0   330.0
SUMMERSIDE  2000   1  25   25     -4.4     6.2     6.5  -999.9    20.4    19.2     4.9   330.0
SUMMERSIDE  2000   1  26   26      1.3     7.7     5.1  -999.9     2.8    24.5     6.0   330.0
SUMMERSIDE  2000   1  27   27     -9.8     2.4     7.1  -999.9     4.0    19.7     3.5   330.0
SUMMERSIDE  2000   1  28   28    -13.6    -7.4     5.1  -999.9     0.0    25.3     1.9   330.0
SUMMERSIDE  2000   1  29   29    -11.1    -4.2     5.5  -999.9     0.7    20.8     2.5   330.0
SUMMERSIDE  2000   1  30   30    -10.1    -1.6     6.2  -999.9     0.0    14.8     2.7   330.0
SUMMERSIDE  2000   1  31   31     -8.9     3.8     7.7  -999.9    10.6    23.9     3.8   330.0
SUMMERSIDE  2000   2   1   32     -5.6     0.6     5.4  -999.9     1.0    37.0     3.3   330.0
SUMMERSIDE  2000   2   2   33     -7.0    -4.2     3.7  -999.9     0.0    18.3     2.9   330.0
SUMMERSIDE  2000   2   3   34     -9.3    -3.7     5.3  -999.9     0.0    20.3     2.6   330.0
SUMMERSIDE  2000   2   4   35    -16.3    -9.3     6.0  -999.9     0.0    12.9     1.4   330.0
SUMMERSIDE  2000   2   5   36    -15.8    -5.0     7.6  -999.9     0.0    16.2     1.6   330.0
SUMMERSIDE  2000   2   6   37    -16.6    -8.0     6.9  -999.9     0.0    24.8     1.2   330.0
SUMMERSIDE  2000   2   7   38    -14.9    -1.2     8.8  -999.9     0.0    27.4     2.0   330.0
SUMMERSIDE  2000   2   8   39    -19.5    -9.1     7.8  -999.9     0.0    28.8     1.0   330.0
SUMMERSIDE  2000   2   9   40     -9.3     2.5     8.4  -999.9     2.1    38.5     3.0   330.0
SUMMERSIDE  2000   2  10   41    -13.3    -4.4     7.4  -999.9     0.0    17.9     1.7   330.0
SUMMERSIDE  2000   2  11   42    -11.3     0.7     8.7  -999.9     3.8    24.5     2.7   330.0
SUMMERSIDE  2000   2  12   43    -16.0    -2.7     9.3  -999.9     0.7    24.5     1.9   330.0
SUMMERSIDE  2000   2  13   44    -16.2    -3.4     9.2  -999.9     0.0    15.4     1.8   330.0
SUMMERSIDE  2000   2  14   45     -7.6     5.9     9.6  -999.9    31.9    23.9     4.2   330.0
SUMMERSIDE  2000   2  15   46     -7.2     5.0     9.3  -999.9     2.6    18.5     4.2   330.0
SUMMERSIDE  2000   2  16   47    -10.5     0.2     8.8  -999.9     0.0    18.5     2.8   330.0
SUMMERSIDE  2000   2  17   48    -18.5     0.2    11.8  -999.9     0.0    31.8     2.0   330.0
SUMMERSIDE  2000   2  18   49    -20.1   -10.4     8.6  -999.9     0.0    18.6     1.0   330.0
SUMMERSIDE  2000   2  19   50    -12.1    -5.5     7.2  -999.9     0.0    11.5     1.8   330.0
SUMMERSIDE  2000   2  20   51    -15.5    -3.9     9.7  -999.9     0.0     4.2     2.0   330.0
SUMMERSIDE  2000   2  21   52    -12.3    -5.6     7.5  -999.9     0.6    25.0     1.8   330.0
SUMMERSIDE  2000   2  22   53    -15.3    -4.6     9.6  -999.9     0.0     8.5     1.5   330.0
SUMMERSIDE  2000   2  23   54     -6.2     4.2     9.6  -999.9     1.0    35.6     3.6   330.0
SUMMERSIDE  2000   2  24   55     -2.3     8.1     9.7  -999.9     0.0    22.0     4.5   330.0
SUMMERSIDE  2000   2  25   56     -9.3    -2.3     8.1  -999.9     0.0    17.6     2.4   330.0
SUMMERSIDE  2000   2  26   57     -9.6     0.9    10.0  -999.9     0.0    12.5     2.7   330.0
SUMMERSIDE  2000   2  27   58     -0.8     6.8     8.7  -999.9     0.0    33.3     5.5   330.0
SUMMERSIDE  2000   2  28   59      3.7    10.6     8.4  -999.9     0.0    26.6     7.5   330.0
SUMMERSIDE  2000   2  29   60     -0.4    12.3    11.5  -999.9     0.0    22.2     6.6   330.0
SUMMERSIDE  2000   3   1   61     -1.3    -0.2     3.4  -999.9     0.0    29.0     4.5   330.0
SUMMERSIDE  2000   3   2   62     -1.7    -0.1     4.2  -999.9     0.0    15.7     4.5   330.0
SUMMERSIDE  2000   3   3   63     -1.1     0.0     3.5  -999.9     0.8    25.8     4.6   330.0
SUMMERSIDE  2000   3   4   64     -2.4    -0.3     4.9  -999.9     1.3    29.8     4.3   330.0
SUMMERSIDE  2000   3   5   65     -2.7    -0.7     4.9  -999.9     0.0    16.5     4.1   330.0
SUMMERSIDE  2000   3   6   66     -4.5     0.3     7.7  -999.9     2.2    19.8     3.8   330.0
SUMMERSIDE  2000   3   7   67     -5.3     2.3     9.8  -999.9     0.0     8.6     3.8   330.0
SUMMERSIDE  2000   3   8   68     -4.3     0.8     8.1  -999.9     0.0    17.3     3.7   330.0
SUMMERSIDE  2000   3   9   69     -3.5     6.0    11.2  -999.9    19.1    21.7     4.5   330.0
SUMMERSIDE  2000   3  10   70     -6.3     4.6    12.1  -999.9    10.7    35.6     3.9   330.0
SUMMERSIDE  2000   3  11   71     -5.9    -2.0     7.3  -999.9     4.0    14.2     2.7   330.0
SUMMERSIDE  2000   3  12   72     -3.4     8.5    13.0  -999.9    30.8    27.7     5.3   330.0
SUMMERSIDE  2000   3  13   73     -5.6     0.0     9.0  -999.9     0.0    24.2     3.3   330.0
SUMMERSIDE  2000   3  14   74     -7.7     0.5    11.0  -999.9     0.7    18.6     2.3   330.0
SUMMERSIDE  2000   3  15   75     -0.5     7.8    11.2  -999.9     1.6    27.8     5.1   330.0
SUMMERSIDE  2000   3  16   76     -2.8     8.7    13.4  -999.9     1.6    24.2     5.0   330.0
SUMMERSIDE  2000   3  17   77     -8.4    -2.5     9.7  -999.9     1.6    25.7     2.9   330.0
SUMMERSIDE  2000   3  18   78     -9.3    -7.3     5.7  -999.9     1.0    46.2     2.1   330.0
SUMMERSIDE  2000   3  19   79     -7.3    -2.4     9.1  -999.9     1.2    28.7     2.7   330.0
SUMMERSIDE  2000   3  20   80     -6.9     0.1    10.9  -999.9     0.0     4.6     3.3   330.0
SUMMERSIDE  2000   3  21   81     -4.7     1.7    10.6  -999.9     0.0     3.7     3.7   330.0
SUMMERSIDE  2000   3  22   82     -5.3     8.6    15.8  -999.9     0.0     2.5     3.9   330.0
SUMMERSIDE  2000   3  23   83     -0.7     9.4    13.6  -999.9     0.0     5.3     4.4   330.0
SUMMERSIDE  2000   3  24   84     -1.1     7.9    13.0  -999.9     1.0    26.1     4.4   330.0
SUMMERSIDE  2000   3  25   85     -3.2     4.7    12.3  -999.9     0.0    12.6     3.4   330.0
SUMMERSIDE  2000   3  26   86      1.4     7.7    11.1  -999.9     0.0    13.2     5.4   330.0
SUMMERSIDE  2000   3  27   87      0.0    11.3    15.0  -999.9     0.0    11.5     5.9   330.0
SUMMERSIDE  2000   3  28   88      0.9    13.2    15.8  -999.9     6.8    25.6     5.8   330.0
SUMMERSIDE  2000   3  29   89      3.6    14.2    14.8  -999.9     3.7    19.9     7.8   330.0
SUMMERSIDE  2000   3  30   90      2.5     9.8    12.4  -999.9     0.8    27.4     5.8   330.0
SUMMERSIDE  2000   3  31   91      1.3     6.3    10.4  -999.9     0.0    11.9     5.5   330.0
SUMMERSIDE  2000   4   1   92      0.5     8.6    13.3  -999.9     0.0    16.7     4.8   330.0
SUMMERSIDE  2000   4   2   93     -0.5    12.6    17.1  -999.9     0.0    20.5     4.9   330.0
SUMMERSIDE  2000   4   3   94      4.3    13.9    14.8  -999.9     0.0    18.1     6.7   330.0
SUMMERSIDE  2000   4   4   95      4.5    11.0    12.3  -999.9     1.0    22.1     7.4   330.0
SUMMERSIDE  2000   4   5   96      1.4    11.2    15.2  -999.9     0.0    27.3     6.8   330.0
SUMMERSIDE  2000   4   6   97      0.7    10.6    15.4  -999.9     0.0    35.6     4.7   330.0
SUMMERSIDE  2000   4   7   98     -0.2     8.1    14.3  -999.9     0.0    13.3     4.7   330.0
SUMMERSIDE  2000   4   8   99      1.4    12.1    16.3  -999.9     0.0    21.0     6.3   330.0
SUMMERSIDE  2000   4   9  100      5.1    18.6    18.5  -999.9     0.0    42.5     8.7   330.0
SUMMERSIDE  2000   4  10  101     -0.3     6.5    13.2  -999.9     0.0    40.9     4.5   330.0
SUMMERSIDE  2000   4  11  102     -1.7     6.3    14.5  -999.9     0.0    21.0     3.1   330.0
SUMMERSIDE  2000   4  12  103     -1.1     6.2    13.9  -999.9     0.0    29.3     5.0   330.0
SUMMERSIDE  2000   4  13  104     -0.7     4.5    11.9  -999.9     0.0    33.1     3.8   330.0
SUMMERSIDE  2000   4  14  105     -1.0     8.4    16.1  -999.9     0.0    32.2     2.8   330.0
SUMMERSIDE  2000   4  15  106      3.8     6.4     8.5  -999.9     0.0    17.8     5.9   330.0
SUMMERSIDE  2000   4  16  107     -1.9     4.1    13.0  -999.9     0.0    15.6     4.9   330.0
SUMMERSIDE  2000   4  17  108     -2.5     1.7    11.0  -999.9     0.0    13.3     3.5   330.0
SUMMERSIDE  2000   4  18  109     -3.1     5.8    16.1  -999.9     0.0    10.6     3.3   330.0
SUMMERSIDE  2000   4  19  110     -1.2     8.7    17.1  -999.9     0.0    11.8     3.7   330.0
SUMMERSIDE  2000   4  20  111      0.2     3.9    10.5  -999.9     0.0    12.0     5.2   330.0
SUMMERSIDE  2000   4  21  112     -0.4     3.9    11.4  -999.9     0.0    23.7     4.7   330.0
SUMMERSIDE  2000   4  22  113     -0.3     6.2    14.2  -999.9     0.0    10.7     5.0   330.0
SUMMERSIDE  2000   4  23  114      3.0    13.0    17.7  -999.9     0.0    16.4     7.5   330.0
SUMMERSIDE  2000   4  24  115      0.0     6.6    14.5  -999.9     5.5    26.0     5.8   330.0
SUMMERSIDE  2000   4  25  116      0.0     1.3     6.5  -999.9    11.3    36.9     4.4   330.0
SUMMERSIDE  2000   4  26  117      0.4     3.8    10.5  -999.9     0.0    30.7     4.4   330.0
SUMMERSIDE  2000   4  27  118      1.1     2.9     7.7  -999.9     8.1    20.2     5.2   330.0
SUMMERSIDE  2000   4  28  119      1.4     5.2    11.2  -999.9     0.0     6.4     5.6   330.0
SUMMERSIDE  2000   4  29  120      1.8     7.4    13.7  -999.9     0.0    15.3     6.1   330.0
SUMMERSIDE  2000   4  30  121      0.8     4.3    10.9  -999.9     3.1    23.0     5.4   330.0
SUMMERSIDE  2000   5   1  122      0.5    11.5    19.5  -999.9     0.7    16.2     5.1   330.0
SUMMERSIDE  2000   5   2  123      2.7     8.6    14.3  -999.9     1.5    21.7     5.8   330.0
SUMMERSIDE  2000   5   3  124      2.0    10.9    17.7  -999.9     0.0    18.1     4.1   330.0
SUMMERSIDE  2000   5   4  125      3.4    15.4    20.7  -999.9     0.1    34.1     5.1   330.0
SUMMERSIDE  2000   5   5  126      4.9    15.5    19.5  -999.9     0.6    23.4     6.8   330.0
SUMMERSIDE  2000   5   6  127      2.7     7.5    13.2  -999.9     0.8    11.4     4.9   330.0
SUMMERSIDE  2000   5   7  128      4.1     9.6    14.2  -999.9     4.6    31.7     6.2   330.0
SUMMERSIDE  2000   5   8  129      3.4    15.7    21.3  -999.9     1.6    24.8     6.6   330.0
SUMMERSIDE  2000   5   9  130      1.9     6.3    12.8  -999.9     3.4    14.0     4.2   330.0
SUMMERSIDE  2000   5  10  131      2.0    10.6    18.0  -999.9     0.0    11.3     6.0   330.0
SUMMERSIDE  2000   5  11  132      4.1    10.7    15.8  -999.9    17.6    23.5     9.1   330.0
SUMMERSIDE  2000   5  12  133      3.1     5.0     8.5  -999.9     1.5    35.8     7.9   330.0
SUMMERSIDE  2000   5  13  134      1.2     4.6    11.5  -999.9     0.6    21.2     6.8   330.0
SUMMERSIDE  2000   5  14  135      1.2    11.3    19.8  -999.9     1.4     1.5     8.9   330.0
SUMMERSIDE  2000   5  15  136      7.2    17.9    20.5  -999.9     0.2     3.8    12.6   330.0
SUMMERSIDE  2000   5  16  137      2.2    10.9    18.6  -999.9     1.1     8.0     9.1   330.0
SUMMERSIDE  2000   5  17  138      0.5    17.4    26.0  -999.9     0.7     1.3     9.4   330.0
SUMMERSIDE  2000   5  18  139      7.7    17.1    19.4  -999.9    18.5    28.2    11.4   330.0
SUMMERSIDE  2000   5  19  140      5.0    12.9    17.9  -999.9     8.3    18.0     8.6   330.0
SUMMERSIDE  2000   5  20  141      1.6    11.4    20.0  -999.9     1.4     8.4     6.5   330.0
SUMMERSIDE  2000   5  21  142      1.0    16.6    25.3  -999.9     0.7     0.0     7.6   330.0
SUMMERSIDE  2000   5  22  143      7.0    21.5    24.5  -999.9     0.0     0.6     8.9   330.0
SUMMERSIDE  2000   5  23  144      6.8    14.0    17.3  -999.9    16.6    10.1     9.6   330.0
SUMMERSIDE  2000   5  24  145      6.6    13.8    17.3  -999.9     4.5    10.4    12.1   330.0
SUMMERSIDE  2000   5  25  146      5.9    13.9    18.3  -999.9    20.8    11.0    11.8   330.0
SUMMERSIDE  2000   5  26  147      6.0    17.5    22.0  -999.9     5.6    16.1    12.8   330.0
SUMMERSIDE  2000   5  27  148      6.2    15.6    20.0  -999.9     3.9     8.8    11.6   330.0
SUMMERSIDE  2000   5  28  149      5.4     8.8    12.0  -999.9     4.1    23.2    10.0   330.0
SUMMERSIDE  2000   5  29  150      0.9     6.9    16.0  -999.9     1.8    28.4     7.6   330.0
SUMMERSIDE  2000   5  30  151      0.6    16.3    26.0  -999.9     0.1     3.2     8.1   330.0
SUMMERSIDE  2000   5  31  152      7.6    17.9    21.1  -999.9     0.7    27.4    11.7   330.0
SUMMERSIDE  2000   6   1  153      9.9    25.4    25.9  -999.9     2.5    18.5    15.6   330.0
SUMMERSIDE  2000   6   2  154      9.9    20.6    21.6  -999.9     0.8     7.1    11.1   330.0
SUMMERSIDE  2000   6   3  155      7.3    17.0    20.6  -999.9     5.2    14.3    12.3   330.0
SUMMERSIDE  2000   6   4  156      8.0    16.7    19.5  -999.9     0.8    13.9     8.4   330.0
SUMMERSIDE  2000   6   5  157      7.7    15.4    18.4  -999.9     0.4     8.3     8.3   330.0
SUMMERSIDE  2000   6   6  158      7.2    18.7    22.5  -999.9     0.2    13.9     8.0   330.0
SUMMERSIDE  2000   6   7  159      4.3     7.5    11.9  -999.9    19.1    27.8     8.6   330.0
SUMMERSIDE  2000   6   8  160      3.5    19.2    26.4  -999.9     1.1    16.5    10.5   330.0
SUMMERSIDE  2000   6   9  161     10.9    18.7    18.6  -999.9    14.1    20.7    12.5   330.0
SUMMERSIDE  2000   6  10  162      8.2    14.8    17.1  -999.9     0.1    17.5     7.7   330.0
SUMMERSIDE  2000   6  11  163      4.3    11.2    17.5  -999.9     0.0     9.6     6.1   330.0
SUMMERSIDE  2000   6  12  164      3.6    12.7    20.2  -999.9     0.0     7.7     8.0   330.0
SUMMERSIDE  2000   6  13  165      5.7    19.8    25.1  -999.9     0.2     5.8     9.7   330.0
SUMMERSIDE  2000   6  14  166      9.9    22.3    23.6  -999.9     0.1    14.5    11.9   330.0
SUMMERSIDE  2000   6  15  167      9.8    19.6    21.0  -999.9     0.0    27.0    11.9   330.0
SUMMERSIDE  2000   6  16  168     14.8    22.5    18.6  -999.9     0.0    30.3    19.0   330.0
SUMMERSIDE  2000   6  17  169     15.7    25.4    20.9  -999.9     0.1    28.8    22.2   330.0
SUMMERSIDE  2000   6  18  170     13.9    19.6    16.0  -999.9     0.1    17.6    13.2   330.0
SUMMERSIDE  2000   6  19  171     13.4    21.6    19.2  -999.9     0.5    13.8    14.6   330.0
SUMMERSIDE  2000   6  20  172     12.5    23.9    22.6  -999.9     1.2    12.3    15.4   330.0
SUMMERSIDE  2000   6  21  173     12.7    25.1    23.6  -999.9     1.1    12.3    14.3   330.0
SUMMERSIDE  2000   6  22  174     14.8    20.6    16.1  -999.9     8.2    23.0    19.0   330.0
SUMMERSIDE  2000   6  23  175      5.6    24.4    29.0  -999.9    24.3    17.4    18.9   330.0
SUMMERSIDE  2000   6  24  176     12.6    25.3    23.9  -999.9     0.0    11.1    14.8   330.0
SUMMERSIDE  2000   6  25  177     14.3    25.2    22.1  -999.9     7.6    18.6    16.4   330.0
SUMMERSIDE  2000   6  26  178     17.2    28.7    22.7  -999.9     0.9    12.7    22.1   330.0
SUMMERSIDE  2000   6  27  179     16.6    25.9    20.4  -999.9     0.0    12.7    23.2   330.0
SUMMERSIDE  2000   6  28  180     16.7    26.5    20.9  -999.9     0.0    11.0    18.8   330.0
SUMMERSIDE  2000   6  29  181     15.3    25.3    21.1  -999.9     0.0     7.4    19.0   330.0
SUMMERSIDE  2000   6  30  182     14.2    18.9    14.4  -999.9     0.0     3.2    17.3   330.0
SUMMERSIDE  2000   7   1  183     14.2    22.5    19.2  -999.9     0.0    10.9    18.8   330.0
SUMMERSIDE  2000   7   2  184     14.4    26.1    22.7  -999.9     0.0    14.7    18.2   330.0
SUMMERSIDE  2000   7   3  185     15.7    26.3    21.6  -999.9     0.0    15.5    19.3   330.0
SUMMERSIDE  2000   7   4  186     16.8    22.2    15.4  -999.9    21.6     9.3    21.9   330.0
SUMMERSIDE  2000   7   5  187     15.2    21.4    16.5  -999.9     3.8    19.6    17.7   330.0
SUMMERSIDE  2000   7   6  188     14.2    23.0    19.6  -999.9     0.0    19.0    15.3   330.0
SUMMERSIDE  2000   7   7  189     13.9    20.8    17.3  -999.9     1.5    14.4    15.4   330.0
SUMMERSIDE  2000   7   8  190     14.1    17.6    12.3  -999.9     0.0    15.3    15.7   330.0
SUMMERSIDE  2000   7   9  191     13.7    23.6    20.6  -999.9     0.8    14.4    17.9   330.0
SUMMERSIDE  2000   7  10  192     14.4    17.6    11.7  -999.9     5.9    17.4    16.5   330.0
SUMMERSIDE  2000   7  11  193     14.0    18.5    13.9  -999.9     1.6    15.6    17.5   330.0
SUMMERSIDE  2000   7  12  194     12.2    19.2    17.2  -999.9     7.5    13.3    15.8   330.0
SUMMERSIDE  2000   7  13  195     11.8    23.8    22.5  -999.9     0.0     8.2    15.0   330.0
SUMMERSIDE  2000   7  14  196     15.5    27.1    22.1  -999.9     0.0    12.8    18.0   330.0
SUMMERSIDE  2000   7  15  197     17.3    27.0    20.1  -999.9     0.0    11.2    19.3   330.0
SUMMERSIDE  2000   7  16  198     15.5    26.8    21.7  -999.9     0.0    12.5    18.7   330.0
SUMMERSIDE  2000   7  17  199     14.8    21.8    17.0  -999.9    24.6    14.5    20.0   330.0
SUMMERSIDE  2000   7  18  200     16.6    25.8    19.4  -999.9     1.0    13.4    22.4   330.0
SUMMERSIDE  2000   7  19  201     13.7    23.2    19.7  -999.9     2.7    15.5    18.0   330.0
SUMMERSIDE  2000   7  20  202     12.0    23.1    21.2  -999.9     0.6    13.5    13.6   330.0
SUMMERSIDE  2000   7  21  203     13.2    19.9    16.4  -999.9     0.0     9.8    15.0   330.0
SUMMERSIDE  2000   7  22  204     15.0    24.7    19.7  -999.9     0.8     9.4    19.2   330.0
SUMMERSIDE  2000   7  23  205     15.9    23.6    17.5  -999.9     0.0    14.2    19.3   330.0
SUMMERSIDE  2000   7  24  206     14.6    20.8    15.6  -999.9     0.0     8.0    17.7   330.0
SUMMERSIDE  2000   7  25  207     15.0    25.2    20.0  -999.9     0.0     7.8    18.2   330.0
SUMMERSIDE  2000   7  26  208     16.0    26.0    19.7  -999.9     0.0     7.3    18.7   330.0
SUMMERSIDE  2000   7  27  209     16.8    25.3    18.1  -999.9     0.0    16.7    19.9   330.0
SUMMERSIDE  2000   7  28  210     16.9    21.9    13.8  -999.9     0.0    14.2    20.2   330.0
SUMMERSIDE  2000   7  29  211     16.4    19.4    10.6  -999.9     7.6    18.8    19.6   330.0
SUMMERSIDE  2000   7  30  212     12.3    19.7    16.6  -999.9     1.9    20.6    16.0   330.0
SUMMERSIDE  2000   7  31  213     11.6    22.4    20.0  -999.9     0.0     7.1    15.9   330.0
SUMMERSIDE  2000   8   1  214     15.1    26.9    20.8  -999.9     0.0     9.0    18.4   330.0
SUMMERSIDE  2000   8   2  215     15.2    23.6    17.5  -999.9     0.0    13.0    17.8   330.0
SUMMERSIDE  2000   8   3  216     18.8    24.5    14.3  -999.9     0.0    13.5    24.0   330.0
SUMMERSIDE  2000   8   4  217     16.6    27.6    19.8  -999.9     0.0    14.0    21.3   330.0
SUMMERSIDE  2000   8   5  218     15.9    25.0    17.9  -999.9     0.0    10.3    17.5   330.0
SUMMERSIDE  2000   8   6  219     16.6    26.9    19.0  -999.9     0.0    10.0    19.5   330.0
SUMMERSIDE  2000   8   7  220     17.3    21.9    12.6  -999.9     0.0    14.3    20.7   330.0
SUMMERSIDE  2000   8   8  221     17.8    24.9    15.6  -999.9    10.3    10.1    23.6   330.0
SUMMERSIDE  2000   8   9  222     17.8    23.9    14.4  -999.9    14.1     7.4    22.8   330.0
SUMMERSIDE  2000   8  10  223     17.1    23.5    14.6  -999.9    24.1    12.7    22.2   330.0
SUMMERSIDE  2000   8  11  224     15.0    18.2    10.3  -999.9     2.0    10.8    17.2   330.0
SUMMERSIDE  2000   8  12  225     16.0    20.8    12.5  -999.9     7.6    16.2    19.6   330.0
SUMMERSIDE  2000   8  13  226     17.6    22.2    12.2  -999.9     0.0     7.1    20.7   330.0
SUMMERSIDE  2000   8  14  227     15.9    21.0    12.7  -999.9     0.0     5.8    19.4   330.0
SUMMERSIDE  2000   8  15  228     18.8    21.7     9.5  -999.9    12.5     5.2    22.4   330.0
SUMMERSIDE  2000   8  16  229     19.3    26.1    14.5  -999.9     4.9    16.1    24.9   330.0
SUMMERSIDE  2000   8  17  230     15.7    23.6    15.5  -999.9     0.0    14.5    19.8   330.0
SUMMERSIDE  2000   8  18  231     14.5    22.2    15.2  -999.9     0.0    15.9    17.0   330.0
SUMMERSIDE  2000   8  19  232     13.4    20.0    14.0  -999.9     0.0     8.0    17.0   330.0
SUMMERSIDE  2000   8  20  233     12.1    22.4    17.4  -999.9     9.7     5.0    16.3   330.0
SUMMERSIDE  2000   8  21  234     12.4    20.2    15.0  -999.9    23.5    10.1    16.3   330.0
SUMMERSIDE  2000   8  22  235     12.4    20.7    15.4  -999.9     0.0     5.5    15.4   330.0
SUMMERSIDE  2000   8  23  236     13.1    24.1    17.6  -999.9     0.0    12.0    16.9   330.0
SUMMERSIDE  2000   8  24  237     15.6    19.4    10.3  -999.9     8.8    22.1    17.9   330.0
SUMMERSIDE  2000   8  25  238     15.3    23.7    15.1  -999.9     0.0    13.4    19.3   330.0
SUMMERSIDE  2000   8  26  239     15.6    27.1    17.6  -999.9     0.0    12.4    21.3   330.0
SUMMERSIDE  2000   8  27  240     16.4    25.7    15.7  -999.9     0.0     8.2    21.7   330.0
SUMMERSIDE  2000   8  28  241     11.7    19.7    14.4  -999.9     0.0     9.1    14.1   330.0
SUMMERSIDE  2000   8  29  242     10.8    21.9    16.8  -999.9     0.0     4.1    14.0   330.0
SUMMERSIDE  2000   8  30  243     14.8    22.7    14.1  -999.9     0.0    16.8    17.3   330.0
SUMMERSIDE  2000   8  31  244     16.2    23.2    13.2  -999.9     0.0    10.0    18.4   330.0
SUMMERSIDE  2000   9   1  245     15.4    29.4    18.4  -999.9     0.0    16.6    23.0   330.0
SUMMERSIDE  2000   9   2  246     11.3    16.9    11.6  -999.9     0.0    11.7    11.0   330.0
SUMMERSIDE  2000   9   3  247     11.3    18.9    13.4  -999.9     0.0     5.5    14.7   330.0
SUMMERSIDE  2000   9   4  248     10.0    15.9    11.7  -999.9     0.0     7.3    13.8   330.0
SUMMERSIDE  2000   9   5  249      8.4    15.0    12.2  -999.9     2.0    14.5    10.2   330.0
SUMMERSIDE  2000   9   6  250      6.9    17.5    15.3  -999.9     0.0     9.4    10.0   330.0
SUMMERSIDE  2000   9   7  251      9.8    21.4    15.9  -999.9     0.0    13.3    13.7   330.0
SUMMERSIDE  2000   9   8  252     14.1    21.2    12.3  -999.9     0.0    21.6    17.0   330.0
SUMMERSIDE  2000   9   9  253     13.2    22.2    13.7  -999.9     0.0    13.9    15.0   330.0
SUMMERSIDE  2000   9  10  254     10.5    17.9    12.3  -999.9     0.0     7.5    12.9   330.0
SUMMERSIDE  2000   9  11  255      9.7    21.7    15.6  -999.9     0.0    10.7    14.7   330.0
SUMMERSIDE  2000   9  12  256     14.6    21.2    11.4  -999.9     0.0    20.9    17.7   330.0
SUMMERSIDE  2000   9  13  257     12.2    19.0    11.5  -999.9     9.8    15.9    16.4   330.0
SUMMERSIDE  2000   9  14  258     10.6    21.5    14.4  -999.9     0.8     6.8    14.3   330.0
SUMMERSIDE  2000   9  15  259     12.7    21.8    13.0  -999.9    13.2    16.2    16.9   330.0
SUMMERSIDE  2000   9  16  260     11.8    20.8    12.8  -999.9    12.6    20.8    17.1   330.0
SUMMERSIDE  2000   9  17  261     10.5    16.8    10.6  -999.9     0.0    20.7    12.3   330.0
SUMMERSIDE  2000   9  18  262     11.0    19.1    11.9  -999.9     0.0    14.0    12.7   330.0
SUMMERSIDE  2000   9  19  263     10.7    22.0    13.9  -999.9     0.0    15.7    15.5   330.0
SUMMERSIDE  2000   9  20  264     15.6    23.0    11.1  -999.9     0.0    14.3    20.3   330.0
SUMMERSIDE  2000   9  21  265     15.0    24.3    12.3  -999.9     0.0    15.3    20.3   330.0
SUMMERSIDE  2000   9  22  266     11.3    17.0     9.5  -999.9     0.0    17.1    11.2   330.0
SUMMERSIDE  2000   9  23  267      9.9    15.7     9.5  -999.9     0.0    10.4     9.7   330.0
SUMMERSIDE  2000   9  24  268      7.4    17.8    12.6  -999.9    29.2    17.2    13.4   330.0
SUMMERSIDE  2000   9  25  269      5.7    13.6    10.8  -999.9     0.0     9.1     9.6   330.0
SUMMERSIDE  2000   9  26  270      4.9    13.9    11.4  -999.9     0.0     3.6     9.3   330.0
SUMMERSIDE  2000   9  27  271      9.5    17.6    10.7  -999.9     0.0     5.5    12.6   330.0
SUMMERSIDE  2000   9  28  272      2.7    11.9    11.3  -999.9     0.0    13.5     9.2   330.0
SUMMERSIDE  2000   9  29  273      2.3     9.4     9.8  -999.9     0.0     9.8     6.3   330.0
SUMMERSIDE  2000   9  30  274      5.7    15.0    11.1  -999.9     0.0    21.7     9.5   330.0
SUMMERSIDE  2000  10   1  275     10.4    19.0    10.5  -999.9     0.0    15.4    13.9   330.0
SUMMERSIDE  2000  10   2  276     11.9    19.1     9.5  -999.9     0.0    15.5    15.2   330.0
SUMMERSIDE  2000  10   3  277     13.6    18.9     8.0  -999.9     0.0     5.5    17.3   330.0
SUMMERSIDE  2000  10   4  278     10.7    16.8     8.5  -999.9     0.0    17.8    12.1   330.0
SUMMERSIDE  2000  10   5  279      7.3    13.1     8.2  -999.9     0.0    11.4     8.2   330.0
SUMMERSIDE  2000  10   6  280      7.6    11.8     6.9  -999.9     0.0    12.7     9.7   330.0
SUMMERSIDE  2000  10   7  281      8.4    12.3     6.6  -999.9     0.0    12.8    11.8   330.0
SUMMERSIDE  2000  10   8  282      4.4    11.8     8.9  -999.9     0.0     9.3     9.7   330.0
SUMMERSIDE  2000  10   9  283      3.8     9.7     7.9  -999.9    14.7    12.5     8.9   330.0
SUMMERSIDE  2000  10  10  284      4.8    14.2     9.8  -999.9     4.1    31.2    10.5   330.0
SUMMERSIDE  2000  10  11  285      3.9     8.1     6.5  -999.9     3.0    21.7     7.9   330.0
SUMMERSIDE  2000  10  12  286      5.3    14.2     9.3  -999.9     0.0    21.8     9.2   330.0
SUMMERSIDE  2000  10  13  287      6.6    20.0    11.2  -999.9     0.0    16.3    11.4   330.0
SUMMERSIDE  2000  10  14  288      4.5    14.5     9.6  -999.9     0.0    11.8    10.5   330.0
SUMMERSIDE  2000  10  15  289      1.3    14.1    10.7  -999.9     0.0    15.9     7.9   330.0
SUMMERSIDE  2000  10  16  290      0.3     7.4     7.8  -999.9     0.0     8.3     5.5   330.0
SUMMERSIDE  2000  10  17  291      0.8    10.6     9.1  -999.9     0.0     5.2     7.0   330.0
SUMMERSIDE  2000  10  18  292      1.1    14.2    10.4  -999.9     0.0     7.8     8.4   330.0
SUMMERSIDE  2000  10  19  293      5.2    10.7     6.6  -999.9    52.4    19.3    10.1   330.0
SUMMERSIDE  2000  10  20  294      6.6    12.1     6.5  -999.9     2.6    20.0    10.1   330.0
SUMMERSIDE  2000  10  21  295      7.5    16.1     8.0  -999.9     0.0    21.6    11.9   330.0
SUMMERSIDE  2000  10  22  296      3.2     9.3     6.7  -999.9     3.4    22.8     8.0   330.0
SUMMERSIDE  2000  10  23  297      1.2     7.3     6.6  -999.9     0.0    12.8     6.2   330.0
SUMMERSIDE  2000  10  24  298      5.0    14.5     8.1  -999.9     0.0    19.5     9.1   330.0
SUMMERSIDE  2000  10  25  299      5.7    11.2     6.1  -999.9     0.0    11.0     8.9   330.0
SUMMERSIDE  2000  10  26  300      7.3    17.9     8.3  -999.9     0.0    14.9    12.6   330.0
SUMMERSIDE  2000  10  27  301     10.2    15.0     5.5  -999.9     0.0    19.5    13.4   330.0
SUMMERSIDE  2000  10  28  302      4.0    13.5     7.7  -999.9    20.6    20.5    10.4   330.0
SUMMERSIDE  2000  10  29  303      4.4     7.4     4.2  -999.9    17.1    35.1     8.6   330.0
SUMMERSIDE  2000  10  30  304      4.0    10.2     6.0  -999.9     4.1    18.8     9.3   330.0
SUMMERSIDE  2000  10  31  305      6.0     7.5     2.9  -999.9     5.4    29.2     9.1   330.0
SUMMERSIDE  2000  11   1  306      6.3     7.2     2.2  -999.9    39.8    22.5     9.3   330.0
SUMMERSIDE  2000  11   2  307      6.3     7.1     2.1  -999.9    14.4    23.9     9.3   330.0
SUMMERSIDE  2000  11   3  308      5.7     7.1     2.7  -999.9     1.9    20.8     8.8   330.0
SUMMERSIDE  2000  11   4  309      6.0     9.3     4.1  -999.9     0.0     8.8     9.6   330.0
SUMMERSIDE  2000  11   5  310      7.2     8.7     2.7  -999.9    12.6     7.0     9.7   330.0
SUMMERSIDE  2000  11   6  311      6.9     9.0     3.2  -999.9    20.7    11.9     9.7   330.0
SUMMERSIDE  2000  11   7  312      6.5     7.3     1.9  -999.9    10.4    25.5     9.2   330.0
SUMMERSIDE  2000  11   8  313      5.6     7.0     2.5  -999.9     4.5    26.1     8.7   330.0
SUMMERSIDE  2000  11   9  314      5.9     6.8     2.0  -999.9     2.2    16.0     8.7   330.0
SUMMERSIDE  2000  11  10  315      6.1     7.6     2.5  -999.9     0.0    12.7     9.0   330.0
SUMMERSIDE  2000  11  11  316      6.1     8.0     2.8  -999.9     7.4    18.5     9.2   330.0
SUMMERSIDE  2000  11  12  317      6.8     8.1     2.3  -999.9    11.1    21.5     9.7   330.0
SUMMERSIDE  2000  11  13  318      5.9     7.7     2.7  -999.9     6.4    17.1     8.9   330.0
SUMMERSIDE  2000  11  14  319      6.8     9.3     3.1  -999.9     0.0     5.3     9.6   330.0
SUMMERSIDE  2000  11  15  320      4.5    11.9     5.3  -999.9     6.8    13.2     9.8   330.0
SUMMERSIDE  2000  11  16  321      2.3     4.9     3.1  -999.9     0.0    21.0     6.9   330.0
SUMMERSIDE  2000  11  17  322      2.3     9.1     5.0  -999.9     0.0    12.6     8.0   330.0
SUMMERSIDE  2000  11  18  323     -1.0     4.0     4.2  -999.9     0.0    19.8     4.9   330.0
SUMMERSIDE  2000  11  19  324     -2.0     2.5     3.9  -999.9     0.0     5.2     4.4   330.0
SUMMERSIDE  2000  11  20  325     -3.5     3.9     5.0  -999.9     0.0     3.2     4.6   330.0
SUMMERSIDE  2000  11  21  326     -0.3     2.0     2.8  -999.9     0.0     8.5     6.1   330.0
SUMMERSIDE  2000  11  22  327     -1.8     1.8     3.4  -999.9     0.0     8.8     5.7   330.0
SUMMERSIDE  2000  11  23  328     -6.2     0.2     4.5  -999.9     0.0     9.2     4.3   330.0
SUMMERSIDE  2000  11  24  329     -6.5     1.0     4.8  -999.9     0.0     3.1     4.5   330.0
SUMMERSIDE  2000  11  25  330     -8.2    -2.9     4.0  -999.9     0.0     6.3     3.5   330.0
SUMMERSIDE  2000  11  26  331     -6.2     3.4     5.3  -999.9     0.0    12.0     4.7   330.0
SUMMERSIDE  2000  11  27  332      1.2     5.2     3.4  -999.9     0.8    16.7     7.1   330.0
SUMMERSIDE  2000  11  28  333      0.7     4.3     3.2  -999.9     0.0    15.1     6.7   330.0
SUMMERSIDE  2000  11  29  334      0.5     2.4     2.3  -999.9     0.0     1.8     6.2   330.0
SUMMERSIDE  2000  11  30  335      0.9     3.1     2.5  -999.9     1.0     8.8     6.4   330.0
SUMMERSIDE  2000  12   1  336     -1.3     1.9     3.0  -999.9     2.6    23.0     5.5   330.0
SUMMERSIDE  2000  12   2  337     -4.1    -0.9     2.9  -999.9     0.0     8.2     4.5   330.0
SUMMERSIDE  2000  12   3  338     -7.6    -3.1     3.4  -999.9     0.0    13.1     3.2   330.0
SUMMERSIDE  2000  12   4  339     -7.6     0.9     4.7  -999.9     0.0     6.2     4.1   330.0
SUMMERSIDE  2000  12   5  340     -6.4     2.3     4.7  -999.9     0.0     7.7     4.8   330.0
SUMMERSIDE  2000  12   6  341     -8.2     3.7     5.5  -999.9     3.8    22.8     4.1   330.0
SUMMERSIDE  2000  12   7  342     -9.2    -6.2     2.7  -999.9     0.6     7.2     2.4   330.0
SUMMERSIDE  2000  12   8  343    -13.5    -6.6     4.1  -999.9     0.5    13.9     2.2   330.0
SUMMERSIDE  2000  12   9  344    -15.2   -12.3     2.7  -999.9     0.2    20.2     1.5   330.0
SUMMERSIDE  2000  12  10  345    -15.3    -5.5     4.9  -999.9     0.1    27.2     1.8   330.0
SUMMERSIDE  2000  12  11  346     -8.3     2.9     5.2  -999.9     1.5     7.0     4.4   330.0
SUMMERSIDE  2000  12  12  347     -3.5    10.8     5.9  -999.9    12.6    22.9     7.1   330.0
SUMMERSIDE  2000  12  13  348    -10.3    -2.8     4.2  -999.9     0.0    19.0     2.4   330.0
SUMMERSIDE  2000  12  14  349    -10.3    -1.9     4.5  -999.9    13.6    11.4     3.2   330.0
SUMMERSIDE  2000  12  15  350    -11.2    -1.6     4.8  -999.9     1.3    15.3     3.4   330.0
SUMMERSIDE  2000  12  16  351    -11.3    -2.8     4.5  -999.9     0.0     6.9     3.2   330.0
SUMMERSIDE  2000  12  17  352     -5.1    11.0     6.1  -999.9     9.1    18.5     6.8   330.0
SUMMERSIDE  2000  12  18  353     -4.2    12.7     6.3  -999.9     2.3    36.4     6.4   330.0
SUMMERSIDE  2000  12  19  354     -6.5    -2.1     3.2  -999.9     0.0    16.0     3.0   330.0
SUMMERSIDE  2000  12  20  355     -5.9     8.1     5.7  -999.9    26.4    19.2     5.6   330.0
SUMMERSIDE  2000  12  21  356     -7.6    -3.6     3.1  -999.9     0.5    20.3     3.1   330.0
SUMMERSIDE  2000  12  22  357     -8.1    -0.2     4.3  -999.9     9.4     6.7     3.9   330.0
SUMMERSIDE  2000  12  23  358    -12.7    -0.3     5.4  -999.9     8.7    22.6     3.4   330.0
SUMMERSIDE  2000  12  24  359    -15.8   -10.8     3.4  -999.9     0.2    14.9     1.8   330.0
SUMMERSIDE  2000  12  25  360    -16.3    -8.7     4.3  -999.9     0.8    11.3     2.1   330.0
SUMMERSIDE  2000  12  26  361    -16.1    -7.0     4.7  -999.9     1.1    17.0     2.2   330.0
SUMMERSIDE  2000  12  27  362    -10.4    -3.0     4.2  -999.9     1.4    21.9     3.3   330.0
SUMMERSIDE  2000  12  28  363     -3.4     0.7     3.2  -999.9     2.0    13.9     5.0   330.0
SUMMERSIDE  2000  12  29  364     -0.5     1.8     2.4  -999.9     1.5    18.0     5.8   330.0
SUMMERSIDE  2000  12  30  365     -5.7     5.1     5.2  -999.9     0.0     7.0     5.2   330.0
