SUMMERSIDE_A  1984   1   1    1     -8.8    -4.6     3.2  -999.9     0.2    29.5     2.8   330.0
SUMMERSIDE_A  1984   1   2    2     -9.7    -5.5     3.3  -999.9     0.0     9.5     2.6   330.0
SUMMERSIDE_A  1984   1   3    3     -9.3    -4.9     3.4  -999.9     0.0    17.0     2.6   330.0
SUMMERSIDE_A  1984   1   4    4     -7.7     1.5     4.9  -999.9     0.0    28.3     4.0   330.0
SUMMERSIDE_A  1984   1   5    5     -1.4     1.9     2.9  -999.9     0.0    13.5     5.8   330.0
SUMMERSIDE_A  1984   1   6    6     -0.3     2.1     2.5  -999.9     5.8     5.3     6.4   330.0
SUMMERSIDE_A  1984   1   7    7     -0.9     1.3     2.4  -999.9     2.4     8.3     6.2   330.0
SUMMERSIDE_A  1984   1   8    8     -5.3    -0.1     3.8  -999.9    10.6    33.2     4.8   330.0
SUMMERSIDE_A  1984   1   9    9    -13.2    -4.3     5.0  -999.9     2.4    24.5     2.8   330.0
SUMMERSIDE_A  1984   1  10   10    -13.4    -2.2     5.6  -999.9    14.4    16.0     3.0   330.0
SUMMERSIDE_A  1984   1  11   11    -17.8    -2.6     6.6  -999.9    14.0    39.2     2.6   330.0
SUMMERSIDE_A  1984   1  12   12    -20.5   -16.4     3.5  -999.9     0.0    20.5     1.2   330.0
SUMMERSIDE_A  1984   1  13   13    -21.7   -14.1     4.8  -999.9     0.0    12.7     1.2   330.0
SUMMERSIDE_A  1984   1  14   14    -15.9    -7.9     4.9  -999.9     0.6     8.0     2.2   330.0
SUMMERSIDE_A  1984   1  15   15    -13.4    -8.4     4.0  -999.9     0.2    11.5     2.4   330.0
SUMMERSIDE_A  1984   1  16   16    -13.1    -7.9     4.1  -999.9     0.2     9.1     2.5   330.0
SUMMERSIDE_A  1984   1  17   17    -12.5    -3.5     5.4  -999.9     1.8    14.6     3.1   330.0
SUMMERSIDE_A  1984   1  18   18    -13.3    -4.8     5.3  -999.9     1.6    11.5     2.6   330.0
SUMMERSIDE_A  1984   1  19   19     -8.4    -4.0     3.9  -999.9     9.6    17.5     3.6   330.0
SUMMERSIDE_A  1984   1  20   20    -16.5    -6.1     6.0  -999.9     2.8    18.1     2.2   330.0
SUMMERSIDE_A  1984   1  21   21    -22.0   -12.1     5.9  -999.9     0.0    10.7     1.3   330.0
SUMMERSIDE_A  1984   1  22   22    -23.1   -13.0     6.1  -999.9     0.0    15.4     1.1   330.0
SUMMERSIDE_A  1984   1  23   23    -18.5   -10.5     5.5  -999.9     0.0    17.6     1.6   330.0
SUMMERSIDE_A  1984   1  24   24    -15.6     2.1     8.3  -999.9     1.8    28.0     3.3   330.0
SUMMERSIDE_A  1984   1  25   25     -1.8     4.4     4.9  -999.9     4.4    24.5     6.6   330.0
SUMMERSIDE_A  1984   1  26   26    -14.0     1.4     7.9  -999.9     0.0    42.5     2.6   330.0
SUMMERSIDE_A  1984   1  27   27    -14.6     2.5     8.4  -999.9     5.6    26.1     2.8   330.0
SUMMERSIDE_A  1984   1  28   28    -16.5     0.6     8.5  -999.9     6.4    27.7     2.9   330.0
SUMMERSIDE_A  1984   1  29   29    -17.3    -7.9     6.4  -999.9     0.2    11.5     1.9   330.0
SUMMERSIDE_A  1984   1  30   30    -12.2    -5.0     5.7  -999.9     0.6    13.7     2.7   330.0
SUMMERSIDE_A  1984   1  31   31     -7.8     0.4     6.2  -999.9    19.0    31.9     4.3   330.0
SUMMERSIDE_A  1984   2   1   32    -15.8    -3.8     7.6  -999.9     6.8    31.0     2.5   330.0
SUMMERSIDE_A  1984   2   2   33    -16.7    -7.5     6.7  -999.9     0.0    19.3     2.0   330.0
SUMMERSIDE_A  1984   2   3   34    -17.8     2.9    10.2  -999.9     0.0    29.0     2.9   330.0
SUMMERSIDE_A  1984   2   4   35      2.2     6.9     4.9  -999.9    18.0    31.6     8.0   330.0
SUMMERSIDE_A  1984   2   5   36     -1.6     5.3     6.1  -999.9     2.8    23.7     6.9   330.0
SUMMERSIDE_A  1984   2   6   37     -7.2     3.2     7.5  -999.9     3.0    19.9     4.8   330.0
SUMMERSIDE_A  1984   2   7   38    -11.3    -5.9     5.5  -999.9    17.8    37.8     2.9   330.0
SUMMERSIDE_A  1984   2   8   39    -18.4    -9.3     7.3  -999.9     0.0    23.0     1.7   330.0
SUMMERSIDE_A  1984   2   9   40    -21.6   -17.0     5.2  -999.9     0.0    30.1     1.0   330.0
SUMMERSIDE_A  1984   2  10   41    -20.6    -5.0     9.8  -999.9     0.0    21.4     1.8   330.0
SUMMERSIDE_A  1984   2  11   42     -5.5     3.6     7.6  -999.9     0.0    18.9     5.1   330.0
SUMMERSIDE_A  1984   2  12   43     -0.5     3.2     4.9  -999.9     1.4    12.3     6.6   330.0
SUMMERSIDE_A  1984   2  13   44     -4.1     4.8     7.7  -999.9     0.0    16.8     5.6   330.0
SUMMERSIDE_A  1984   2  14   45     -5.4     3.4     7.8  -999.9     0.0    20.6     4.6   330.0
SUMMERSIDE_A  1984   2  15   46      0.0     9.5     8.2  -999.9     3.0    26.6     7.9   330.0
SUMMERSIDE_A  1984   2  16   47     -4.1     4.8     8.0  -999.9     0.0    17.9     5.3   330.0
SUMMERSIDE_A  1984   2  17   48     -5.6    -1.4     5.6  -999.9     0.0    17.9     3.9   330.0
SUMMERSIDE_A  1984   2  18   49     -6.5    -1.6     6.1  -999.9     0.0    20.6     4.0   330.0
SUMMERSIDE_A  1984   2  19   50     -5.7     1.5     7.5  -999.9     0.0    12.9     4.7   330.0
SUMMERSIDE_A  1984   2  20   51     -2.6     1.2     5.6  -999.9     3.0    22.0     5.4   330.0
SUMMERSIDE_A  1984   2  21   52     -5.6     1.3     7.6  -999.9     0.2    16.1     4.7   330.0
SUMMERSIDE_A  1984   2  22   53     -8.5    -3.7     6.4  -999.9     0.0    24.7     2.9   330.0
SUMMERSIDE_A  1984   2  23   54    -10.4     1.0    10.0  -999.9     0.0    15.5     3.5   330.0
SUMMERSIDE_A  1984   2  24   55     -2.1     6.5     8.8  -999.9    14.4    20.2     6.4   330.0
SUMMERSIDE_A  1984   2  25   56     -0.7     1.8     4.8  -999.9     0.4    25.4     6.3   330.0
SUMMERSIDE_A  1984   2  26   57     -3.8     0.0     6.0  -999.9     9.0    33.2     5.2   330.0
SUMMERSIDE_A  1984   2  27   58     -7.3    -1.6     7.5  -999.9     2.6    25.3     4.1   330.0
SUMMERSIDE_A  1984   2  28   59     -9.5    -1.9     8.8  -999.9     0.0    15.8     3.5   330.0
SUMMERSIDE_A  1984   2  29   60     -4.0     6.2    10.3  -999.9     9.8    36.5     5.7   330.0
SUMMERSIDE_A  1984   3   1   61     -8.5     1.8    10.5  -999.9     0.8    26.7     3.8   330.0
SUMMERSIDE_A  1984   3   2   62    -13.1    -7.3     8.0  -999.9     0.0    31.5     2.0   330.0
SUMMERSIDE_A  1984   3   3   63    -13.8    -6.3     9.2  -999.9     0.0    20.0     2.1   330.0
SUMMERSIDE_A  1984   3   4   64    -14.8    -6.9     9.6  -999.9     0.0    11.8     2.0   330.0
SUMMERSIDE_A  1984   3   5   65    -12.2    -2.8    10.6  -999.9     0.2    10.8     3.0   330.0
SUMMERSIDE_A  1984   3   6   66     -5.0     1.8     9.1  -999.9     9.6    21.3     5.0   330.0
SUMMERSIDE_A  1984   3   7   67    -10.8    -1.3    10.9  -999.9     0.0    20.9     3.1   330.0
SUMMERSIDE_A  1984   3   8   68    -17.7    -5.0    12.8  -999.9     0.0    19.0     1.9   330.0
SUMMERSIDE_A  1984   3   9   69    -18.6   -10.7    10.2  -999.9     0.4    21.2     1.5   330.0
SUMMERSIDE_A  1984   3  10   70    -14.9    -9.4     8.6  -999.9     0.0    35.9     2.0   330.0
SUMMERSIDE_A  1984   3  11   71    -16.8    -3.2    13.7  -999.9     3.6    25.0     2.2   330.0
SUMMERSIDE_A  1984   3  12   72    -16.0    -3.4    13.4  -999.9     0.4    42.1     2.4   330.0
SUMMERSIDE_A  1984   3  13   73    -18.8   -11.3    10.4  -999.9     0.0    18.7     1.3   330.0
SUMMERSIDE_A  1984   3  14   74    -13.6     4.5    16.4  -999.9    15.4    31.6     3.8   330.0
SUMMERSIDE_A  1984   3  15   75      2.3     7.3     8.7  -999.9    17.0    33.6     8.1   330.0
SUMMERSIDE_A  1984   3  16   76      6.8    13.0     9.8  -999.9     1.0    27.5    11.2   330.0
SUMMERSIDE_A  1984   3  17   77     -4.5     9.7    15.1  -999.9    30.4    31.3     7.2   330.0
SUMMERSIDE_A  1984   3  18   78     -5.8    -3.0     6.8  -999.9    15.7    39.9     4.2   330.0
SUMMERSIDE_A  1984   3  19   79     -4.4     1.0     9.5  -999.9     6.0    26.9     5.2   330.0
SUMMERSIDE_A  1984   3  20   80     -1.0     1.2     6.1  -999.9     1.0    29.3     5.9   330.0
SUMMERSIDE_A  1984   3  21   81     -0.7     2.6     7.6  -999.9     0.6    11.2     6.3   330.0
SUMMERSIDE_A  1984   3  22   82      0.6     8.9    12.2  -999.9     1.4    18.0     8.1   330.0
SUMMERSIDE_A  1984   3  23   83      0.5     6.6    10.6  -999.9     0.0    22.5     6.8   330.0
SUMMERSIDE_A  1984   3  24   84     -5.6     1.6    11.6  -999.9     0.0    27.4     4.2   330.0
SUMMERSIDE_A  1984   3  25   85     -7.4     1.8    13.2  -999.9     0.0    31.5     3.2   330.0
SUMMERSIDE_A  1984   3  26   86     -6.7    -0.8    10.7  -999.9     0.0    17.6     2.9   330.0
SUMMERSIDE_A  1984   3  27   87     -8.7    -0.7    12.6  -999.9     0.0    19.7     3.6   330.0
SUMMERSIDE_A  1984   3  28   88     -4.1     2.2    11.3  -999.9     0.2    27.7     4.9   330.0
SUMMERSIDE_A  1984   3  29   89     -4.0     1.0    10.2  -999.9     0.0    32.2     4.5   330.0
SUMMERSIDE_A  1984   3  30   90     -2.1     0.0     6.7  -999.9     8.7    56.0     5.3   330.0
SUMMERSIDE_A  1984   3  31   91     -3.6    -0.9     7.6  -999.9     0.4    42.9     4.5   330.0
SUMMERSIDE_A  1984   4   1   92     -5.2     2.6    13.1  -999.9     0.0    11.6     4.3   330.0
SUMMERSIDE_A  1984   4   2   93     -3.2     8.8    16.4  -999.9     0.0    16.4     5.6   330.0
SUMMERSIDE_A  1984   4   3   94     -3.7     4.8    13.9  -999.9     0.0    15.7     5.1   330.0
SUMMERSIDE_A  1984   4   4   95     -5.7     2.0    13.4  -999.9     0.0    20.9     3.9   330.0
SUMMERSIDE_A  1984   4   5   96     -6.0     8.2    18.3  -999.9     0.0    21.0     4.6   330.0
SUMMERSIDE_A  1984   4   6   97      3.8    11.8    13.9  -999.9     6.8    39.0     9.7   330.0
SUMMERSIDE_A  1984   4   7   98      0.3    13.3    17.8  -999.9     2.0    16.3     8.5   330.0
SUMMERSIDE_A  1984   4   8   99     -5.6     1.0    12.8  -999.9    11.6    36.8     5.0   330.0
SUMMERSIDE_A  1984   4   9  100     -5.4    -3.6     6.8  -999.9    12.4    54.5     4.2   330.0
SUMMERSIDE_A  1984   4  10  101     -4.2    -0.2    10.1  -999.9    22.3    47.6     5.0   330.0
SUMMERSIDE_A  1984   4  11  102     -1.5     0.1     6.5  -999.9     0.2    29.5     5.7   330.0
SUMMERSIDE_A  1984   4  12  103     -2.1     0.4     8.2  -999.9     6.8    32.0     5.6   330.0
SUMMERSIDE_A  1984   4  13  104     -3.2     0.7    10.3  -999.9     0.6    29.8     5.3   330.0
SUMMERSIDE_A  1984   4  14  105     -3.1     3.9    13.9  -999.9     0.0    22.4     4.9   330.0
SUMMERSIDE_A  1984   4  15  106     -3.8     4.9    15.6  -999.9     0.0    13.3     5.5   330.0
SUMMERSIDE_A  1984   4  16  107     -1.7     7.4    16.1  -999.9     9.8    16.0     6.2   330.0
SUMMERSIDE_A  1984   4  17  108      1.4     9.4    15.2  -999.9    11.0    26.3     8.4   330.0
SUMMERSIDE_A  1984   4  18  109     -2.3     4.1    13.7  -999.9     0.0    18.0     5.7   330.0
SUMMERSIDE_A  1984   4  19  110     -2.7     1.4    11.0  -999.9     0.4    26.4     5.3   330.0
SUMMERSIDE_A  1984   4  20  111     -2.8    10.8    20.2  -999.9     0.0    19.4     6.4   330.0
SUMMERSIDE_A  1984   4  21  112     -1.9     2.6    11.7  -999.9     2.2    33.0     5.9   330.0
SUMMERSIDE_A  1984   4  22  113     -2.2     1.8    11.1  -999.9     0.8    32.9     4.9   330.0
SUMMERSIDE_A  1984   4  23  114     -0.5    15.8    22.6  -999.9     0.0    19.5     7.1   330.0
SUMMERSIDE_A  1984   4  24  115     -1.2    15.1    22.7  -999.9     5.4    16.7     7.3   330.0
SUMMERSIDE_A  1984   4  25  116     -0.4     4.0    11.9  -999.9    15.2    36.1     6.6   330.0
SUMMERSIDE_A  1984   4  26  117     -0.6     2.5    10.0  -999.9     0.8    31.0     6.1   330.0
SUMMERSIDE_A  1984   4  27  118     -0.8     5.5    14.4  -999.9     0.0    23.0     5.3   330.0
SUMMERSIDE_A  1984   4  28  119     -1.2     6.5    16.0  -999.9     0.0    21.7     5.6   330.0
SUMMERSIDE_A  1984   4  29  120     -1.2     6.8    16.4  -999.9     0.0    19.7     6.3   330.0
SUMMERSIDE_A  1984   4  30  121     -1.1    17.5    25.2  -999.9     0.0    14.2     8.7   330.0
SUMMERSIDE_A  1984   5   1  122      3.7    10.8    15.6  -999.9     4.2    26.5     8.6   330.0
SUMMERSIDE_A  1984   5   2  123      3.8    11.1    15.9  -999.9     0.0    22.0     5.8   330.0
SUMMERSIDE_A  1984   5   3  124      1.9    13.6    20.3  -999.9     0.0    20.1     5.9   330.0
SUMMERSIDE_A  1984   5   4  125      0.8    10.0    18.1  -999.9    13.0    21.8     7.3   330.0
SUMMERSIDE_A  1984   5   5  126      1.0     4.8    11.7  -999.9     5.0    26.6     7.4   330.0
SUMMERSIDE_A  1984   5   6  127      1.4     4.6    10.8  -999.9     3.8    24.5     7.1   330.0
SUMMERSIDE_A  1984   5   7  128      1.5     9.5    17.1  -999.9     0.4    17.7     7.1   330.0
SUMMERSIDE_A  1984   5   8  129      0.9    16.9    24.3  -999.9     3.6    14.1     7.2   330.0
SUMMERSIDE_A  1984   5   9  130      4.5    12.4    17.2  -999.9     6.4    37.0     9.9   330.0
SUMMERSIDE_A  1984   5  10  131      2.9    14.6    21.0  -999.9     0.0    29.5     8.2   330.0
SUMMERSIDE_A  1984   5  11  132      1.7    16.9    24.0  -999.9     0.0    26.0     7.0   330.0
SUMMERSIDE_A  1984   5  12  133      5.6    15.1    19.1  -999.9     1.6    34.1     8.8   330.0
SUMMERSIDE_A  1984   5  13  134      7.1    14.4    16.8  -999.9    10.6    34.6    12.0   330.0
SUMMERSIDE_A  1984   5  14  135      4.7    12.3    17.2  -999.9    19.0    17.8    10.6   330.0
SUMMERSIDE_A  1984   5  15  136      3.7     9.5    15.1  -999.9     2.8    11.2     9.5   330.0
SUMMERSIDE_A  1984   5  16  137      3.9    12.4    18.3  -999.9     0.4    13.9     8.9   330.0
SUMMERSIDE_A  1984   5  17  138      1.7     8.8    16.8  -999.9     0.0    19.6     7.6   330.0
SUMMERSIDE_A  1984   5  18  139      2.9     5.4    10.0  -999.9     9.4    40.6     7.6   330.0
SUMMERSIDE_A  1984   5  19  140      2.3     9.5    17.1  -999.9     0.8    20.2     8.3   330.0
SUMMERSIDE_A  1984   5  20  141      4.2    18.3    24.0  -999.9     0.0     8.1     9.7   330.0
SUMMERSIDE_A  1984   5  21  142      7.3    21.3    24.0  -999.9     0.0    12.6    11.8   330.0
SUMMERSIDE_A  1984   5  22  143      6.1    14.1    18.2  -999.9     0.0    15.4    10.0   330.0
SUMMERSIDE_A  1984   5  23  144      9.4    24.1    24.7  -999.9     0.0    29.9    13.7   330.0
SUMMERSIDE_A  1984   5  24  145      8.8    19.2    20.8  -999.9     0.6    26.6    13.3   330.0
SUMMERSIDE_A  1984   5  25  146      7.0    18.1    21.6  -999.9     0.0    19.9     8.1   330.0
SUMMERSIDE_A  1984   5  26  147     10.3    21.8    22.0  -999.9     0.8    37.1    13.8   330.0
SUMMERSIDE_A  1984   5  27  148      9.4    20.0    21.2  -999.9     0.0    21.9    11.6   330.0
SUMMERSIDE_A  1984   5  28  149      7.0    18.7    22.3  -999.9     0.0    19.1     9.4   330.0
SUMMERSIDE_A  1984   5  29  150      5.8    11.2    15.2  -999.9    22.8    13.1     7.9   330.0
SUMMERSIDE_A  1984   5  30  151      6.1    21.6    25.8  -999.9     1.0    17.2    13.6   330.0
SUMMERSIDE_A  1984   5  31  152     13.7    20.9    17.6  -999.9     1.8    34.3    17.2   330.0
SUMMERSIDE_A  1984   6   1  153     11.2    18.9    18.3  -999.9     9.8    24.8    16.3   330.0
SUMMERSIDE_A  1984   6   2  154      6.0    11.6    15.6  -999.9    22.0    30.2    11.1   330.0
SUMMERSIDE_A  1984   6   3  155      5.0    10.9    16.1  -999.9     0.8    40.7     8.3   330.0
SUMMERSIDE_A  1984   6   4  156      3.3    13.2    20.8  -999.9     0.0    19.0     7.5   330.0
SUMMERSIDE_A  1984   6   5  157      5.6    17.9    23.3  -999.9     0.0    11.7     8.7   330.0
SUMMERSIDE_A  1984   6   6  158      7.9    20.3    23.4  -999.9     0.0    11.9    10.4   330.0
SUMMERSIDE_A  1984   6   7  159     10.6    19.4    19.7  -999.9     0.0     9.1    11.2   330.0
SUMMERSIDE_A  1984   6   8  160     12.1    20.3    19.1  -999.9     0.0    19.9    15.5   330.0
SUMMERSIDE_A  1984   6   9  161     14.4    27.7    24.3  -999.9     0.0    23.4    19.3   330.0
SUMMERSIDE_A  1984   6  10  162     11.0    19.2    19.1  -999.9     0.0    20.1    10.9   330.0
SUMMERSIDE_A  1984   6  11  163     11.7    26.0    25.3  -999.9     3.2    25.3    15.8   330.0
SUMMERSIDE_A  1984   6  12  164     13.1    22.3    20.3  -999.9     0.2    22.8    12.0   330.0
SUMMERSIDE_A  1984   6  13  165     13.1    17.7    14.3  -999.9     3.0    17.8    14.9   330.0
SUMMERSIDE_A  1984   6  14  166     10.6    16.1    15.7  -999.9     6.4     9.3    13.9   330.0
SUMMERSIDE_A  1984   6  15  167      5.7    13.5    18.7  -999.9    13.3    27.2    10.1   330.0
SUMMERSIDE_A  1984   6  16  168      5.5    16.5    22.2  -999.9     0.0    16.5     8.3   330.0
SUMMERSIDE_A  1984   6  17  169      9.8    20.8    22.2  -999.9     0.0    32.9    11.6   330.0
SUMMERSIDE_A  1984   6  18  170     10.9    21.8    22.1  -999.9     0.0    33.4    11.6   330.0
SUMMERSIDE_A  1984   6  19  171     14.7    16.9     9.9  -999.9    21.0    36.1    16.7   330.0
SUMMERSIDE_A  1984   6  20  172     12.9    22.3    20.5  -999.9     0.0    21.2    13.9   330.0
SUMMERSIDE_A  1984   6  21  173     11.2    18.3    17.9  -999.9     7.2    19.2    10.5   330.0
SUMMERSIDE_A  1984   6  22  174      8.2    14.9    17.3  -999.9     5.0    18.1    10.3   330.0
SUMMERSIDE_A  1984   6  23  175      6.2    11.6    15.6  -999.9    10.6    22.5     9.2   330.0
SUMMERSIDE_A  1984   6  24  176      5.6    16.6    22.2  -999.9     0.0    14.6     9.2   330.0
SUMMERSIDE_A  1984   6  25  177     10.1    18.4    19.3  -999.9     0.0    26.7    11.0   330.0
SUMMERSIDE_A  1984   6  26  178     10.1    17.5    18.2  -999.9     5.0    28.5    13.6   330.0
SUMMERSIDE_A  1984   6  27  179     11.2    15.1    13.2  -999.9     1.4    25.8    13.6   330.0
SUMMERSIDE_A  1984   6  28  180     11.1    24.1    24.1  -999.9     0.2    17.2    16.3   330.0
SUMMERSIDE_A  1984   6  29  181     15.2    23.7    19.4  -999.9     4.4    20.8    19.3   330.0
SUMMERSIDE_A  1984   6  30  182     15.0    24.1    20.1  -999.9     1.2    14.1    19.8   330.0
SUMMERSIDE_A  1984   7   1  183     14.3    28.1    24.7  -999.9     0.0    15.5    19.7   330.0
SUMMERSIDE_A  1984   7   2  184     14.7    23.4    19.6  -999.9     0.0    14.3    16.6   330.0
SUMMERSIDE_A  1984   7   3  185     14.9    26.9    23.0  -999.9     0.0    23.2    18.2   330.0
SUMMERSIDE_A  1984   7   4  186     16.5    24.8    19.1  -999.9     0.0    28.9    20.0   330.0
SUMMERSIDE_A  1984   7   5  187     16.3    21.2    14.6  -999.9    10.0    28.0    19.6   330.0
SUMMERSIDE_A  1984   7   6  188     16.2    20.0    12.9  -999.9     7.6    27.8    19.3   330.0
SUMMERSIDE_A  1984   7   7  189     18.4    27.4    19.8  -999.9     0.4    31.9    23.3   330.0
SUMMERSIDE_A  1984   7   8  190     19.3    24.3    14.7  -999.9    35.2    26.6    23.3   330.0
SUMMERSIDE_A  1984   7   9  191     15.2    24.4    19.9  -999.9     0.0    24.0    18.7   330.0
SUMMERSIDE_A  1984   7  10  192     14.2    22.9    19.3  -999.9     0.0    20.5    15.6   330.0
SUMMERSIDE_A  1984   7  11  193     12.4    24.3    22.5  -999.9     0.0    18.2    15.9   330.0
SUMMERSIDE_A  1984   7  12  194     14.6    19.9    15.0  -999.9    12.2    24.9    17.4   330.0
SUMMERSIDE_A  1984   7  13  195     15.2    28.3    23.5  -999.9     0.8    18.7    18.1   330.0
SUMMERSIDE_A  1984   7  14  196     14.8    26.2    21.9  -999.9     2.2    14.6    18.2   330.0
SUMMERSIDE_A  1984   7  15  197     15.2    23.1    18.2  -999.9     3.0    12.0    18.1   330.0
SUMMERSIDE_A  1984   7  16  198     17.2    25.6    18.7  -999.9     8.0    23.0    19.6   330.0
SUMMERSIDE_A  1984   7  17  199     17.3    27.1    20.1  -999.9     0.2    24.1    22.3   330.0
SUMMERSIDE_A  1984   7  18  200     16.0    27.4    21.6  -999.9     4.8    16.4    19.0   330.0
SUMMERSIDE_A  1984   7  19  201     16.3    24.9    18.7  -999.9     5.4    25.1    19.2   330.0
SUMMERSIDE_A  1984   7  20  202     16.1    26.0    20.0  -999.9     0.0    23.1    17.5   330.0
SUMMERSIDE_A  1984   7  21  203     16.2    25.5    19.3  -999.9     0.0    26.5    18.7   330.0
SUMMERSIDE_A  1984   7  22  204     16.6    26.8    20.2  -999.9     0.0    19.0    17.0   330.0
SUMMERSIDE_A  1984   7  23  205     16.7    24.7    17.8  -999.9     5.8    25.4    19.8   330.0
SUMMERSIDE_A  1984   7  24  206     15.8    27.1    21.1  -999.9     1.6    29.8    18.3   330.0
SUMMERSIDE_A  1984   7  25  207     13.4    21.4    17.7  -999.9     0.0    23.8    12.8   330.0
SUMMERSIDE_A  1984   7  26  208     12.6    22.9    20.0  -999.9     0.0    14.9    13.0   330.0
SUMMERSIDE_A  1984   7  27  209     14.6    24.5    19.5  -999.9     0.0    11.0    16.0   330.0
SUMMERSIDE_A  1984   7  28  210     14.5    17.6    10.9  -999.9    16.4    12.8    16.4   330.0
SUMMERSIDE_A  1984   7  29  211     14.7    21.8    16.4  -999.9     0.0    13.3    17.1   330.0
SUMMERSIDE_A  1984   7  30  212     14.9    26.3    20.7  -999.9     0.0    17.3    18.0   330.0
SUMMERSIDE_A  1984   7  31  213     15.3    26.8    20.7  -999.9     0.0    24.8    18.3   330.0
SUMMERSIDE_A  1984   8   1  214     16.6    25.5    18.1  -999.9     0.0    22.1    19.9   330.0
SUMMERSIDE_A  1984   8   2  215     16.5    23.4    15.8  -999.9     0.0    13.2    17.9   330.0
SUMMERSIDE_A  1984   8   3  216     15.5    28.9    22.0  -999.9     0.0    13.0    17.9   330.0
SUMMERSIDE_A  1984   8   4  217     15.3    25.8    19.4  -999.9     0.0    11.9    15.9   330.0
SUMMERSIDE_A  1984   8   5  218     16.2    30.9    22.8  -999.9     0.2    12.5    20.6   330.0
SUMMERSIDE_A  1984   8   6  219     17.3    29.8    20.9  -999.9     0.0     8.5    21.4   330.0
SUMMERSIDE_A  1984   8   7  220     19.0    28.3    17.9  -999.9    11.2    19.5    22.5   330.0
SUMMERSIDE_A  1984   8   8  221     17.5    22.7    13.3  -999.9     0.0    13.6    20.2   330.0
SUMMERSIDE_A  1984   8   9  222     15.8    24.7    17.3  -999.9     0.0    11.8    19.5   330.0
SUMMERSIDE_A  1984   8  10  223     17.0    25.7    17.0  -999.9     0.4    19.4    21.1   330.0
SUMMERSIDE_A  1984   8  11  224     20.8    28.7    16.1  -999.9    26.8    10.7    28.0   330.0
SUMMERSIDE_A  1984   8  12  225     18.8    24.4    13.5  -999.9    16.0    12.1    24.6   330.0
SUMMERSIDE_A  1984   8  13  226     18.9    22.3    10.5  -999.9     0.0     9.0    21.8   330.0
SUMMERSIDE_A  1984   8  14  227     19.5    25.5    13.8  -999.9    37.8     8.5    24.4   330.0
SUMMERSIDE_A  1984   8  15  228     19.3    27.5    16.0  -999.9     4.0    15.8    25.2   330.0
SUMMERSIDE_A  1984   8  16  229     19.0    26.3    15.0  -999.9    10.0    23.6    24.1   330.0
SUMMERSIDE_A  1984   8  17  230     16.7    22.5    13.3  -999.9     0.0    11.8    18.6   330.0
SUMMERSIDE_A  1984   8  18  231     16.4    21.0    11.8  -999.9    31.0    15.7    17.5   330.0
SUMMERSIDE_A  1984   8  19  232     15.8    21.1    12.6  -999.9     0.2     8.8    16.1   330.0
SUMMERSIDE_A  1984   8  20  233     14.4    20.3    13.2  -999.9    33.8    10.5    16.5   330.0
SUMMERSIDE_A  1984   8  21  234     12.4    20.4    15.2  -999.9     0.0    21.4    13.4   330.0
SUMMERSIDE_A  1984   8  22  235     13.3    26.4    19.3  -999.9     0.0    18.1    16.8   330.0
SUMMERSIDE_A  1984   8  23  236     16.8    22.4    12.5  -999.9     0.0    18.1    19.0   330.0
SUMMERSIDE_A  1984   8  24  237     13.6    20.7    14.0  -999.9    17.4    25.7    18.0   330.0
SUMMERSIDE_A  1984   8  25  238     11.6    19.1    14.3  -999.9     0.0    24.4    11.6   330.0
SUMMERSIDE_A  1984   8  26  239     12.1    24.1    17.9  -999.9     0.0    13.6    14.4   330.0
SUMMERSIDE_A  1984   8  27  240     15.2    24.3    15.5  -999.9     0.0    24.2    16.5   330.0
SUMMERSIDE_A  1984   8  28  241     15.7    24.0    14.7  -999.9     0.0    23.8    18.8   330.0
SUMMERSIDE_A  1984   8  29  242     15.6    24.0    14.7  -999.9     0.0    19.6    19.7   330.0
SUMMERSIDE_A  1984   8  30  243     17.8    23.6    12.1  -999.9     0.0    20.5    21.2   330.0
SUMMERSIDE_A  1984   8  31  244     19.2    25.8    12.8  -999.9     0.0    19.6    22.7   330.0
SUMMERSIDE_A  1984   9   1  245     14.6    23.9    15.0  -999.9     6.5    11.3    18.1   330.0
SUMMERSIDE_A  1984   9   2  246     14.0    17.6     9.3  -999.9     1.2    29.7    14.5   330.0
SUMMERSIDE_A  1984   9   3  247     12.0    17.4    11.3  -999.9     3.6    20.9    13.2   330.0
SUMMERSIDE_A  1984   9   4  248     11.1    19.0    13.5  -999.9     0.0    10.8    12.2   330.0
SUMMERSIDE_A  1984   9   5  249     13.6    16.9     8.6  -999.9    18.6    12.4    16.1   330.0
SUMMERSIDE_A  1984   9   6  250     12.2    18.0    11.4  -999.9     0.0     8.2    13.7   330.0
SUMMERSIDE_A  1984   9   7  251      9.1    17.3    13.4  -999.9     0.0    13.1    11.1   330.0
SUMMERSIDE_A  1984   9   8  252      8.5    18.6    14.7  -999.9     0.0     8.8    10.6   330.0
SUMMERSIDE_A  1984   9   9  253     13.8    24.0    14.6  -999.9     0.0    23.0    15.5   330.0
SUMMERSIDE_A  1984   9  10  254     13.9    19.5    10.7  -999.9     0.0    28.8    15.8   330.0
SUMMERSIDE_A  1984   9  11  255     14.0    21.8    12.5  -999.9     8.0    29.8    17.8   330.0
SUMMERSIDE_A  1984   9  12  256     11.0    19.0    12.6  -999.9     2.2    16.9    13.2   330.0
SUMMERSIDE_A  1984   9  13  257     10.2    16.1    10.7  -999.9     0.6    19.2    11.6   330.0
SUMMERSIDE_A  1984   9  14  258      8.7    20.0    14.6  -999.9     6.6    27.4    13.3   330.0
SUMMERSIDE_A  1984   9  15  259      7.5    12.9    10.0  -999.9    19.0    11.3     9.9   330.0
SUMMERSIDE_A  1984   9  16  260      7.3    14.3    11.3  -999.9     4.6    19.8     9.3   330.0
SUMMERSIDE_A  1984   9  17  261      6.3    16.3    13.3  -999.9     0.0    11.5     8.5   330.0
SUMMERSIDE_A  1984   9  18  262      8.8    18.9    13.3  -999.9     0.0    19.6    11.0   330.0
SUMMERSIDE_A  1984   9  19  263     10.6    18.8    11.8  -999.9     0.0    23.9    11.3   330.0
SUMMERSIDE_A  1984   9  20  264     10.0    17.4    11.1  -999.9     6.2    20.7    13.4   330.0
SUMMERSIDE_A  1984   9  21  265      6.4    14.5    11.5  -999.9     0.2    22.8     8.2   330.0
SUMMERSIDE_A  1984   9  22  266      5.4    13.8    11.6  -999.9     0.0    20.9     7.5   330.0
SUMMERSIDE_A  1984   9  23  267      4.7    16.0    13.3  -999.9     0.0    18.0     9.1   330.0
SUMMERSIDE_A  1984   9  24  268     10.1    23.1    14.1  -999.9     0.0    19.3    14.3   330.0
SUMMERSIDE_A  1984   9  25  269      9.2    19.3    12.3  -999.9     0.0    19.3    11.1   330.0
SUMMERSIDE_A  1984   9  26  270      6.3    22.3    15.2  -999.9    10.8    29.2    13.4   330.0
SUMMERSIDE_A  1984   9  27  271      3.5    11.1    10.4  -999.9     0.0    21.4     5.7   330.0
SUMMERSIDE_A  1984   9  28  272      4.5    15.2    12.2  -999.9     0.0    19.6     7.4   330.0
SUMMERSIDE_A  1984   9  29  273      6.2    16.1    11.6  -999.9     0.0    13.6     8.4   330.0
SUMMERSIDE_A  1984   9  30  274      4.6    13.1    10.6  -999.9     0.0    16.0     8.7   330.0
SUMMERSIDE_A  1984  10   1  275      3.6    14.0    11.6  -999.9     0.0     4.9     8.3   330.0
SUMMERSIDE_A  1984  10   2  276      7.6    11.6     7.1  -999.9    19.0    21.0     9.9   330.0
SUMMERSIDE_A  1984  10   3  277      7.9    12.9     7.8  -999.9     1.0    22.8    11.5   330.0
SUMMERSIDE_A  1984  10   4  278      3.0    11.2     9.9  -999.9    10.2    23.9     8.2   330.0
SUMMERSIDE_A  1984  10   5  279     -0.4     5.8     8.5  -999.9     4.0    24.0     5.6   330.0
SUMMERSIDE_A  1984  10   6  280      0.7     7.9     9.0  -999.9     0.0    25.1     5.5   330.0
SUMMERSIDE_A  1984  10   7  281      0.7    11.6    11.0  -999.9     0.0    17.9     6.7   330.0
SUMMERSIDE_A  1984  10   8  282      8.4    14.2     7.9  -999.9     5.4    11.4     9.1   330.0
SUMMERSIDE_A  1984  10   9  283      2.2    10.0     9.0  -999.9     0.0    12.8     7.4   330.0
SUMMERSIDE_A  1984  10  10  284      1.0     9.8     9.5  -999.9     0.0     9.2     6.1   330.0
SUMMERSIDE_A  1984  10  11  285      6.5    16.9    10.2  -999.9     0.0    15.1    10.2   330.0
SUMMERSIDE_A  1984  10  12  286      1.8    12.5    10.2  -999.9     0.0    24.0     7.6   330.0
SUMMERSIDE_A  1984  10  13  287      1.8    11.9     9.7  -999.9     0.0     8.1     7.3   330.0
SUMMERSIDE_A  1984  10  14  288      3.9    16.0    10.5  -999.9     0.0     9.1     9.2   330.0
SUMMERSIDE_A  1984  10  15  289      2.6     8.1     7.0  -999.9     0.0    13.4     8.5   330.0
SUMMERSIDE_A  1984  10  16  290      6.1     8.9     4.9  -999.9     0.0    36.2     7.5   330.0
SUMMERSIDE_A  1984  10  17  291      6.2     8.6     4.5  -999.9     0.0    31.8     7.7   330.0
SUMMERSIDE_A  1984  10  18  292      5.6    10.7     6.5  -999.9     0.0    23.0     9.5   330.0
SUMMERSIDE_A  1984  10  19  293      5.4    16.3     9.3  -999.9     0.0    10.3    10.0   330.0
SUMMERSIDE_A  1984  10  20  294      6.7    13.7     7.4  -999.9     0.0    11.7    10.9   330.0
SUMMERSIDE_A  1984  10  21  295      9.6    16.0     6.9  -999.9     4.8    17.5     9.7   330.0
SUMMERSIDE_A  1984  10  22  296      8.7    15.0     6.8  -999.9     0.0    18.1    12.7   330.0
SUMMERSIDE_A  1984  10  23  297      5.8     9.5     5.1  -999.9     2.4     3.6     9.7   330.0
SUMMERSIDE_A  1984  10  24  298      5.0    12.1     7.0  -999.9     0.0    12.5     8.7   330.0
SUMMERSIDE_A  1984  10  25  299      2.9    13.1     8.3  -999.9     0.0    21.0     6.8   330.0
SUMMERSIDE_A  1984  10  26  300     -1.3     4.6     6.2  -999.9     0.0    15.6     4.0   330.0
SUMMERSIDE_A  1984  10  27  301     -0.7     6.9     6.9  -999.9     0.0    12.0     4.8   330.0
SUMMERSIDE_A  1984  10  28  302      6.3    13.1     6.5  -999.9     6.2    31.5    10.5   330.0
SUMMERSIDE_A  1984  10  29  303      1.3    12.7     8.3  -999.9     1.2    14.6     8.9   330.0
SUMMERSIDE_A  1984  10  30  304      0.5     8.8     7.0  -999.9     0.0     5.0     6.7   330.0
SUMMERSIDE_A  1984  10  31  305     -1.1    10.5     8.1  -999.9     0.0    21.6     6.7   330.0
SUMMERSIDE_A  1984  11   1  306     -2.6     8.7     7.9  -999.9     0.0    14.9     5.6   330.0
SUMMERSIDE_A  1984  11   2  307      0.6    16.0     9.1  -999.9     2.8    39.2     8.4   330.0
SUMMERSIDE_A  1984  11   3  308     -1.1     3.1     4.7  -999.9     0.0    19.2     3.7   330.0
SUMMERSIDE_A  1984  11   4  309     -1.6     7.0     6.6  -999.9     0.0    13.7     5.0   330.0
SUMMERSIDE_A  1984  11   5  310      4.3    15.0     7.3  -999.9     0.8    17.8    11.2   330.0
SUMMERSIDE_A  1984  11   6  311      4.0    13.2     6.6  -999.9     1.0     8.1    10.8   330.0
SUMMERSIDE_A  1984  11   7  312     -1.6     7.3     6.4  -999.9     0.0    19.8     5.6   330.0
SUMMERSIDE_A  1984  11   8  313     -5.3     1.9     5.7  -999.9     0.0    14.0     3.4   330.0
SUMMERSIDE_A  1984  11   9  314     -4.0     4.1     6.0  -999.9     0.0     8.8     3.6   330.0
SUMMERSIDE_A  1984  11  10  315      3.2     8.5     4.8  -999.9     7.4    22.8     7.5   330.0
SUMMERSIDE_A  1984  11  11  316      7.4    14.1     5.3  -999.9     1.8    22.1    11.9   330.0
SUMMERSIDE_A  1984  11  12  317      9.8    15.9     5.0  -999.9     0.0    26.8    11.4   330.0
SUMMERSIDE_A  1984  11  13  318      6.8    11.6     4.4  -999.9     4.8    13.4    10.7   330.0
SUMMERSIDE_A  1984  11  14  319     -0.2     7.0     5.3  -999.9    23.3    29.9     7.5   330.0
SUMMERSIDE_A  1984  11  15  320     -1.2     3.1     4.0  -999.9     0.0    24.7     4.9   330.0
SUMMERSIDE_A  1984  11  16  321      0.9     9.3     5.6  -999.9     2.2    18.2     7.5   330.0
SUMMERSIDE_A  1984  11  17  322     -2.5     4.9     5.2  -999.9     2.2    18.9     6.0   330.0
SUMMERSIDE_A  1984  11  18  323     -3.3    -0.9     2.9  -999.9     0.0    26.2     3.6   330.0
SUMMERSIDE_A  1984  11  19  324     -6.3    -2.1     3.8  -999.9     1.0    21.1     3.4   330.0
SUMMERSIDE_A  1984  11  20  325     -5.5    -0.7     4.0  -999.9     0.0    29.2     3.6   330.0
SUMMERSIDE_A  1984  11  21  326     -2.6     4.0     4.7  -999.9     0.2    24.8     5.3   330.0
SUMMERSIDE_A  1984  11  22  327     -1.6     3.0     3.9  -999.9     0.0     9.7     5.5   330.0
SUMMERSIDE_A  1984  11  23  328     -2.0     5.9     5.0  -999.9     0.4    17.0     5.8   330.0
SUMMERSIDE_A  1984  11  24  329     -2.0     2.2     3.6  -999.9     0.4    23.6     4.8   330.0
SUMMERSIDE_A  1984  11  25  330     -2.0     1.0     3.0  -999.9     0.0    18.9     4.4   330.0
SUMMERSIDE_A  1984  11  26  331     -1.4     5.1     4.4  -999.9     0.0    12.2     5.6   330.0
SUMMERSIDE_A  1984  11  27  332     -2.1     6.7     5.1  -999.9     0.0    11.3     6.5   330.0
SUMMERSIDE_A  1984  11  28  333      1.1     6.9     4.1  -999.9     0.0    18.9     7.9   330.0
SUMMERSIDE_A  1984  11  29  334      1.9     9.3     4.6  -999.9     1.8    17.6     8.8   330.0
SUMMERSIDE_A  1984  11  30  335      1.9     9.7     4.6  -999.9     4.8    27.5     8.0   330.0
SUMMERSIDE_A  1984  12   1  336      1.0     6.2     3.8  -999.9     0.4    12.9     5.7   330.0
SUMMERSIDE_A  1984  12   2  337     -1.1     3.0     3.3  -999.9     1.2     8.0     6.1   330.0
SUMMERSIDE_A  1984  12   3  338     -0.2     3.0     2.9  -999.9     0.0    10.8     5.5   330.0
SUMMERSIDE_A  1984  12   4  339     -1.5     6.0     4.4  -999.9     5.2    33.2     5.8   330.0
SUMMERSIDE_A  1984  12   5  340     -8.3    -1.3     4.2  -999.9     0.0    33.3     2.9   330.0
SUMMERSIDE_A  1984  12   6  341     -7.5     7.9     6.3  -999.9     8.0    22.1     5.2   330.0
SUMMERSIDE_A  1984  12   7  342    -10.9     7.0     6.7  -999.9     1.2    32.6     4.3   330.0
SUMMERSIDE_A  1984  12   8  343    -13.1    -1.1     5.5  -999.9     3.0    18.8     3.0   330.0
SUMMERSIDE_A  1984  12   9  344     -7.6    -0.9     4.1  -999.9     0.0    17.7     3.5   330.0
SUMMERSIDE_A  1984  12  10  345     -7.7     3.0     5.1  -999.9     3.8    10.9     3.9   330.0
SUMMERSIDE_A  1984  12  11  346     -0.8     5.2     3.8  -999.9     9.8    13.8     6.8   330.0
SUMMERSIDE_A  1984  12  12  347      0.0     4.0     3.1  -999.9     1.2     7.6     6.9   330.0
SUMMERSIDE_A  1984  12  13  348      1.8     6.9     3.5  -999.9     2.6    18.2     8.1   330.0
SUMMERSIDE_A  1984  12  14  349     -8.9     2.1     5.1  -999.9     0.8    30.5     3.4   330.0
SUMMERSIDE_A  1984  12  15  350     -8.5    -5.1     2.8  -999.9     0.0    12.9     2.7   330.0
SUMMERSIDE_A  1984  12  16  351     -6.8     3.3     4.9  -999.9     0.0    24.7     4.2   330.0
SUMMERSIDE_A  1984  12  17  352      0.4     7.6     4.1  -999.9     0.0    31.7     7.1   330.0
SUMMERSIDE_A  1984  12  18  353     -3.9     1.0     3.4  -999.9     1.6    20.5     4.4   330.0
SUMMERSIDE_A  1984  12  19  354     -4.5    -2.1     2.4  -999.9     2.8     5.6     4.2   330.0
SUMMERSIDE_A  1984  12  20  355     -2.8     0.0     2.6  -999.9     0.8    10.9     5.2   330.0
SUMMERSIDE_A  1984  12  21  356    -12.4    -2.2     4.9  -999.9     0.0    22.0     2.6   330.0
SUMMERSIDE_A  1984  12  22  357    -11.3     5.1     6.2  -999.9     7.2    23.3     4.3   330.0
SUMMERSIDE_A  1984  12  23  358     -5.8     1.7     4.2  -999.9     0.0    26.4     4.0   330.0
SUMMERSIDE_A  1984  12  24  359     -5.5     5.2     5.0  -999.9     0.0    26.6     4.6   330.0
SUMMERSIDE_A  1984  12  25  360    -11.4     6.9     6.6  -999.9     3.2    37.4     4.0   330.0
SUMMERSIDE_A  1984  12  26  361    -21.3    -5.9     6.1  -999.9     0.4    40.7     1.4   330.0
SUMMERSIDE_A  1984  12  27  362    -21.7   -15.6     3.8  -999.9     2.0    24.4     0.9   330.0
SUMMERSIDE_A  1984  12  28  363    -16.8    -2.0     6.0  -999.9     2.4    15.6     2.2   330.0
SUMMERSIDE_A  1984  12  29  364     -3.4     2.0     3.6  -999.9     1.0    16.8     5.4   330.0
SUMMERSIDE_A  1984  12  30  365    -12.6     2.0     6.0  -999.9     0.0    22.9     3.2   330.0
