SUMMERSIDE  2006   1   1    1     -7.0    -2.3     3.4  -999.9     0.0    21.4     3.8   330.0
SUMMERSIDE  2006   1   2    2     -5.6    -4.6     1.6  -999.9     1.2    11.0     3.8   330.0
SUMMERSIDE  2006   1   3    3    -10.3    -4.8     3.7  -999.9     0.7     7.5     2.9   330.0
SUMMERSIDE  2006   1   4    4    -15.4    -1.3     6.0  -999.9     0.0     7.2     2.9   330.0
SUMMERSIDE  2006   1   5    5    -11.8    -0.7     5.4  -999.9     0.0    10.2     3.4   330.0
SUMMERSIDE  2006   1   6    6     -4.6     0.1     3.5  -999.9     3.8     5.8     5.0   330.0
SUMMERSIDE  2006   1   7    7     -3.0    -0.9     2.4  -999.9     0.0    19.9     4.9   330.0
SUMMERSIDE  2006   1   8    8    -10.5    -6.0     3.5  -999.9     0.7    14.1     2.8   330.0
SUMMERSIDE  2006   1   9    9    -13.3    -1.1     5.8  -999.9     6.5     7.9     3.4   330.0
SUMMERSIDE  2006   1  10   10     -5.9    -2.7     3.0  -999.9     0.0    24.2     3.8   330.0
SUMMERSIDE  2006   1  11   11     -4.7     5.0     5.3  -999.9     3.3    18.5     5.3   330.0
SUMMERSIDE  2006   1  12   12      0.0     6.2     4.3  -999.9     2.5    23.6     7.4   330.0
SUMMERSIDE  2006   1  13   13     -0.1     4.7     3.8  -999.9     0.0    18.7     6.5   330.0
SUMMERSIDE  2006   1  14   14      1.4    12.4     5.8  -999.9     2.4    30.9     9.4   330.0
SUMMERSIDE  2006   1  15   15      1.6    12.5     5.8  -999.9    12.8    26.2     9.8   330.0
SUMMERSIDE  2006   1  16   16     -6.4    -3.7     2.9  -999.9     1.9     8.6     4.0   330.0
SUMMERSIDE  2006   1  17   17     -5.7    -2.9     3.0  -999.9     0.0     4.5     3.8   330.0
SUMMERSIDE  2006   1  18   18     -8.7     7.8     7.4  -999.9     8.5    49.0     5.2   330.0
SUMMERSIDE  2006   1  19   19     -1.3     2.1     3.4  -999.9     0.0    39.0     4.6   330.0
SUMMERSIDE  2006   1  20   20     -3.1     2.1     4.3  -999.9     2.8    15.4     5.1   330.0
SUMMERSIDE  2006   1  21   21     -1.0     5.9     5.0  -999.9     0.8    19.1     6.7   330.0
SUMMERSIDE  2006   1  22   22     -9.9    -7.9     2.7  -999.9     0.0    38.0     2.0   330.0
SUMMERSIDE  2006   1  23   23    -10.2    -1.9     5.6  -999.9     1.9    14.8     2.9   330.0
SUMMERSIDE  2006   1  24   24     -5.8    -0.3     4.6  -999.9     0.6     9.7     4.7   330.0
SUMMERSIDE  2006   1  25   25     -6.4     1.3     5.5  -999.9     0.0    14.1     5.0   330.0
SUMMERSIDE  2006   1  26   26     -4.7    -2.5     3.0  -999.9     0.6    36.8     4.3   330.0
SUMMERSIDE  2006   1  27   27     -9.6    -1.5     5.8  -999.9     0.0    28.1     2.7   330.0
SUMMERSIDE  2006   1  28   28     -5.8     4.3     6.6  -999.9     0.0    22.4     4.1   330.0
SUMMERSIDE  2006   1  29   29     -5.5    -2.5     3.6  -999.9     0.0    22.1     3.2   330.0
SUMMERSIDE  2006   1  30   30     -6.8    -4.3     3.4  -999.9     0.0    18.2     3.2   330.0
SUMMERSIDE  2006   1  31   31     -6.3    -0.8     5.0  -999.9     0.6    23.1     4.0   330.0
SUMMERSIDE  2006   2   1   32     -3.7    -1.9     2.9  -999.9     0.6    48.7     4.6   330.0
SUMMERSIDE  2006   2   2   33     -3.6    -2.6     2.2  -999.9     0.0    14.9     4.0   330.0
SUMMERSIDE  2006   2   3   34     -4.3     4.6     6.7  -999.9     1.6    16.9     5.2   330.0
SUMMERSIDE  2006   2   4   35     -2.1     7.3     7.0  -999.9     1.6    17.8     6.7   330.0
SUMMERSIDE  2006   2   5   36     -0.3     9.7     7.3  -999.9    16.2    26.1     8.1   330.0
SUMMERSIDE  2006   2   6   37      2.1     4.1     3.3  -999.9     0.0    27.2     6.6   330.0
SUMMERSIDE  2006   2   7   38     -4.0    -1.5     3.7  -999.9     0.0    18.1     3.6   330.0
SUMMERSIDE  2006   2   8   39     -8.7    -3.3     5.6  -999.9     0.0    17.9     2.8   330.0
SUMMERSIDE  2006   2   9   40     -9.6    -5.1     5.2  -999.9     0.6    12.6     2.4   330.0
SUMMERSIDE  2006   2  10   41    -11.5    -7.0     5.2  -999.9     0.0    13.9     2.3   330.0
SUMMERSIDE  2006   2  11   42    -14.2    -8.4     6.0  -999.9     0.0    15.8     2.0   330.0
SUMMERSIDE  2006   2  12   43    -16.8    -3.8     9.2  -999.9     4.0    21.2     2.4   330.0
SUMMERSIDE  2006   2  13   44     -7.9    -4.9     4.5  -999.9     0.0    37.4     3.6   330.0
SUMMERSIDE  2006   2  14   45     -9.7     0.1     8.2  -999.9     0.0    18.7     3.3   330.0
SUMMERSIDE  2006   2  15   46    -12.6     2.9    10.5  -999.9     0.0    14.7     3.6   330.0
SUMMERSIDE  2006   2  16   47     -2.3     1.0     4.9  -999.9     0.0    15.5     4.6   330.0
SUMMERSIDE  2006   2  17   48     -4.9     9.6    10.4  -999.9     1.3    31.3     6.3   330.0
SUMMERSIDE  2006   2  18   49    -11.4    -7.3     5.6  -999.9     0.0    48.2     1.7   330.0
SUMMERSIDE  2006   2  19   50    -17.8   -12.4     6.5  -999.9     0.0    30.6     1.1   330.0
SUMMERSIDE  2006   2  20   51    -15.4    -4.1     9.6  -999.9     0.0    13.7     2.1   330.0
SUMMERSIDE  2006   2  21   52    -11.2    -1.5     9.0  -999.9     2.8    12.8     2.8   330.0
SUMMERSIDE  2006   2  22   53     -6.6    -2.8     5.7  -999.9     0.0     8.4     4.1   330.0
SUMMERSIDE  2006   2  23   54    -16.3    -4.2    10.3  -999.9     0.0     5.5     2.7   330.0
SUMMERSIDE  2006   2  24   55    -12.5    -3.4     9.1  -999.9     1.9     9.1     3.3   330.0
SUMMERSIDE  2006   2  25   56    -13.2    -6.6     7.9  -999.9     0.0    12.9     2.5   330.0
SUMMERSIDE  2006   2  26   57    -16.3    -8.3     8.8  -999.9     0.0    26.2     1.5   330.0
SUMMERSIDE  2006   2  27   58    -16.6   -13.1     5.9  -999.9     0.7    20.8     1.4   330.0
SUMMERSIDE  2006   2  28   59    -18.2   -10.2     9.0  -999.9     0.6    17.2     1.4   330.0
SUMMERSIDE  2006   3   1   60    -16.2   -12.6     6.1  -999.9     0.0     9.9     1.5   330.0
SUMMERSIDE  2006   3   2   61    -21.9   -10.5    11.0  -999.9     0.0     7.4     1.2   330.0
SUMMERSIDE  2006   3   3   62    -18.6    -4.8    12.3  -999.9     0.0    14.2     2.0   330.0
SUMMERSIDE  2006   3   4   63     -8.1    -0.7     9.1  -999.9     0.6    14.6     4.0   330.0
SUMMERSIDE  2006   3   5   64     -6.4     3.7    10.8  -999.9     0.0    22.2     4.2   330.0
SUMMERSIDE  2006   3   6   65     -3.0     1.2     7.1  -999.9     0.0    16.7     4.5   330.0
SUMMERSIDE  2006   3   7   66     -6.2     4.4    11.4  -999.9     0.0     8.4     4.8   330.0
SUMMERSIDE  2006   3   8   67     -3.0     0.1     6.2  -999.9     3.6    14.0     5.0   330.0
SUMMERSIDE  2006   3   9   68     -5.1    -0.3     7.8  -999.9     1.3    14.2     4.9   330.0
SUMMERSIDE  2006   3  10   69     -1.8     5.4     9.7  -999.9     7.1    30.8     6.6   330.0
SUMMERSIDE  2006   3  11   70      1.4     6.4     8.2  -999.9     0.0    23.8     6.4   330.0
SUMMERSIDE  2006   3  12   71     -0.2    10.7    12.3  -999.9     2.9    21.1     6.1   330.0
SUMMERSIDE  2006   3  13   72      1.1     8.4    10.2  -999.9     0.0    20.7     6.8   330.0
SUMMERSIDE  2006   3  14   73     -0.2     3.4     7.2  -999.9     7.9    19.5     5.9   330.0
SUMMERSIDE  2006   3  15   74     -0.2     2.7     6.6  -999.9     0.0    28.3     5.9   330.0
SUMMERSIDE  2006   3  16   75     -2.3     0.2     6.2  -999.9     0.0    19.5     4.5   330.0
SUMMERSIDE  2006   3  17   76     -4.9    -1.7     7.1  -999.9     0.6    12.7     3.7   330.0
SUMMERSIDE  2006   3  18   77     -6.7    -2.5     8.2  -999.9     0.0    11.3     3.3   330.0
SUMMERSIDE  2006   3  19   78     -5.4    -1.0     8.5  -999.9     0.0     8.5     3.9   330.0
SUMMERSIDE  2006   3  20   79     -6.9     2.7    12.7  -999.9     0.0    19.7     4.1   330.0
SUMMERSIDE  2006   3  21   80     -1.2     2.4     7.8  -999.9     0.0    14.8     5.7   330.0
SUMMERSIDE  2006   3  22   81     -0.9     2.4     7.6  -999.9     2.0    18.7     6.1   330.0
SUMMERSIDE  2006   3  23   82     -0.8     2.1     7.2  -999.9     0.6    30.2     6.3   330.0
SUMMERSIDE  2006   3  24   83     -1.1     3.7     9.4  -999.9     0.0    17.0     5.8   330.0
SUMMERSIDE  2006   3  25   84     -1.5     5.6    11.5  -999.9     0.0     9.7     5.9   330.0
SUMMERSIDE  2006   3  26   85     -2.2     2.8     9.8  -999.9     0.0    15.5     5.6   330.0
SUMMERSIDE  2006   3  27   86     -2.4     4.3    11.4  -999.9     0.0    21.6     5.3   330.0
SUMMERSIDE  2006   3  28   87     -2.5     6.9    13.7  -999.9     0.0    15.1     4.7   330.0
SUMMERSIDE  2006   3  29   88     -2.5    13.3    17.9  -999.9     0.0    10.8     5.7   330.0
SUMMERSIDE  2006   3  30   89      0.0    13.4    16.6  -999.9     0.0    13.3     6.1   330.0
SUMMERSIDE  2006   3  31   90     -1.0    13.0    17.2  -999.9     0.0    15.5     6.3   330.0
SUMMERSIDE  2006   4   1   91      3.8    15.3    15.7  -999.9    10.5    21.6     8.8   330.0
SUMMERSIDE  2006   4   2   92      2.2     6.0     9.1  -999.9     3.5    28.2     7.5   330.0
SUMMERSIDE  2006   4   3   93      1.4     4.9     8.8  -999.9     0.0    28.4     5.5   330.0
SUMMERSIDE  2006   4   4   94     -2.3     3.9    11.9  -999.9     0.6    20.6     5.5   330.0
SUMMERSIDE  2006   4   5   95      0.4     8.6    13.8  -999.9     2.6    19.6     6.9   330.0
SUMMERSIDE  2006   4   6   96      0.2     8.3    13.8  -999.9     9.0    16.5     7.4   330.0
SUMMERSIDE  2006   4   7   97      0.5     9.7    14.9  -999.9     9.4    24.2     7.5   330.0
SUMMERSIDE  2006   4   8   98      3.2     7.8    10.6  -999.9     0.0    24.5     7.5   330.0
SUMMERSIDE  2006   4   9   99      0.0     6.9    13.1  -999.9     0.0    11.5     5.4   330.0
SUMMERSIDE  2006   4  10  100     -2.2     7.3    15.5  -999.9     0.0     9.7     6.1   330.0
SUMMERSIDE  2006   4  11  101      0.3    11.3    16.8  -999.9     0.0    13.6     6.0   330.0
SUMMERSIDE  2006   4  12  102     -1.2    16.0    21.2  -999.9     0.0    14.9     6.4   330.0
SUMMERSIDE  2006   4  13  103      4.2    15.7    17.5  -999.9     2.0    30.2     8.5   330.0
SUMMERSIDE  2006   4  14  104      5.5    10.4    11.5  -999.9     0.0    16.5     9.8   330.0
SUMMERSIDE  2006   4  15  105      0.5    14.3    19.5  -999.9    19.9    14.0     8.8   330.0
SUMMERSIDE  2006   4  16  106      2.8     5.9     9.3  -999.9    20.1    23.9     8.1   330.0
SUMMERSIDE  2006   4  17  107      1.8     3.3     6.5  -999.9    17.9    44.2     7.1   330.0
SUMMERSIDE  2006   4  18  108      1.4     2.9     6.6  -999.9     0.0    44.9     6.9   330.0
SUMMERSIDE  2006   4  19  109      1.9     3.1     5.9  -999.9    26.0    41.6     6.9   330.0
SUMMERSIDE  2006   4  20  110      0.1     3.0     9.3  -999.9     0.6    34.3     6.7   330.0
SUMMERSIDE  2006   4  21  111     -0.3     3.2    10.2  -999.9     0.0    39.1     5.6   330.0
SUMMERSIDE  2006   4  22  112     -1.6     7.8    16.9  -999.9     0.0    17.3     5.7   330.0
SUMMERSIDE  2006   4  23  113     -2.2    14.4    22.6  -999.9     0.0     8.0     5.3   330.0
SUMMERSIDE  2006   4  24  114      2.1    12.1    17.7  -999.9     7.1    20.2     7.6   330.0
SUMMERSIDE  2006   4  25  115      7.8    11.9    11.4  -999.9     3.0    25.2    11.3   330.0
SUMMERSIDE  2006   4  26  116      0.0     8.7    16.7  -999.9     0.0    29.6     5.2   330.0
SUMMERSIDE  2006   4  27  117      3.4    10.9    15.6  -999.9     0.0    21.5     7.1   330.0
SUMMERSIDE  2006   4  28  118     -0.1     5.9    14.0  -999.9     0.0    15.9     5.1   330.0
SUMMERSIDE  2006   4  29  119     -3.6     7.7    19.4  -999.9     0.0     9.8     4.7   330.0
SUMMERSIDE  2006   4  30  120     -1.7    16.0    24.4  -999.9     0.0    11.2     6.6   330.0
SUMMERSIDE  2006   5   1  121      3.4     8.8    13.6  -999.9     0.0    19.5     6.9   330.0
SUMMERSIDE  2006   5   2  122      5.5    10.9    13.6  -999.9     0.0    12.2     8.2   330.0
SUMMERSIDE  2006   5   3  123      7.1    13.3    14.7  -999.9     0.0    14.5     8.0   330.0
SUMMERSIDE  2006   5   4  124      5.6    12.4    15.5  -999.9     0.0    10.8     9.0   330.0
SUMMERSIDE  2006   5   5  125      8.0    19.4    20.1  -999.9     0.0    14.5    13.1   330.0
SUMMERSIDE  2006   5   6  126      6.8    18.3    20.3  -999.9     0.0    19.1    12.5   330.0
SUMMERSIDE  2006   5   7  127      8.7    16.2    16.5  -999.9     0.0    23.9     9.3   330.0
SUMMERSIDE  2006   5   8  128      4.2    14.8    19.7  -999.9     0.0    13.9     5.4   330.0
SUMMERSIDE  2006   5   9  129      1.9    15.6    22.5  -999.9     0.0    19.0     6.9   330.0
SUMMERSIDE  2006   5  10  130      6.7    19.2    21.6  -999.9     0.0    19.3    13.0   330.0
SUMMERSIDE  2006   5  11  131      9.4    20.4    20.4  -999.9     0.0    19.5     8.0   330.0
SUMMERSIDE  2006   5  12  132      2.2    16.6    23.4  -999.9     0.0    16.0     5.8   330.0
SUMMERSIDE  2006   5  13  133      2.0    15.4    22.7  -999.9     0.0    14.3     8.9   330.0
SUMMERSIDE  2006   5  14  134      4.6    15.9    20.9  -999.9     0.0    11.8    11.2   330.0
SUMMERSIDE  2006   5  15  135      3.8    25.3    29.0  -999.9     0.0    13.3     9.6   330.0
SUMMERSIDE  2006   5  16  136      8.0    19.9    21.6  -999.9    11.5    14.6    11.1   330.0
SUMMERSIDE  2006   5  17  137     10.5    17.0    16.0  -999.9     0.0    24.4    13.5   330.0
SUMMERSIDE  2006   5  18  138      9.2    18.1    18.8  -999.9     0.9    14.0    13.4   330.0
SUMMERSIDE  2006   5  19  139     11.4    20.3    18.9  -999.9     5.5    27.1    15.5   330.0
SUMMERSIDE  2006   5  20  140     10.4    19.6    19.3  -999.9     0.0    27.1    12.8   330.0
SUMMERSIDE  2006   5  21  141      9.9    17.6    17.7  -999.9     1.7    12.8    12.6   330.0
SUMMERSIDE  2006   5  22  142      9.2    11.4     9.5  -999.9    11.4    11.2    11.5   330.0
SUMMERSIDE  2006   5  23  143      6.8    13.5    16.6  -999.9     0.0    13.2    10.6   330.0
SUMMERSIDE  2006   5  24  144      5.1    12.6    17.6  -999.9     0.6    13.8     9.6   330.0
SUMMERSIDE  2006   5  25  145      3.4    18.1    24.8  -999.9     0.0    18.7    10.0   330.0
SUMMERSIDE  2006   5  26  146     10.3    15.9    15.3  -999.9     0.0    26.0    11.7   330.0
SUMMERSIDE  2006   5  27  147     12.6    17.6    14.5  -999.9     0.0    19.4    15.3   330.0
SUMMERSIDE  2006   5  28  148      8.3    25.2    26.8  -999.9     0.0    14.2    14.1   330.0
SUMMERSIDE  2006   5  29  149     12.3    16.4    13.2  -999.9     0.0    11.3    13.4   330.0
SUMMERSIDE  2006   5  30  150      5.0    16.2    21.9  -999.9     0.0    12.8     7.5   330.0
SUMMERSIDE  2006   5  31  151      8.6    18.0    20.1  -999.9     0.0    24.4    10.3   330.0
SUMMERSIDE  2006   6   1  152     13.4    22.1    19.4  -999.9     0.0    18.6    17.5   330.0
SUMMERSIDE  2006   6   2  153     12.3    21.9    20.4  -999.9     0.0     9.5    12.5   330.0
SUMMERSIDE  2006   6   3  154     12.2    14.6    10.2  -999.9    21.9    14.6    12.6   330.0
SUMMERSIDE  2006   6   4  155     11.2    12.7     8.1  -999.9    65.5    22.4    13.3   330.0
SUMMERSIDE  2006   6   5  156     11.4    12.6     7.3  -999.9     0.6    14.2    13.5   330.0
SUMMERSIDE  2006   6   6  157      7.9    20.8    23.8  -999.9     0.0    14.3    14.1   330.0
SUMMERSIDE  2006   6   7  158     10.8    21.5    21.7  -999.9     3.6    14.8    15.0   330.0
SUMMERSIDE  2006   6   8  159     11.4    14.0    10.7  -999.9     9.6    26.0    13.7   330.0
SUMMERSIDE  2006   6   9  160     11.0    18.6    18.4  -999.9     1.3    23.5    14.6   330.0
SUMMERSIDE  2006   6  10  161     15.3    22.0    17.3  -999.9     6.1    22.5    19.6   330.0
SUMMERSIDE  2006   6  11  162     13.0    15.7    11.0  -999.9     2.1    15.6    14.8   330.0
SUMMERSIDE  2006   6  12  163     11.7    19.0    18.0  -999.9     0.0    11.5    15.9   330.0
SUMMERSIDE  2006   6  13  164     12.6    20.7    19.0  -999.9     0.0     8.3    17.5   330.0
SUMMERSIDE  2006   6  14  165     12.3    19.9    18.4  -999.9     0.0    10.7    16.2   330.0
SUMMERSIDE  2006   6  15  166     12.4    17.1    14.5  -999.9     4.3    18.5    15.2   330.0
SUMMERSIDE  2006   6  16  167     11.5    24.6    24.2  -999.9     0.0    15.6    14.1   330.0
SUMMERSIDE  2006   6  17  168     14.2    24.4    21.4  -999.9     0.0    27.2    14.4   330.0
SUMMERSIDE  2006   6  18  169     14.3    25.9    22.8  -999.9     0.0    28.0    16.1   330.0
SUMMERSIDE  2006   6  19  170     15.2    24.7    20.7  -999.9     0.0    32.5    18.6   330.0
SUMMERSIDE  2006   6  20  171     16.5    21.4    14.8  -999.9     0.0    29.0    19.1   330.0
SUMMERSIDE  2006   6  21  172     16.2    23.5    18.1  -999.9     0.6    20.2    19.4   330.0
SUMMERSIDE  2006   6  22  173     13.1    25.6    23.7  -999.9     0.0    23.0    16.3   330.0
SUMMERSIDE  2006   6  23  174     18.0    20.6    10.8  -999.9     0.7    20.6    19.5   330.0
SUMMERSIDE  2006   6  24  175     14.2    18.6    14.0  -999.9     0.6    10.4    16.2   330.0
SUMMERSIDE  2006   6  25  176     14.3    24.4    21.3  -999.9     0.0    14.0    20.1   330.0
SUMMERSIDE  2006   6  26  177     17.0    22.3    15.4  -999.9     1.5    16.1    21.0   330.0
SUMMERSIDE  2006   6  27  178     16.9    26.2    20.4  -999.9     0.0    21.1    22.4   330.0
SUMMERSIDE  2006   6  28  179     18.4    27.4    20.0  -999.9     0.0    30.4    22.9   330.0
SUMMERSIDE  2006   6  29  180     19.8    23.9    13.5  -999.9     0.0    26.7    23.4   330.0
SUMMERSIDE  2006   6  30  181     18.7    24.3    15.8  -999.9    29.3    20.2    23.3   330.0
SUMMERSIDE  2006   7   1  182     16.0    22.6    17.1  -999.9     4.5    24.0    18.9   330.0
SUMMERSIDE  2006   7   2  183     11.1    19.7    19.5  -999.9    15.1    23.0    14.9   330.0
SUMMERSIDE  2006   7   3  184     14.6    22.5    18.7  -999.9     0.0    17.0    18.1   330.0
SUMMERSIDE  2006   7   4  185     14.1    20.9    17.3  -999.9     1.5    13.4    17.4   330.0
SUMMERSIDE  2006   7   5  186     16.6    23.4    17.3  -999.9     0.0    16.8    20.5   330.0
SUMMERSIDE  2006   7   6  187     16.5    23.4    17.4  -999.9     0.0    13.6    19.8   330.0
SUMMERSIDE  2006   7   7  188     13.6    24.4    21.7  -999.9     0.0    11.2    17.1   330.0
SUMMERSIDE  2006   7   8  189     13.8    26.6    23.6  -999.9     0.0    14.4    18.5   330.0
SUMMERSIDE  2006   7   9  190     16.9    25.0    18.7  -999.9     0.0    22.5    18.8   330.0
SUMMERSIDE  2006   7  10  191     16.5    24.4    18.4  -999.9     0.0    20.1    19.8   330.0
SUMMERSIDE  2006   7  11  192     16.2    25.7    20.2  -999.9     0.0    21.2    20.6   330.0
SUMMERSIDE  2006   7  12  193     17.7    22.3    14.0  -999.9     4.6    14.1    20.5   330.0
SUMMERSIDE  2006   7  13  194     15.5    19.8    13.5  -999.9     3.9    15.0    19.0   330.0
SUMMERSIDE  2006   7  14  195     16.1    25.4    19.8  -999.9     0.7    13.6    22.2   330.0
SUMMERSIDE  2006   7  15  196     13.3    21.8    18.9  -999.9     0.0    10.8    16.0   330.0
SUMMERSIDE  2006   7  16  197     16.3    26.7    20.8  -999.9     0.0    20.8    20.1   330.0
SUMMERSIDE  2006   7  17  198     18.6    28.5    20.3  -999.9     0.0    18.8    23.9   330.0
SUMMERSIDE  2006   7  18  199     19.1    28.5    19.7  -999.9     0.0    21.9    24.7   330.0
SUMMERSIDE  2006   7  19  200     17.5    25.0    17.5  -999.9     0.0    10.5    17.3   330.0
SUMMERSIDE  2006   7  20  201     14.1    27.9    23.7  -999.9     0.0    17.1    17.2   330.0
SUMMERSIDE  2006   7  21  202     17.6    22.9    14.7  -999.9    18.6    19.3    20.5   330.0
SUMMERSIDE  2006   7  22  203     17.2    26.5    19.3  -999.9    35.5    12.2    23.9   330.0
SUMMERSIDE  2006   7  23  204     18.3    21.6    11.5  -999.9     1.4    16.0    22.4   330.0
SUMMERSIDE  2006   7  24  205     16.6    19.6    10.9  -999.9     1.2    13.7    19.3   330.0
SUMMERSIDE  2006   7  25  206     11.8    25.2    23.0  -999.9     3.3    19.6    17.1   330.0
SUMMERSIDE  2006   7  26  207     16.8    24.5    17.3  -999.9     0.0    19.5    20.8   330.0
SUMMERSIDE  2006   7  27  208     18.1    27.6    19.2  -999.9     0.0    15.1    22.6   330.0
SUMMERSIDE  2006   7  28  209     18.5    24.3    14.9  -999.9    14.6    23.8    23.0   330.0
SUMMERSIDE  2006   7  29  210     19.4    30.2    20.3  -999.9     0.0    13.7    26.1   330.0
SUMMERSIDE  2006   7  30  211     16.4    23.6    16.5  -999.9     0.0    14.5    15.7   330.0
SUMMERSIDE  2006   7  31  212     13.5    24.5    20.3  -999.9     0.6    11.3    17.4   330.0
SUMMERSIDE  2006   8   1  213     11.1    26.6    24.0  -999.9     1.5    13.1    16.3   330.0
SUMMERSIDE  2006   8   2  214     17.8    30.3    21.4  -999.9     0.0    20.2    21.1   330.0
SUMMERSIDE  2006   8   3  215     18.4    23.3    13.4  -999.9     0.0    12.7    18.3   330.0
SUMMERSIDE  2006   8   4  216     15.0    20.8    14.5  -999.9     0.9    15.0    17.5   330.0
SUMMERSIDE  2006   8   5  217     16.3    24.0    16.6  -999.9     0.0    17.8    17.5   330.0
SUMMERSIDE  2006   8   6  218     11.2    26.4    23.2  -999.9     0.0    16.8    14.6   330.0
SUMMERSIDE  2006   8   7  219     15.2    25.6    19.1  -999.9    10.7    28.3    16.9   330.0
SUMMERSIDE  2006   8   8  220     18.4    23.1    12.7  -999.9     0.0    18.1    21.1   330.0
SUMMERSIDE  2006   8   9  221     11.7    22.7    19.4  -999.9     0.0    10.1    15.2   330.0
SUMMERSIDE  2006   8  10  222     14.3    23.7    17.8  -999.9    19.4    17.0    17.6   330.0
SUMMERSIDE  2006   8  11  223     13.0    19.9    15.2  -999.9     0.0    11.6    14.9   330.0
SUMMERSIDE  2006   8  12  224      8.7    20.9    20.1  -999.9     4.9    11.0    13.6   330.0
SUMMERSIDE  2006   8  13  225      9.1    19.6    18.5  -999.9     2.9    13.2    13.0   330.0
SUMMERSIDE  2006   8  14  226     12.1    23.4    19.1  -999.9     0.0    22.3    14.3   330.0
SUMMERSIDE  2006   8  15  227     16.9    19.8     9.6  -999.9     0.7    24.3    18.2   330.0
SUMMERSIDE  2006   8  16  228     14.9    26.3    18.9  -999.9     0.6    12.4    19.8   330.0
SUMMERSIDE  2006   8  17  229     13.9    23.3    17.1  -999.9     0.0     9.5    17.0   330.0
SUMMERSIDE  2006   8  18  230     10.3    26.1    22.0  -999.9     0.0    11.2    14.5   330.0
SUMMERSIDE  2006   8  19  231     16.3    24.9    16.1  -999.9     4.4    21.4    19.8   330.0
SUMMERSIDE  2006   8  20  232     16.4    18.9     8.6  -999.9     4.9    12.3    19.2   330.0
SUMMERSIDE  2006   8  21  233     17.1    18.8     7.1  -999.9    10.5    23.4    19.6   330.0
SUMMERSIDE  2006   8  22  234     15.1    26.2    17.9  -999.9     0.0    16.5    19.2   330.0
SUMMERSIDE  2006   8  23  235     13.1    22.1    16.0  -999.9     0.0    13.9    13.4   330.0
SUMMERSIDE  2006   8  24  236      8.5    21.0    18.7  -999.9     0.0    14.2    11.1   330.0
SUMMERSIDE  2006   8  25  237      8.4    20.3    18.2  -999.9     0.0    12.6    11.5   330.0
SUMMERSIDE  2006   8  26  238      7.5    19.5    18.1  -999.9     0.0    14.0    11.9   330.0
SUMMERSIDE  2006   8  27  239      6.8    18.6    17.8  -999.9     0.0    10.1    10.9   330.0
SUMMERSIDE  2006   8  28  240     10.4    17.7    13.9  -999.9     0.7     9.3    12.8   330.0
SUMMERSIDE  2006   8  29  241     13.7    20.4    13.2  -999.9     0.0     9.3    15.8   330.0
SUMMERSIDE  2006   8  30  242      9.7    22.1    17.8  -999.9     0.0     7.4    15.4   330.0
SUMMERSIDE  2006   8  31  243      9.6    18.1    14.6  -999.9     0.6    18.6    12.8   330.0
SUMMERSIDE  2006   9   1  244      9.5    19.0    15.3  -999.9     0.0    20.2    12.6   330.0
SUMMERSIDE  2006   9   2  245      6.9    19.8    17.7  -999.9     0.0     7.2    12.1   330.0
SUMMERSIDE  2006   9   3  246      9.8    22.8    17.6  -999.9     0.6    12.7    14.0   330.0
SUMMERSIDE  2006   9   4  247     14.3    18.1     9.4  -999.9     6.1    16.2    17.1   330.0
SUMMERSIDE  2006   9   5  248     15.2    20.8    11.4  -999.9     0.0    14.6    18.2   330.0
SUMMERSIDE  2006   9   6  249     15.9    22.4    12.1  -999.9     0.0    14.1    19.3   330.0
SUMMERSIDE  2006   9   7  250     14.6    21.3    12.2  -999.9     0.0    11.3    16.6   330.0
SUMMERSIDE  2006   9   8  251     14.8    21.5    12.1  -999.9     0.0    19.1    18.5   330.0
SUMMERSIDE  2006   9   9  252     14.2    21.4    12.4  -999.9     4.0    20.1    17.5   330.0
SUMMERSIDE  2006   9  10  253     11.8    16.8    10.2  -999.9     0.0    19.4    13.0   330.0
SUMMERSIDE  2006   9  11  254      5.9    16.6    14.8  -999.9     0.0    12.4     9.1   330.0
SUMMERSIDE  2006   9  12  255      2.9    18.3    17.6  -999.9     0.0    11.5    10.0   330.0
SUMMERSIDE  2006   9  13  256      8.1    21.8    16.5  -999.9     0.0    13.0    12.9   330.0
SUMMERSIDE  2006   9  14  257     11.8    19.8    12.5  -999.9     0.0    17.2    14.4   330.0
SUMMERSIDE  2006   9  15  258     12.6    23.8    14.6  -999.9     0.0    12.9    17.5   330.0
SUMMERSIDE  2006   9  16  259     14.1    23.0    12.9  -999.9     0.6    13.4    18.2   330.0
SUMMERSIDE  2006   9  17  260      9.1    23.9    16.4  -999.9     0.0    12.7    15.3   330.0
SUMMERSIDE  2006   9  18  261     15.2    20.8    10.0  -999.9     0.0    13.7    17.6   330.0
SUMMERSIDE  2006   9  19  262     14.0    24.5    13.5  -999.9    16.3    21.8    17.4   330.0
SUMMERSIDE  2006   9  20  263     16.9    22.7     9.9  -999.9    13.6    18.0    21.8   330.0
SUMMERSIDE  2006   9  21  264     10.7    17.1    10.3  -999.9     0.6    17.1    12.3   330.0
SUMMERSIDE  2006   9  22  265      7.3    15.2    11.4  -999.9     0.0    17.0     8.6   330.0
SUMMERSIDE  2006   9  23  266      3.2    14.2    13.2  -999.9     4.7    14.9     8.8   330.0
SUMMERSIDE  2006   9  24  267     12.2    18.2     9.7  -999.9     5.8    24.5    15.9   330.0
SUMMERSIDE  2006   9  25  268     10.3    15.0     8.5  -999.9     0.0    22.1    10.7   330.0
SUMMERSIDE  2006   9  26  269      4.4    17.3    13.9  -999.9     0.6    11.8    10.7   330.0
SUMMERSIDE  2006   9  27  270      5.6    17.2    13.0  -999.9     0.0     9.2    10.8   330.0
SUMMERSIDE  2006   9  28  271      3.2    18.0    14.5  -999.9     0.7    10.1    10.1   330.0
SUMMERSIDE  2006   9  29  272     11.4    19.4    10.5  -999.9     6.8    28.9    15.6   330.0
SUMMERSIDE  2006   9  30  273     10.1    15.0     8.1  -999.9     0.6    20.4    10.9   330.0
SUMMERSIDE  2006  10   1  274      2.4    15.5    13.1  -999.9    34.3    11.8     9.0   330.0
SUMMERSIDE  2006  10   2  275     10.4    11.8     4.2  -999.9    22.3    36.0    12.5   330.0
SUMMERSIDE  2006  10   3  276      7.5    16.1    10.4  -999.9     0.0    18.6    11.4   330.0
SUMMERSIDE  2006  10   4  277      9.7    17.4     9.7  -999.9     9.1    12.8    12.7   330.0
SUMMERSIDE  2006  10   5  278      8.6    12.8     7.1  -999.9     0.6    25.2    10.5   330.0
SUMMERSIDE  2006  10   6  279      3.6    11.8     9.8  -999.9     0.0    11.1     7.9   330.0
SUMMERSIDE  2006  10   7  280      1.8    15.3    12.4  -999.9     0.0    16.7     8.1   330.0
SUMMERSIDE  2006  10   8  281      7.2    17.7    10.8  -999.9     0.0    14.0    10.6   330.0
SUMMERSIDE  2006  10   9  282     11.1    21.4    10.5  -999.9     0.0    22.7    13.0   330.0
SUMMERSIDE  2006  10  10  283      4.5    12.7     9.3  -999.9     0.0    11.2     7.9   330.0
SUMMERSIDE  2006  10  11  284      4.2    12.1     9.0  -999.9     0.0    17.0     7.9   330.0
SUMMERSIDE  2006  10  12  285      4.1    17.0    11.3  -999.9     6.1    28.0    11.3   330.0
SUMMERSIDE  2006  10  13  286     12.6    19.5     8.2  -999.9     0.0    15.0    16.5   330.0
SUMMERSIDE  2006  10  14  287      4.4    12.8     8.9  -999.9    22.2     9.6    10.4   330.0
SUMMERSIDE  2006  10  15  288      6.3    12.5     7.5  -999.9     0.0    18.0     9.3   330.0
SUMMERSIDE  2006  10  16  289      3.1    10.6     8.2  -999.9     0.0    10.0     7.4   330.0
SUMMERSIDE  2006  10  17  290      0.2    13.3    10.6  -999.9     0.0    10.4     7.4   330.0
SUMMERSIDE  2006  10  18  291      5.9    11.0     6.6  -999.9    12.9    13.8     9.7   330.0
SUMMERSIDE  2006  10  19  292      8.5    11.7     5.1  -999.9     0.0    12.0    11.7   330.0
SUMMERSIDE  2006  10  20  293      7.8    14.0     7.0  -999.9    24.3    18.3    12.2   330.0
SUMMERSIDE  2006  10  21  294      8.9    12.1     5.0  -999.9     4.1    27.6    11.6   330.0
SUMMERSIDE  2006  10  22  295      6.8     8.2     3.2  -999.9     0.7    24.9     9.7   330.0
SUMMERSIDE  2006  10  23  296      5.1    11.0     6.6  -999.9     0.0     7.2    10.0   330.0
SUMMERSIDE  2006  10  24  297      3.7    10.0     6.7  -999.9     0.6     7.8     9.3   330.0
SUMMERSIDE  2006  10  25  298      4.6     7.5     4.5  -999.9     9.6    18.4     8.8   330.0
SUMMERSIDE  2006  10  26  299      2.5     7.5     5.8  -999.9     0.0    20.6     7.2   330.0
SUMMERSIDE  2006  10  27  300      2.8     7.7     5.7  -999.9     0.6    15.9     7.2   330.0
SUMMERSIDE  2006  10  28  301     -1.8    13.8    10.0  -999.9    17.0    17.5     7.5   330.0
SUMMERSIDE  2006  10  29  302      6.2    11.0     5.4  -999.9     0.0    41.7     9.0   330.0
SUMMERSIDE  2006  10  30  303      3.9     6.9     4.2  -999.9     0.6    42.1     5.6   330.0
SUMMERSIDE  2006  10  31  304      3.1     7.9     5.3  -999.9     0.0    22.3     6.2   330.0
SUMMERSIDE  2006  11   1  305      3.3    12.2     7.1  -999.9     0.0    11.5     9.3   330.0
SUMMERSIDE  2006  11   2  306      0.7     8.3     6.5  -999.9     2.5     8.7     8.1   330.0
SUMMERSIDE  2006  11   3  307      0.0     4.8     5.1  -999.9     0.7    14.3     5.4   330.0
SUMMERSIDE  2006  11   4  308     -3.3     3.3     5.9  -999.9     0.0    10.9     4.6   330.0
SUMMERSIDE  2006  11   5  309     -2.8     2.8     5.3  -999.9     0.6    10.1     4.4   330.0
SUMMERSIDE  2006  11   6  310     -3.4     3.2     5.7  -999.9     0.6     7.1     5.0   330.0
SUMMERSIDE  2006  11   7  311     -1.6     8.1     6.8  -999.9     0.0    16.7     7.0   330.0
SUMMERSIDE  2006  11   8  312      5.3    11.8     5.5  -999.9    21.9    17.0    10.4   330.0
SUMMERSIDE  2006  11   9  313      8.0    13.8     5.1  -999.9    41.8    24.1    12.6   330.0
SUMMERSIDE  2006  11  10  314      8.8    12.5     4.1  -999.9     0.0    21.7    10.5   330.0
SUMMERSIDE  2006  11  11  315      1.3     9.5     5.9  -999.9     0.0    14.0     6.9   330.0
SUMMERSIDE  2006  11  12  316      4.6     7.6     3.6  -999.9     9.6    19.4     8.8   330.0
SUMMERSIDE  2006  11  13  317      5.8    10.0     4.1  -999.9     0.0    18.9     9.7   330.0
SUMMERSIDE  2006  11  14  318      8.0    15.2     5.4  -999.9     3.2    31.9    11.8   330.0
SUMMERSIDE  2006  11  15  319     11.9    14.4     3.1  -999.9     0.0    21.9    14.1   330.0
SUMMERSIDE  2006  11  16  320      9.9    15.8     4.7  -999.9     0.0    14.4    13.8   330.0
SUMMERSIDE  2006  11  17  321     12.4    18.6     4.8  -999.9     7.8    29.6    16.1   330.0
SUMMERSIDE  2006  11  18  322      9.1    11.8     3.1  -999.9     0.0    15.8    10.9   330.0
SUMMERSIDE  2006  11  19  323      3.4     6.5     3.3  -999.9     0.0     9.8     7.0   330.0
SUMMERSIDE  2006  11  20  324      2.8     5.4     3.0  -999.9     0.0    20.8     6.5   330.0
SUMMERSIDE  2006  11  21  325      0.4     2.1     2.4  -999.9     0.6    19.0     4.4   330.0
SUMMERSIDE  2006  11  22  326     -1.8     4.7     4.6  -999.9     0.6    13.3     5.0   330.0
SUMMERSIDE  2006  11  23  327     -4.9     7.0     6.2  -999.9     1.3     9.2     5.9   330.0
SUMMERSIDE  2006  11  24  328      0.9     6.6     4.2  -999.9     0.0    21.6     6.6   330.0
SUMMERSIDE  2006  11  25  329     -0.9     4.2     4.0  -999.9     0.0    15.1     5.3   330.0
SUMMERSIDE  2006  11  26  330     -0.9     9.2     5.5  -999.9     0.0    20.1     7.0   330.0
SUMMERSIDE  2006  11  27  331      0.1     6.2     4.3  -999.9     0.0    12.2     6.6   330.0
SUMMERSIDE  2006  11  28  332      0.2     2.5     2.6  -999.9     0.0    18.2     4.6   330.0
SUMMERSIDE  2006  11  29  333     -6.6     8.9     6.7  -999.9     0.6    14.4     5.7   330.0
SUMMERSIDE  2006  11  30  334      0.8    12.0     5.6  -999.9     2.0    33.1     9.1   330.0
SUMMERSIDE  2006  12   1  335      1.5     4.1     2.7  -999.9    20.2    20.7     6.9   330.0
SUMMERSIDE  2006  12   2  336     -0.3     4.7     3.7  -999.9     0.6    25.2     6.5   330.0
SUMMERSIDE  2006  12   3  337     -2.5    -0.6     2.3  -999.9     2.7    24.7     3.9   330.0
SUMMERSIDE  2006  12   4  338     -6.6     2.4     4.9  -999.9     8.0    16.4     4.9   330.0
SUMMERSIDE  2006  12   5  339     -6.6    -4.7     2.2  -999.9     0.0    22.0     3.5   330.0
SUMMERSIDE  2006  12   6  340    -12.4     3.5     6.4  -999.9     1.4    20.3     3.5   330.0
SUMMERSIDE  2006  12   7  341     -6.3     5.9     5.6  -999.9     5.0    20.7     5.7   330.0
SUMMERSIDE  2006  12   8  342     -0.9     2.4     2.9  -999.9     0.6    25.2     5.8   330.0
SUMMERSIDE  2006  12   9  343     -8.9     1.1     5.0  -999.9     1.3    21.8     3.5   330.0
SUMMERSIDE  2006  12  10  344     -6.8     4.1     5.2  -999.9     0.0    22.4     4.5   330.0
SUMMERSIDE  2006  12  11  345     -0.4     2.6     2.7  -999.9     0.0    12.4     5.2   330.0
SUMMERSIDE  2006  12  12  346     -3.8    -1.3     2.5  -999.9     0.0    18.4     3.5   330.0
SUMMERSIDE  2006  12  13  347     -8.8     6.2     6.0  -999.9     4.3    20.9     4.7   330.0
SUMMERSIDE  2006  12  14  348      1.8     7.4     3.7  -999.9     0.0    15.4     8.2   330.0
SUMMERSIDE  2006  12  15  349      2.0     6.4     3.2  -999.9     0.0    19.2     7.7   330.0
SUMMERSIDE  2006  12  16  350      3.8     6.0     2.3  -999.9     0.0    19.5     7.8   330.0
SUMMERSIDE  2006  12  17  351     -2.1     6.0     4.4  -999.9     0.0    21.5     5.6   330.0
SUMMERSIDE  2006  12  18  352      1.9     5.4     2.9  -999.9     0.0    18.2     5.9   330.0
SUMMERSIDE  2006  12  19  353     -5.3    -3.6     2.0  -999.9     0.6    20.9     3.4   330.0
SUMMERSIDE  2006  12  20  354     -8.4     0.7     4.6  -999.9     0.0    17.3     3.3   330.0
SUMMERSIDE  2006  12  21  355     -8.6     4.6     5.6  -999.9     0.0    30.1     3.6   330.0
SUMMERSIDE  2006  12  22  356     -4.0    -0.8     2.7  -999.9     0.0    24.7     3.1   330.0
SUMMERSIDE  2006  12  23  357     -6.7     7.0     5.7  -999.9    16.2    21.0     5.3   330.0
SUMMERSIDE  2006  12  24  358      0.1     6.5     3.9  -999.9     0.0    29.5     6.4   330.0
SUMMERSIDE  2006  12  25  359     -0.1     4.1     3.2  -999.9     0.0    26.2     4.5   330.0
SUMMERSIDE  2006  12  26  360     -1.5     0.8     2.3  -999.9     9.7    13.7     5.4   330.0
SUMMERSIDE  2006  12  27  361     -3.7    -2.2     1.9  -999.9     0.6    20.2     4.5   330.0
SUMMERSIDE  2006  12  28  362     -9.2    -7.6     2.0  -999.9     0.0    20.1     2.6   330.0
SUMMERSIDE  2006  12  29  363    -11.6    -8.2     2.9  -999.9     0.0    29.0     2.1   330.0
SUMMERSIDE  2006  12  30  364     -9.7    -4.6     3.5  -999.9     0.0    21.6     2.8   330.0
SUMMERSIDE  2006  12  31  365     -6.9    -3.5     2.9  -999.9     0.6    17.9     3.4   330.0
