SUMMERSIDE  2010   1   1    1    -15.5    -2.4     5.7  -999.9     0.0    11.6     2.7   330.0
SUMMERSIDE  2010   1   2    2     -2.6     3.1     3.8  -999.9    10.4    38.7     5.7   330.0
SUMMERSIDE  2010   1   3    3      0.3     2.2     2.2  -999.9    13.0    40.4     6.6   330.0
SUMMERSIDE  2010   1   4    4      0.3     1.8     2.0  -999.9     5.2    15.2     6.2   330.0
SUMMERSIDE  2010   1   5    5      0.2     1.5     1.8  -999.9     1.4    15.2     6.3   330.0
SUMMERSIDE  2010   1   6    6     -0.5     1.2     2.1  -999.9     0.0    18.5     5.8   330.0
SUMMERSIDE  2010   1   7    7     -1.2     0.8     2.3  -999.9     0.0    17.9     5.1   330.0
SUMMERSIDE  2010   1   8    8     -2.4    -0.5     2.3  -999.9     0.4    15.0     4.4   330.0
SUMMERSIDE  2010   1   9    9     -4.2    -0.9     3.0  -999.9     0.4    23.6     4.3   330.0
SUMMERSIDE  2010   1  10   10    -12.0    -3.6     4.9  -999.9     0.0    16.6     2.7   330.0
SUMMERSIDE  2010   1  11   11    -11.5    -5.5     4.2  -999.9     0.0    19.5     2.4   330.0
SUMMERSIDE  2010   1  12   12     -8.7    -7.1     2.2  -999.9     0.0    18.3     2.5   330.0
SUMMERSIDE  2010   1  13   13     -7.8    -2.4     4.0  -999.9     0.2    19.5     3.6   330.0
SUMMERSIDE  2010   1  14   14     -3.3    -1.6     2.3  -999.9     0.0    13.8     4.6   330.0
SUMMERSIDE  2010   1  15   15     -3.3     1.7     4.0  -999.9     0.0    19.2     4.9   330.0
SUMMERSIDE  2010   1  16   16     -8.9     0.2     5.4  -999.9     1.1    19.9     3.6   330.0
SUMMERSIDE  2010   1  17   17    -15.2    -6.1     5.4  -999.9     0.2    15.9     1.8   330.0
SUMMERSIDE  2010   1  18   18    -11.6    -2.3     5.6  -999.9     0.0    12.8     2.8   330.0
SUMMERSIDE  2010   1  19   19     -7.0    -0.7     4.6  -999.9     0.0    11.3     3.9   330.0
SUMMERSIDE  2010   1  20   20     -7.6    -0.9     4.8  -999.9     0.0    13.0     4.0   330.0
SUMMERSIDE  2010   1  21   21     -4.4    -0.8     3.6  -999.9     0.0    22.1     4.0   330.0
SUMMERSIDE  2010   1  22   22     -9.8    -3.1     5.0  -999.9     0.0    18.4     2.7   330.0
SUMMERSIDE  2010   1  23   23    -11.0    -5.9     4.4  -999.9     0.0    20.2     2.2   330.0
SUMMERSIDE  2010   1  24   24    -14.3    -3.5     6.4  -999.9     0.0    11.9     2.2   330.0
SUMMERSIDE  2010   1  25   25    -13.9     4.9     8.6  -999.9     0.2    22.7     3.7   330.0
SUMMERSIDE  2010   1  26   26      1.1     8.4     5.4  -999.9     9.4    36.5     7.9   330.0
SUMMERSIDE  2010   1  27   27     -1.3     5.2     5.2  -999.9     0.0    19.8     5.9   330.0
SUMMERSIDE  2010   1  28   28     -1.6     1.9     3.9  -999.9     0.5     7.3     5.8   330.0
SUMMERSIDE  2010   1  29   29     -7.2    -0.1     5.6  -999.9     5.4    25.0     4.5   330.0
SUMMERSIDE  2010   1  30   30    -12.5    -7.2     4.9  -999.9     0.2    33.0     2.2   330.0
SUMMERSIDE  2010   1  31   31    -15.2   -10.9     4.5  -999.9     0.0    18.9     1.5   330.0
SUMMERSIDE  2010   2   1   32    -14.7    -9.0     5.2  -999.9     0.2    20.6     1.5   330.0
SUMMERSIDE  2010   2   2   33    -20.8   -14.3     5.6  -999.9     0.2    24.0     0.8   330.0
SUMMERSIDE  2010   2   3   34    -21.3    -7.4     8.4  -999.9     0.0     8.8     1.4   330.0
SUMMERSIDE  2010   2   4   35    -17.9    -6.5     7.7  -999.9     0.0    14.1     1.7   330.0
SUMMERSIDE  2010   2   5   36    -14.8   -10.7     4.7  -999.9     0.0    23.7     1.5   330.0
SUMMERSIDE  2010   2   6   37    -16.0    -5.7     7.5  -999.9     0.0    17.0     2.0   330.0
SUMMERSIDE  2010   2   7   38     -5.7    -0.1     5.6  -999.9     1.8    25.0     4.7   330.0
SUMMERSIDE  2010   2   8   39     -0.2     0.9     2.5  -999.9     2.8    19.2     6.0   330.0
SUMMERSIDE  2010   2   9   40    -10.0     0.8     8.0  -999.9     1.6    21.5     4.1   330.0
SUMMERSIDE  2010   2  10   41     -9.8    -0.2     7.7  -999.9     0.0    12.6     3.8   330.0
SUMMERSIDE  2010   2  11   42     -2.5     1.0     4.7  -999.9     0.0    30.8     5.2   330.0
SUMMERSIDE  2010   2  12   43     -0.6     2.9     4.8  -999.9     0.6    24.2     5.9   330.0
SUMMERSIDE  2010   2  13   44     -1.2     2.1     4.7  -999.9     0.0    23.0     4.5   330.0
SUMMERSIDE  2010   2  14   45     -1.3     1.1     4.1  -999.9     0.2    13.5     5.3   330.0
SUMMERSIDE  2010   2  15   46     -1.0     0.4     3.1  -999.9     2.8    11.0     5.7   330.0
SUMMERSIDE  2010   2  16   47     -2.2     1.0     4.8  -999.9     0.6    12.1     5.4   330.0
SUMMERSIDE  2010   2  17   48     -1.2     0.5     3.6  -999.9     1.5    30.0     5.6   330.0
SUMMERSIDE  2010   2  18   49     -0.2     2.0     4.1  -999.9     0.0     7.5     6.4   330.0
SUMMERSIDE  2010   2  19   50     -0.8     3.8     6.0  -999.9     0.0    10.3     6.5   330.0
SUMMERSIDE  2010   2  20   51     -0.5     2.7     5.1  -999.9     0.8    26.4     6.1   330.0
SUMMERSIDE  2010   2  21   52     -0.3     0.4     2.4  -999.9     2.6    21.0     6.0   330.0
SUMMERSIDE  2010   2  22   53     -0.6     1.2     3.9  -999.9     0.4    16.8     6.1   330.0
SUMMERSIDE  2010   2  23   54     -1.9     2.6     6.3  -999.9     0.0    12.5     5.8   330.0
SUMMERSIDE  2010   2  24   55     -3.8     4.0     8.4  -999.9     0.0    14.5     5.3   330.0
SUMMERSIDE  2010   2  25   56     -1.8     3.0     6.7  -999.9     0.0    19.5     5.4   330.0
SUMMERSIDE  2010   2  26   57     -1.4     1.5     5.3  -999.9     6.5    34.0     5.3   330.0
SUMMERSIDE  2010   2  27   58      0.7     2.4     4.1  -999.9     3.0    13.7     6.6   330.0
SUMMERSIDE  2010   2  28   59      0.3     2.8     5.0  -999.9     0.0    17.8     6.4   330.0
SUMMERSIDE  2010   3   1   60      0.3     1.3     3.2  -999.9    11.6    44.0     6.4   330.0
SUMMERSIDE  2010   3   2   61     -1.1     0.5     4.1  -999.9     0.0    31.6     5.6   330.0
SUMMERSIDE  2010   3   3   62     -1.0     0.0     3.3  -999.9     0.0    28.5     5.2   330.0
SUMMERSIDE  2010   3   4   63     -2.3     0.1     5.2  -999.9     0.6    42.5     5.4   330.0
SUMMERSIDE  2010   3   5   64     -4.5    -1.5     5.9  -999.9     0.0    42.0     3.9   330.0
SUMMERSIDE  2010   3   6   65     -6.2     3.6    10.8  -999.9     0.0    15.0     3.8   330.0
SUMMERSIDE  2010   3   7   66     -4.4     4.9    10.7  -999.9     0.0    12.5     4.8   330.0
SUMMERSIDE  2010   3   8   67     -1.3     5.7     9.4  -999.9     0.0    14.8     5.4   330.0
SUMMERSIDE  2010   3   9   68     -4.3     1.1     8.3  -999.9     0.0    16.8     3.7   330.0
SUMMERSIDE  2010   3  10   69     -5.7     3.2    10.8  -999.9     0.0    12.3     4.0   330.0
SUMMERSIDE  2010   3  11   70     -7.7     4.2    12.7  -999.9     0.0     7.0     4.1   330.0
SUMMERSIDE  2010   3  12   71     -9.0     3.1    12.9  -999.9     0.0     9.4     3.9   330.0
SUMMERSIDE  2010   3  13   72     -9.8     2.0    12.9  -999.9     0.0     6.6     3.9   330.0
SUMMERSIDE  2010   3  14   73     -7.7     4.5    13.3  -999.9     0.0     8.2     4.6   330.0
SUMMERSIDE  2010   3  15   74     -5.9     2.2    11.0  -999.9     0.0    17.0     4.8   330.0
SUMMERSIDE  2010   3  16   75     -3.5     4.1    10.8  -999.9     0.0    11.3     5.3   330.0
SUMMERSIDE  2010   3  17   76     -2.6     8.4    13.1  -999.9     0.0    12.0     4.8   330.0
SUMMERSIDE  2010   3  18   77     -1.0     8.8    12.5  -999.9     0.0    16.7     5.2   330.0
SUMMERSIDE  2010   3  19   78     -2.1     7.6    12.6  -999.9     0.0     9.9     4.9   330.0
SUMMERSIDE  2010   3  20   79      1.9    12.7    13.4  -999.9     0.0    16.7     7.2   330.0
SUMMERSIDE  2010   3  21   80     -1.0     2.5     7.7  -999.9     0.8    13.1     4.3   330.0
SUMMERSIDE  2010   3  22   81     -0.4     5.7    10.3  -999.9     0.6     7.4     6.6   330.0
SUMMERSIDE  2010   3  23   82      1.5     3.3     5.7  -999.9    18.0    18.5     7.0   330.0
SUMMERSIDE  2010   3  24   83      0.2     6.4    10.6  -999.9    29.5    20.2     7.5   330.0
SUMMERSIDE  2010   3  25   84      0.1     8.1    12.2  -999.9     0.0    30.5     6.2   330.0
SUMMERSIDE  2010   3  26   85     -7.2     5.8    15.7  -999.9     1.3    26.5     3.7   330.0
SUMMERSIDE  2010   3  27   86     -9.6    -4.8     9.7  -999.9     0.0    21.9     2.2   330.0
SUMMERSIDE  2010   3  28   87     -9.8     1.5    15.0  -999.9     0.0    15.9     3.0   330.0
SUMMERSIDE  2010   3  29   88     -0.8     6.5    12.2  -999.9     0.0    33.4     5.9   330.0
SUMMERSIDE  2010   3  30   89      1.8     9.2    12.4  -999.9    12.3    21.4     8.6   330.0
SUMMERSIDE  2010   3  31   90      2.8     9.5    11.9  -999.9    16.0    18.7     9.2   330.0
SUMMERSIDE  2010   4   1   91      1.9     6.6    10.1  -999.9     0.2    13.7     8.2   330.0
SUMMERSIDE  2010   4   2   92      2.5     9.9    12.7  -999.9     0.0    10.5     9.1   330.0
SUMMERSIDE  2010   4   3   93      5.1    17.6    16.7  -999.9     0.2    23.2    11.7   330.0
SUMMERSIDE  2010   4   4   94      4.8    17.9    17.3  -999.9     0.0    21.0    10.9   330.0
SUMMERSIDE  2010   4   5   95      6.4    18.5    16.7  -999.9     0.0    17.7     6.8   330.0
SUMMERSIDE  2010   4   6   96      3.6    15.7    16.9  -999.9     0.0    24.2     7.5   330.0
SUMMERSIDE  2010   4   7   97      3.5    10.9    13.3  -999.9     5.0    12.9     8.9   330.0
SUMMERSIDE  2010   4   8   98      1.3     8.8    13.5  -999.9     0.8    19.2     6.5   330.0
SUMMERSIDE  2010   4   9   99      1.1    13.5    17.6  -999.9     0.0    27.1     7.7   330.0
SUMMERSIDE  2010   4  10  100      5.3    14.3    15.1  -999.9     0.8    33.2     9.8   330.0
SUMMERSIDE  2010   4  11  101      4.4    13.1    15.0  -999.9     0.0    31.8     6.0   330.0
SUMMERSIDE  2010   4  12  102      2.9     9.9    13.5  -999.9     0.0    14.5     5.7   330.0
SUMMERSIDE  2010   4  13  103     -2.5     5.5    14.6  -999.9     0.0    16.4     4.9   330.0
SUMMERSIDE  2010   4  14  104     -3.3    10.6    19.4  -999.9     0.0    10.1     5.5   330.0
SUMMERSIDE  2010   4  15  105      0.6     7.1    13.4  -999.9     0.0    19.7     7.0   330.0
SUMMERSIDE  2010   4  16  106      1.1     4.8    10.2  -999.9     0.0    33.6     5.4   330.0
SUMMERSIDE  2010   4  17  107      1.4     4.9    10.0  -999.9     0.8    27.2     6.9   330.0
SUMMERSIDE  2010   4  18  108      1.3     5.1    10.4  -999.9     8.8    17.2     7.1   330.0
SUMMERSIDE  2010   4  19  109      3.3     5.4     7.8  -999.9    16.6    39.6     7.9   330.0
SUMMERSIDE  2010   4  20  110      4.0     7.0     9.4  -999.9     2.5    29.2     8.3   330.0
SUMMERSIDE  2010   4  21  111      3.1    11.0    15.4  -999.9     0.0    13.0     7.7   330.0
SUMMERSIDE  2010   4  22  112      2.6    14.2    18.8  -999.9     0.3     9.8     8.5   330.0
SUMMERSIDE  2010   4  23  113      2.4    12.0    17.2  -999.9     0.0    19.0     8.4   330.0
SUMMERSIDE  2010   4  24  114      2.2    11.6    17.1  -999.9     0.0    13.0     8.0   330.0
SUMMERSIDE  2010   4  25  115      3.1    15.1    19.5  -999.9     0.0    16.5     8.5   330.0
SUMMERSIDE  2010   4  26  116      3.9    15.0    18.9  -999.9     0.0    21.2    10.3   330.0
SUMMERSIDE  2010   4  27  117      4.5     6.9     8.8  -999.9     0.7    28.8     8.5   330.0
SUMMERSIDE  2010   4  28  118      2.9     7.1    11.7  -999.9     3.1    14.5     8.1   330.0
SUMMERSIDE  2010   4  29  119      3.3    11.7    16.7  -999.9     1.0    11.0     7.9   330.0
SUMMERSIDE  2010   4  30  120      2.3     8.4    14.3  -999.9     3.7    19.5     7.8   330.0
SUMMERSIDE  2010   5   1  121      2.8    11.3    17.0  -999.9     0.0    16.8     7.3   330.0
SUMMERSIDE  2010   5   2  122      2.9    19.0    23.5  -999.9     0.0    20.2     8.9   330.0
SUMMERSIDE  2010   5   3  123     11.1    20.2    17.8  -999.9     1.6    21.2    15.2   330.0
SUMMERSIDE  2010   5   4  124      3.2    18.7    23.4  -999.9     0.0    29.0     9.4   330.0
SUMMERSIDE  2010   5   5  125      3.2    11.1    16.8  -999.9     0.0    15.3     8.0   330.0
SUMMERSIDE  2010   5   6  126      5.7    17.9    20.9  -999.9     5.8    20.7    10.8   330.0
SUMMERSIDE  2010   5   7  127      7.5    15.5    17.0  -999.9     0.4    31.7     9.1   330.0
SUMMERSIDE  2010   5   8  128      5.9    14.5    17.8  -999.9     2.8    19.4     8.1   330.0
SUMMERSIDE  2010   5   9  129      7.2    13.4    15.1  -999.9     7.2    25.0    11.0   330.0
SUMMERSIDE  2010   5  10  130      6.3    10.4    12.4  -999.9     0.0    15.2     8.7   330.0
SUMMERSIDE  2010   5  11  131      1.4    10.5    18.5  -999.9     0.0    15.2     6.9   330.0
SUMMERSIDE  2010   5  12  132      0.5    12.0    20.9  -999.9     0.0     8.0     6.8   330.0
SUMMERSIDE  2010   5  13  133      2.7    14.3    21.1  -999.9     0.0    16.4     7.4   330.0
SUMMERSIDE  2010   5  14  134      2.7    11.2    18.1  -999.9     0.0    14.7     6.4   330.0
SUMMERSIDE  2010   5  15  135      4.6     9.8    14.2  -999.9     0.0    12.9     7.2   330.0
SUMMERSIDE  2010   5  16  136      6.0    13.2    16.8  -999.9     0.0    24.2     7.5   330.0
SUMMERSIDE  2010   5  17  137      3.6    12.6    18.9  -999.9     0.0    26.1     7.3   330.0
SUMMERSIDE  2010   5  18  138      5.1    22.6    26.4  -999.9     0.0    15.3     9.6   330.0
SUMMERSIDE  2010   5  19  139      9.5    22.1    22.5  -999.9     1.3    20.3    10.8   330.0
SUMMERSIDE  2010   5  20  140     12.2    17.5    14.6  -999.9     0.2    17.2    13.8   330.0
SUMMERSIDE  2010   5  21  141      8.7    11.3    10.3  -999.9     0.0    16.6     7.5   330.0
SUMMERSIDE  2010   5  22  142      7.3    22.0    24.5  -999.9     0.0    26.5     9.5   330.0
SUMMERSIDE  2010   5  23  143     11.2    24.9    23.8  -999.9     0.0    27.8    12.3   330.0
SUMMERSIDE  2010   5  24  144      8.9    27.8    28.0  -999.9     0.0    21.5    14.1   330.0
SUMMERSIDE  2010   5  25  145      8.1    14.1    15.8  -999.9    14.9    10.4    11.5   330.0
SUMMERSIDE  2010   5  26  146      6.3    11.6    14.9  -999.9     0.5    18.3    10.0   330.0
SUMMERSIDE  2010   5  27  147      7.5    11.0    12.2  -999.9     0.0    32.5     8.6   330.0
SUMMERSIDE  2010   5  28  148      6.6    11.6    14.6  -999.9     0.3    22.5     9.0   330.0
SUMMERSIDE  2010   5  29  149      9.2    19.1    20.5  -999.9     0.0    17.5    10.5   330.0
SUMMERSIDE  2010   5  30  150      9.2    18.0    19.4  -999.9     2.6    25.0    10.4   330.0
SUMMERSIDE  2010   5  31  151      7.2    13.2    16.1  -999.9     1.2    24.6     8.9   330.0
SUMMERSIDE  2010   6   1  152      8.4    12.3    13.0  -999.9    17.7    21.5    10.5   330.0
SUMMERSIDE  2010   6   2  153      8.1    14.7    16.9  -999.9     0.0    15.0    11.5   330.0
SUMMERSIDE  2010   6   3  154     10.7    12.5     8.9  -999.9    16.2    22.2    12.7   330.0
SUMMERSIDE  2010   6   4  155      9.3    13.6    13.7  -999.9     0.3    10.4    12.6   330.0
SUMMERSIDE  2010   6   5  156     11.2    19.7    19.3  -999.9    26.3    20.0    16.0   330.0
SUMMERSIDE  2010   6   6  157     10.9    15.7    14.5  -999.9    25.2    12.8    14.7   330.0
SUMMERSIDE  2010   6   7  158      7.1    16.4    20.3  -999.9     0.4    18.4    12.5   330.0
SUMMERSIDE  2010   6   8  159      5.3    15.3    21.0  -999.9     0.0    14.6     9.9   330.0
SUMMERSIDE  2010   6   9  160      5.3    13.9    19.5  -999.9     0.0    14.4     9.4   330.0
SUMMERSIDE  2010   6  10  161      5.3    21.6    26.9  -999.9     0.0    14.5    10.5   330.0
SUMMERSIDE  2010   6  11  162     10.2    24.1    24.9  -999.9     0.0    14.8    12.7   330.0
SUMMERSIDE  2010   6  12  163      8.3    16.6    19.2  -999.9     0.0    17.0    11.1   330.0
SUMMERSIDE  2010   6  13  164      6.1    21.2    26.0  -999.9     0.0    14.5    11.2   330.0
SUMMERSIDE  2010   6  14  165     10.9    16.7    16.1  -999.9     7.3    17.5    13.6   330.0
SUMMERSIDE  2010   6  15  166      6.9    14.8    18.8  -999.9     0.2    33.0     7.4   330.0
SUMMERSIDE  2010   6  16  167      8.7    22.2    24.6  -999.9     0.0    18.8     9.5   330.0
SUMMERSIDE  2010   6  17  168     11.7    19.5    18.7  -999.9     0.0    16.6    13.3   330.0
SUMMERSIDE  2010   6  18  169      7.4    24.6    27.8  -999.9     0.0    16.2    13.1   330.0
SUMMERSIDE  2010   6  19  170      8.8    26.0    27.8  -999.9     0.0    21.2    12.9   330.0
SUMMERSIDE  2010   6  20  171     15.5    23.4    18.8  -999.9    37.4    25.7    19.3   330.0
SUMMERSIDE  2010   6  21  172     11.7    18.4    17.3  -999.9     0.0    11.0    15.5   330.0
SUMMERSIDE  2010   6  22  173     11.7    22.4    21.9  -999.9     0.0     8.4    16.1   330.0
SUMMERSIDE  2010   6  23  174     14.7    23.5    19.9  -999.9     0.0    21.9    17.3   330.0
SUMMERSIDE  2010   6  24  175     14.7    20.5    16.1  -999.9     1.3    19.8    17.9   330.0
SUMMERSIDE  2010   6  25  176     10.8    22.6    23.0  -999.9     0.0    18.5    12.5   330.0
SUMMERSIDE  2010   6  26  177      9.1    22.2    24.2  -999.9     4.0    13.8    13.9   330.0
SUMMERSIDE  2010   6  27  178     11.5    20.6    20.2  -999.9     0.2    12.5    13.6   330.0
SUMMERSIDE  2010   6  28  179     10.8    16.0    15.2  -999.9    14.3    12.6    13.9   330.0
SUMMERSIDE  2010   6  29  180     13.9    19.3    15.5  -999.9     1.1     7.8    17.4   330.0
SUMMERSIDE  2010   6  30  181     13.1    21.4    19.2  -999.9     0.0    18.6    15.2   330.0
SUMMERSIDE  2010   7   1  182     11.2    19.9    19.6  -999.9     2.4    15.1    13.2   330.0
SUMMERSIDE  2010   7   2  183     11.8    19.0    17.8  -999.9     1.5    10.9    14.2   330.0
SUMMERSIDE  2010   7   3  184     11.8    22.9    22.1  -999.9     0.0    22.7    14.3   330.0
SUMMERSIDE  2010   7   4  185     15.6    25.9    21.3  -999.9     0.0    19.4    18.2   330.0
SUMMERSIDE  2010   7   5  186     16.1    24.9    19.6  -999.9     0.0    12.5    19.7   330.0
SUMMERSIDE  2010   7   6  187     14.3    20.5    16.5  -999.9     7.9    15.8    18.0   330.0
SUMMERSIDE  2010   7   7  188     16.4    27.3    21.8  -999.9     0.0    16.8    21.7   330.0
SUMMERSIDE  2010   7   8  189     17.9    25.7    18.4  -999.9     0.7    25.1    21.7   330.0
SUMMERSIDE  2010   7   9  190     19.0    26.7    18.2  -999.9     0.0    28.2    22.2   330.0
SUMMERSIDE  2010   7  10  191     20.0    25.8    15.8  -999.9     0.4    25.0    24.7   330.0
SUMMERSIDE  2010   7  11  192     19.5    23.9    13.7  -999.9    24.1    13.2    24.2   330.0
SUMMERSIDE  2010   7  12  193     18.1    25.1    17.3  -999.9     0.4    20.0    22.4   330.0
SUMMERSIDE  2010   7  13  194     17.1    26.7    20.2  -999.9     0.0    17.4    22.0   330.0
SUMMERSIDE  2010   7  14  195     15.4    21.1    15.5  -999.9     5.6     9.6    19.4   330.0
SUMMERSIDE  2010   7  15  196     17.0    22.4    15.1  -999.9     0.2    10.2    19.1   330.0
SUMMERSIDE  2010   7  16  197     18.1    26.7    19.0  -999.9     0.0    21.0    21.6   330.0
SUMMERSIDE  2010   7  17  198     17.8    27.5    20.1  -999.9     0.0    20.6    22.7   330.0
SUMMERSIDE  2010   7  18  199     18.4    28.2    20.1  -999.9     0.7    19.0    21.7   330.0
SUMMERSIDE  2010   7  19  200     16.9    27.2    20.6  -999.9     8.1    11.5    20.2   330.0
SUMMERSIDE  2010   7  20  201     17.7    24.7    16.9  -999.9     0.3    10.8    20.9   330.0
SUMMERSIDE  2010   7  21  202     15.2    27.4    22.2  -999.9     0.0    11.5    18.3   330.0
SUMMERSIDE  2010   7  22  203     14.1    18.9    13.9  -999.9    35.3    13.4    17.1   330.0
SUMMERSIDE  2010   7  23  204     13.7    22.4    18.6  -999.9     0.0    11.7    17.3   330.0
SUMMERSIDE  2010   7  24  205     13.8    26.0    22.0  -999.9     0.0    10.1    17.1   330.0
SUMMERSIDE  2010   7  25  206     16.3    20.2    12.4  -999.9     6.4    18.0    18.3   330.0
SUMMERSIDE  2010   7  26  207     13.9    22.2    18.0  -999.9     0.0    16.7    16.1   330.0
SUMMERSIDE  2010   7  27  208     13.9    20.7    16.2  -999.9     0.0    16.8    15.4   330.0
SUMMERSIDE  2010   7  28  209     15.3    26.4    20.7  -999.9     0.0    24.8    17.4   330.0
SUMMERSIDE  2010   7  29  210     13.1    24.3    20.7  -999.9     3.4    30.8    18.5   330.0
SUMMERSIDE  2010   7  30  211     12.1    22.2    19.5  -999.9     0.0     6.8    15.9   330.0
SUMMERSIDE  2010   7  31  212      8.3    19.3    20.3  -999.9     0.2    10.8    13.5   330.0
SUMMERSIDE  2010   8   1  213      7.9    22.9    23.6  -999.9     0.0     6.0    13.5   330.0
SUMMERSIDE  2010   8   2  214      9.8    24.5    23.2  -999.9     0.0     9.7    14.8   330.0
SUMMERSIDE  2010   8   3  215      9.3    23.3    22.6  -999.9     0.0    14.0    15.0   330.0
SUMMERSIDE  2010   8   4  216     17.8    21.6    11.7  -999.9     2.5    20.3    20.8   330.0
SUMMERSIDE  2010   8   5  217     18.4    25.4    15.8  -999.9     0.0    23.1    23.3   330.0
SUMMERSIDE  2010   8   6  218     13.8    28.7    22.9  -999.9     8.5    19.0    18.9   330.0
SUMMERSIDE  2010   8   7  219     10.0    21.4    20.0  -999.9     0.0    13.6    12.1   330.0
SUMMERSIDE  2010   8   8  220     10.1    23.3    21.4  -999.9     0.0    21.8    14.7   330.0
SUMMERSIDE  2010   8   9  221     17.0    20.9    11.5  -999.9     5.4    21.8    19.3   330.0
SUMMERSIDE  2010   8  10  222     16.0    25.9    18.3  -999.9    10.0    10.9    20.3   330.0
SUMMERSIDE  2010   8  11  223     14.4    20.9    14.7  -999.9    12.0    14.7    16.7   330.0
SUMMERSIDE  2010   8  12  224     10.2    22.6    20.2  -999.9     0.0    10.5    13.9   330.0
SUMMERSIDE  2010   8  13  225     10.6    23.6    20.6  -999.9     0.0     7.6    15.1   330.0
SUMMERSIDE  2010   8  14  226     11.9    26.2    21.5  -999.9     0.0    10.5    15.5   330.0
SUMMERSIDE  2010   8  15  227     14.5    27.0    19.9  -999.9     0.0    14.7    16.6   330.0
SUMMERSIDE  2010   8  16  228     13.4    25.0    19.1  -999.9     0.0    16.2    15.3   330.0
SUMMERSIDE  2010   8  17  229     18.4    26.8    16.1  -999.9     0.0    24.3    22.5   330.0
SUMMERSIDE  2010   8  18  230     15.9    27.0    18.4  -999.9     0.0    11.9    17.3   330.0
SUMMERSIDE  2010   8  19  231     14.8    26.2    18.6  -999.9     0.0     8.8    17.9   330.0
SUMMERSIDE  2010   8  20  232     15.2    25.8    17.8  -999.9     0.6    14.7    19.2   330.0
SUMMERSIDE  2010   8  21  233     10.7    23.1    19.1  -999.9     0.9     9.0    13.8   330.0
SUMMERSIDE  2010   8  22  234     10.2    22.6    18.9  -999.9     0.2    13.3    15.0   330.0
SUMMERSIDE  2010   8  23  235      9.7    22.8    19.3  -999.9     0.0    12.1    13.8   330.0
SUMMERSIDE  2010   8  24  236      9.6    22.5    19.0  -999.9     0.0     7.3    13.9   330.0
SUMMERSIDE  2010   8  25  237     12.8    24.4    17.9  -999.9     0.0    13.4    15.5   330.0
SUMMERSIDE  2010   8  26  238     15.5    24.3    15.5  -999.9    57.5    16.0    21.4   330.0
SUMMERSIDE  2010   8  27  239     13.2    24.3    17.3  -999.9     1.1    12.7    17.4   330.0
SUMMERSIDE  2010   8  28  240     11.0    24.9    19.2  -999.9     0.0     8.8    14.5   330.0
SUMMERSIDE  2010   8  29  241     13.4    26.7    18.6  -999.9     0.0    13.6    18.4   330.0
SUMMERSIDE  2010   8  30  242     17.0    23.9    13.3  -999.9     0.0    11.2    18.1   330.0
SUMMERSIDE  2010   8  31  243     16.4    28.1    17.2  -999.9     2.1    13.5    20.2   330.0
SUMMERSIDE  2010   9   1  244     16.7    32.7    19.9  -999.9     0.0    14.5    23.4   330.0
SUMMERSIDE  2010   9   2  245     19.6    33.2    18.2  -999.9     0.0    16.3    24.2   330.0
SUMMERSIDE  2010   9   3  246     16.1    29.6    18.0  -999.9     0.0    10.9    19.5   330.0
SUMMERSIDE  2010   9   4  247     17.7    24.7    12.8  -999.9    15.6    27.5    22.1   330.0
SUMMERSIDE  2010   9   5  248     12.9    21.6    14.2  -999.9     0.2    28.6    13.7   330.0
SUMMERSIDE  2010   9   6  249     12.5    22.0    14.7  -999.9     0.0    20.2    12.1   330.0
SUMMERSIDE  2010   9   7  250     10.6    19.1    13.7  -999.9     1.1    11.2    14.0   330.0
SUMMERSIDE  2010   9   8  251     13.3    18.5    10.7  -999.9    19.3    17.3    16.5   330.0
SUMMERSIDE  2010   9   9  252     15.3    22.4    12.3  -999.9     0.8    13.6    18.6   330.0
SUMMERSIDE  2010   9  10  253     13.4    17.9     9.7  -999.9     4.4    15.5    16.7   330.0
SUMMERSIDE  2010   9  11  254     10.8    13.8     7.9  -999.9     3.9    31.6    12.6   330.0
SUMMERSIDE  2010   9  12  255      9.7    14.6     9.9  -999.9     0.0    22.1     9.2   330.0
SUMMERSIDE  2010   9  13  256      9.6    16.4    11.6  -999.9     0.4    10.3    12.2   330.0
SUMMERSIDE  2010   9  14  257     12.2    18.5    11.1  -999.9     5.0    14.2    15.0   330.0
SUMMERSIDE  2010   9  15  258     10.8    18.2    11.9  -999.9     8.0    11.9    14.7   330.0
SUMMERSIDE  2010   9  16  259     10.2    15.8    10.2  -999.9     0.4    18.8    12.6   330.0
SUMMERSIDE  2010   9  17  260      4.9    12.9    12.1  -999.9    14.8    14.2    10.4   330.0
SUMMERSIDE  2010   9  18  261      3.6    18.7    16.4  -999.9     0.2     9.3    10.8   330.0
SUMMERSIDE  2010   9  19  262      9.5    18.7    12.7  -999.9     0.0    14.2    12.8   330.0
SUMMERSIDE  2010   9  20  263      7.6    15.8    11.8  -999.9     0.0    13.8    11.2   330.0
SUMMERSIDE  2010   9  21  264      7.9    15.3    11.1  -999.9     0.0    23.5     9.1   330.0
SUMMERSIDE  2010   9  22  265     10.4    20.4    12.8  -999.9     0.8    20.7    13.8   330.0
SUMMERSIDE  2010   9  23  266      3.3    15.2    13.8  -999.9     0.0    17.4     7.4   330.0
SUMMERSIDE  2010   9  24  267      4.2    11.3    10.5  -999.9     4.4    10.4     8.6   330.0
SUMMERSIDE  2010   9  25  268      9.3    14.5     8.9  -999.9    10.8    14.4    12.8   330.0
SUMMERSIDE  2010   9  26  269      1.3    13.1    13.3  -999.9     0.0    22.4     7.4   330.0
SUMMERSIDE  2010   9  27  270      0.7    16.2    15.0  -999.9     1.6    11.0     8.6   330.0
SUMMERSIDE  2010   9  28  271     11.9    21.8    11.9  -999.9     4.9    24.0    17.1   330.0
SUMMERSIDE  2010   9  29  272     14.7    22.3    10.3  -999.9     0.0    27.6    18.6   330.0
SUMMERSIDE  2010   9  30  273     14.1    22.7    10.8  -999.9     0.0    19.2    18.4   330.0
SUMMERSIDE  2010  10   1  274     19.4    24.2     8.0  -999.9     0.3    29.5    21.6   330.0
SUMMERSIDE  2010  10   2  275      5.5    20.8    14.0  -999.9    32.3    20.7    12.6   330.0
SUMMERSIDE  2010  10   3  276      4.2    14.0    11.1  -999.9     0.2    10.2     8.5   330.0
SUMMERSIDE  2010  10   4  277      3.0    13.3    11.2  -999.9     0.0    14.0     8.1   330.0
SUMMERSIDE  2010  10   5  278      2.1    16.4    13.1  -999.9     0.0     6.5     8.7   330.0
SUMMERSIDE  2010  10   6  279      9.5    14.0     7.2  -999.9     1.2    18.4     9.9   330.0
SUMMERSIDE  2010  10   7  280      7.6    16.3     9.9  -999.9    24.0    33.8    11.5   330.0
SUMMERSIDE  2010  10   8  281      1.8    11.7    10.4  -999.9     0.2    23.5     6.7   330.0
SUMMERSIDE  2010  10   9  282      4.9    10.1     7.5  -999.9     0.0    26.8     5.7   330.0
SUMMERSIDE  2010  10  10  283      4.5    10.8     8.1  -999.9     0.0    24.0     6.2   330.0
SUMMERSIDE  2010  10  11  284      1.9    10.3     9.3  -999.9     0.0    16.7     6.2   330.0
SUMMERSIDE  2010  10  12  285      1.9    13.0    10.5  -999.9     0.0    11.9     8.1   330.0
SUMMERSIDE  2010  10  13  286     -1.6    11.2    11.1  -999.9     0.0    11.4     6.8   330.0
SUMMERSIDE  2010  10  14  287     -2.4    12.4    11.8  -999.9     0.0     8.5     6.7   330.0
SUMMERSIDE  2010  10  15  288      2.9    11.7     9.0  -999.9     8.5    23.7     8.7   330.0
SUMMERSIDE  2010  10  16  289      4.2    11.3     7.9  -999.9     4.9    15.9    10.1   330.0
SUMMERSIDE  2010  10  17  290      6.0     8.2     4.4  -999.9     4.9    20.0     8.6   330.0
SUMMERSIDE  2010  10  18  291      3.7     9.3     6.9  -999.9     0.0    32.5     5.9   330.0
SUMMERSIDE  2010  10  19  292     -1.4     9.2     9.3  -999.9     0.0    23.3     4.8   330.0
SUMMERSIDE  2010  10  20  293     -1.7    13.1    10.9  -999.9     0.0    20.0     6.6   330.0
SUMMERSIDE  2010  10  21  294      2.6    13.6     9.2  -999.9     6.1    16.4     9.0   330.0
SUMMERSIDE  2010  10  22  295      3.4     9.5     6.8  -999.9     2.1    34.3     7.5   330.0
SUMMERSIDE  2010  10  23  296      3.2     6.4     4.8  -999.9     2.4    28.7     7.0   330.0
SUMMERSIDE  2010  10  24  297     -0.4     8.3     7.9  -999.9     0.0    15.7     5.8   330.0
SUMMERSIDE  2010  10  25  298     -2.5     7.6     8.4  -999.9     1.6     9.4     5.9   330.0
SUMMERSIDE  2010  10  26  299      5.6     8.8     4.6  -999.9     3.7    13.5     9.6   330.0
SUMMERSIDE  2010  10  27  300      7.6    16.1     7.5  -999.9    13.1    26.3    12.9   330.0
SUMMERSIDE  2010  10  28  301      8.4    17.6     7.6  -999.9     1.0    17.2    13.2   330.0
SUMMERSIDE  2010  10  29  302      3.9    10.6     6.4  -999.9     0.0     8.3     8.7   330.0
SUMMERSIDE  2010  10  30  303      0.2     5.2     5.5  -999.9     0.7    24.6     5.5   330.0
SUMMERSIDE  2010  10  31  304     -2.1     4.6     6.3  -999.9     0.0    11.0     4.6   330.0
SUMMERSIDE  2010  11   1  305      0.1     6.0     5.8  -999.9     2.8    22.3     6.3   330.0
SUMMERSIDE  2010  11   2  306     -0.9     2.4     4.3  -999.9     0.8    16.2     5.0   330.0
SUMMERSIDE  2010  11   3  307     -1.3     5.5     6.0  -999.9     0.0    12.2     5.3   330.0
SUMMERSIDE  2010  11   4  308     -2.9     7.5     7.4  -999.9     2.9    13.2     5.8   330.0
SUMMERSIDE  2010  11   5  309      5.5    10.7     5.1  -999.9    16.8    43.2     9.7   330.0
SUMMERSIDE  2010  11   6  310      6.3     6.7     1.4  -999.9    31.4    20.1     8.8   330.0
SUMMERSIDE  2010  11   7  311      6.6     9.1     1.8  -999.9    18.3    26.2     9.8   330.0
SUMMERSIDE  2010  11   8  312      7.3    11.0     4.5  -999.9     0.8    21.6    11.7   330.0
SUMMERSIDE  2010  11   9  313      6.1     8.1     1.8  -999.9    10.7    40.7     9.4   330.0
SUMMERSIDE  2010  11  10  314      4.6     6.3     4.5  -999.9     0.0    51.7     6.9   330.0
SUMMERSIDE  2010  11  11  315      2.8     6.3     7.9  -999.9     0.0    33.0     6.7   330.0
SUMMERSIDE  2010  11  12  316      2.7    11.0     9.0  -999.9     0.0     8.0     7.5   330.0
SUMMERSIDE  2010  11  13  317      2.9    12.0     8.8  -999.9     0.0    11.1     8.3   330.0
SUMMERSIDE  2010  11  14  318      0.9     6.2     8.5  -999.9     0.0    19.2     6.1   330.0
SUMMERSIDE  2010  11  15  319      0.7     6.4     7.1  -999.9     0.0    12.9     6.2   330.0
SUMMERSIDE  2010  11  16  320      3.2     5.7     2.5  -999.9     4.5    12.9     8.3   330.0
SUMMERSIDE  2010  11  17  321      4.7    12.2     2.4  -999.9     7.2    17.9    10.4   330.0
SUMMERSIDE  2010  11  18  322      3.3     5.9     3.1  -999.9     0.5    31.2     4.8   330.0
SUMMERSIDE  2010  11  19  323      1.5     3.2     2.5  -999.9     0.1    25.6     3.5   330.0
SUMMERSIDE  2010  11  20  324     -5.3    -1.0     3.9  -999.9     2.0    16.8     3.4   330.0
SUMMERSIDE  2010  11  21  325     -7.4    -2.2     4.2  -999.9     0.0    22.7     3.1   330.0
SUMMERSIDE  2010  11  22  326     -7.8    -0.8     4.8  -999.9     0.6     8.3     3.6   330.0
SUMMERSIDE  2010  11  23  327     -1.7     2.6     3.7  -999.9     9.5     8.8     5.6   330.0
SUMMERSIDE  2010  11  24  328      0.2     2.6     2.8  -999.9     7.2    15.6     6.5   330.0
SUMMERSIDE  2010  11  25  329      0.8     4.5     3.4  -999.9     1.0    19.5     7.0   330.0
SUMMERSIDE  2010  11  26  330     -1.3     2.0     3.2  -999.9     6.7    14.6     6.0   330.0
SUMMERSIDE  2010  11  27  331     -3.1     1.2     3.6  -999.9     3.6    10.3     5.0   330.0
SUMMERSIDE  2010  11  28  332     -2.7    -0.9     2.3  -999.9     0.6    21.4     4.6   330.0
SUMMERSIDE  2010  11  29  333     -4.1     1.2     3.9  -999.9     0.0    11.2     4.5   330.0
SUMMERSIDE  2010  11  30  334     -0.4     2.0     2.6  -999.9     0.0     8.0     5.2   330.0
SUMMERSIDE  2010  12   1  335      0.5     6.6     4.1  -999.9     0.0    13.3     7.1   330.0
SUMMERSIDE  2010  12   2  336      5.4     8.8     3.0  -999.9     0.0    23.3     8.9   330.0
SUMMERSIDE  2010  12   3  337      4.9     8.4     3.1  -999.9     0.0    14.5     8.8   330.0
SUMMERSIDE  2010  12   4  338      5.3     8.8     3.0  -999.9    15.4    23.3     9.3   330.0
SUMMERSIDE  2010  12   5  339      2.4     7.4     3.6  -999.9     0.0    15.5     7.7   330.0
SUMMERSIDE  2010  12   6  340      2.0     7.7     3.8  -999.9     1.9    45.8     6.9   330.0
SUMMERSIDE  2010  12   7  341     -0.6     5.4     3.9  -999.9     0.2    27.5     5.4   330.0
SUMMERSIDE  2010  12   8  342     -5.6     0.5     3.9  -999.9     0.0    23.5     3.9   330.0
SUMMERSIDE  2010  12   9  343     -6.9    -2.8     3.2  -999.9     0.4    23.1     3.3   330.0
SUMMERSIDE  2010  12  10  344    -10.7    -1.5     4.8  -999.9     0.0    15.3     3.0   330.0
SUMMERSIDE  2010  12  11  345     -7.6     0.0     4.3  -999.9     0.7    15.7     3.8   330.0
SUMMERSIDE  2010  12  12  346    -10.3     2.9     5.6  -999.9     0.0     9.8     3.8   330.0
SUMMERSIDE  2010  12  13  347      2.8    14.3     5.3  -999.9     1.1    44.2     9.7   330.0
SUMMERSIDE  2010  12  14  348      7.5    13.7     3.8  -999.9    28.0    29.8    11.8   330.0
SUMMERSIDE  2010  12  15  349      0.4    10.4     4.9  -999.9     4.2    21.0     8.1   330.0
SUMMERSIDE  2010  12  16  350     -3.3     5.0     4.4  -999.9     0.3    12.8     5.4   330.0
SUMMERSIDE  2010  12  17  351     -7.0    -0.4     3.9  -999.9     0.0     9.9     3.5   330.0
SUMMERSIDE  2010  12  18  352     -6.1     0.8     4.0  -999.9     0.0    11.8     3.9   330.0
SUMMERSIDE  2010  12  19  353     -8.0    -1.0     4.1  -999.9     0.0    12.5     3.5   330.0
SUMMERSIDE  2010  12  20  354     -3.5     4.9     4.4  -999.9     1.2    15.6     5.9   330.0
SUMMERSIDE  2010  12  21  355      3.2     4.2     1.5  -999.9     9.2    64.5     7.1   330.0
SUMMERSIDE  2010  12  22  356      2.3     3.7     1.8  -999.9    13.6    50.9     7.0   330.0
SUMMERSIDE  2010  12  23  357      1.1     3.3     2.3  -999.9     6.3    53.7     6.5   330.0
SUMMERSIDE  2010  12  24  358     -1.6     1.2     2.6  -999.9     0.0    38.0     5.0   330.0
SUMMERSIDE  2010  12  25  359     -2.3    -0.3     2.2  -999.9     0.6    26.2     4.7   330.0
SUMMERSIDE  2010  12  26  360     -0.7     1.5     2.3  -999.9     3.0    15.5     6.0   330.0
SUMMERSIDE  2010  12  27  361     -0.9     1.9     2.6  -999.9    14.9    31.4     6.1   330.0
SUMMERSIDE  2010  12  28  362     -3.2    -0.9     2.4  -999.9     1.1    42.4     4.7   330.0
SUMMERSIDE  2010  12  29  363     -4.9    -0.9     3.1  -999.9     0.0    27.8     3.8   330.0
SUMMERSIDE  2010  12  30  364     -5.6    -1.3     3.2  -999.9     0.0    23.7     3.6   330.0
SUMMERSIDE  2010  12  31  365     -4.1     1.3     3.7  -999.9     0.0    16.4     4.6   330.0
