SUMMERSIDE_A  1988   1   1    1     -3.3     4.0     4.3  -999.9     0.0    22.3     5.5   330.0
SUMMERSIDE_A  1988   1   2    2    -12.3     0.0     5.6  -999.9     0.0    27.8     2.5   330.0
SUMMERSIDE_A  1988   1   3    3    -12.2    -4.3     4.5  -999.9     0.0    16.8     2.2   330.0
SUMMERSIDE_A  1988   1   4    4     -9.2    -1.9     4.3  -999.9     6.5    17.5     3.4   330.0
SUMMERSIDE_A  1988   1   5    5    -15.2    -2.8     5.7  -999.9     0.6    48.4     2.5   330.0
SUMMERSIDE_A  1988   1   6    6    -20.2   -14.6     3.9  -999.9     0.0    48.5     0.9   330.0
SUMMERSIDE_A  1988   1   7    7    -17.4   -11.8     3.9  -999.9     0.0    25.3     1.2   330.0
SUMMERSIDE_A  1988   1   8    8    -20.4   -11.2     5.0  -999.9     0.0     7.0     1.3   330.0
SUMMERSIDE_A  1988   1   9    9    -12.7    -2.2     5.4  -999.9    11.4    19.9     3.1   330.0
SUMMERSIDE_A  1988   1  10   10    -17.5    -7.5     5.3  -999.9     0.0    15.7     1.8   330.0
SUMMERSIDE_A  1988   1  11   11    -16.3    -4.8     5.8  -999.9     0.0    18.5     2.0   330.0
SUMMERSIDE_A  1988   1  12   12    -10.3    -2.3     4.9  -999.9     0.0    15.6     2.9   330.0
SUMMERSIDE_A  1988   1  13   13     -8.2     4.1     6.1  -999.9     0.4    29.5     4.5   330.0
SUMMERSIDE_A  1988   1  14   14    -23.1    -8.2     6.8  -999.9     0.4    33.0     1.2   330.0
SUMMERSIDE_A  1988   1  15   15    -22.0   -10.9     5.9  -999.9     0.2    23.5     1.1   330.0
SUMMERSIDE_A  1988   1  16   16    -12.0    -4.9     4.8  -999.9     0.6    14.5     2.4   330.0
SUMMERSIDE_A  1988   1  17   17     -7.6     3.0     5.9  -999.9     0.0    27.2     4.2   330.0
SUMMERSIDE_A  1988   1  18   18      1.0     3.7     3.0  -999.9     8.4    15.0     6.3   330.0
SUMMERSIDE_A  1988   1  19   19     -0.8     4.6     4.3  -999.9     3.6    18.2     6.7   330.0
SUMMERSIDE_A  1988   1  20   20     -2.9    -0.2     3.1  -999.9     4.2    21.1     5.2   330.0
SUMMERSIDE_A  1988   1  21   21     -0.4     2.2     3.0  -999.9     3.0    19.2     6.3   330.0
SUMMERSIDE_A  1988   1  22   22    -12.4     1.2     7.1  -999.9     0.0    23.0     2.9   330.0
SUMMERSIDE_A  1988   1  23   23    -11.8    -5.5     4.9  -999.9     0.0     5.8     2.5   330.0
SUMMERSIDE_A  1988   1  24   24    -11.9    -2.4     6.0  -999.9     0.0     9.0     3.0   330.0
SUMMERSIDE_A  1988   1  25   25     -2.8     1.7     4.2  -999.9     2.0    22.0     5.0   330.0
SUMMERSIDE_A  1988   1  26   26     -3.3     4.5     5.6  -999.9    16.4    27.4     6.0   330.0
SUMMERSIDE_A  1988   1  27   27    -16.5    -3.2     7.4  -999.9     3.6    22.2     2.4   330.0
SUMMERSIDE_A  1988   1  28   28    -17.7   -12.2     4.8  -999.9     0.4    15.4     1.4   330.0
SUMMERSIDE_A  1988   1  29   29    -17.4   -11.0     5.3  -999.9     0.0    10.1     1.4   330.0
SUMMERSIDE_A  1988   1  30   30    -15.3     0.1     8.3  -999.9     3.8    19.3     3.0   330.0
SUMMERSIDE_A  1988   1  31   31     -3.2     2.0     4.9  -999.9     1.4    10.3     5.6   330.0
SUMMERSIDE_A  1988   2   1   32      1.7     3.1     2.6  -999.9     1.6    25.9     6.8   330.0
SUMMERSIDE_A  1988   2   2   33    -13.3     3.6     9.1  -999.9     7.4    23.4     4.0   330.0
SUMMERSIDE_A  1988   2   3   34    -16.4   -12.2     4.6  -999.9     0.0    14.0     1.5   330.0
SUMMERSIDE_A  1988   2   4   35    -16.0    -4.8     7.6  -999.9    21.8    21.0     2.3   330.0
SUMMERSIDE_A  1988   2   5   36    -20.8    -3.4     9.6  -999.9     8.8    36.1     1.9   330.0
SUMMERSIDE_A  1988   2   6   37    -23.2   -14.9     6.7  -999.9     0.0     8.2     0.9   330.0
SUMMERSIDE_A  1988   2   7   38    -21.7   -10.3     8.0  -999.9     0.0    14.4     1.2   330.0
SUMMERSIDE_A  1988   2   8   39    -16.2    -2.8     8.8  -999.9     3.8    21.3     2.4   330.0
SUMMERSIDE_A  1988   2   9   40    -17.1    -8.4     7.2  -999.9     0.0     6.2     1.7   330.0
SUMMERSIDE_A  1988   2  10   41    -13.2    -2.5     8.1  -999.9     1.4    18.7     2.8   330.0
SUMMERSIDE_A  1988   2  11   42    -18.2   -10.0     7.2  -999.9     0.0    15.6     1.4   330.0
SUMMERSIDE_A  1988   2  12   43    -21.5    -5.4    10.2  -999.9     3.4    12.5     1.7   330.0
SUMMERSIDE_A  1988   2  13   44     -7.8     5.2     9.3  -999.9     5.6    38.5     4.9   330.0
SUMMERSIDE_A  1988   2  14   45     -9.1    -5.3     5.1  -999.9     0.2    34.9     2.5   330.0
SUMMERSIDE_A  1988   2  15   46     -8.2     4.2     9.4  -999.9     0.2    26.7     3.7   330.0
SUMMERSIDE_A  1988   2  16   47    -11.2     2.5    10.0  -999.9    18.8    33.0     4.1   330.0
SUMMERSIDE_A  1988   2  17   48    -14.3    -8.6     6.5  -999.9     0.0    21.2     1.9   330.0
SUMMERSIDE_A  1988   2  18   49    -12.3     0.5     9.9  -999.9     0.2    11.4     3.5   330.0
SUMMERSIDE_A  1988   2  19   50    -12.6    -2.6     8.9  -999.9     0.0    13.8     2.7   330.0
SUMMERSIDE_A  1988   2  20   51     -4.8     4.7     8.8  -999.9    12.4    31.9     5.5   330.0
SUMMERSIDE_A  1988   2  21   52    -16.1     2.9    12.6  -999.9     2.4    25.2     3.2   330.0
SUMMERSIDE_A  1988   2  22   53    -17.6     1.1    12.7  -999.9     0.0    33.1     2.1   330.0
SUMMERSIDE_A  1988   2  23   54      0.8     7.7     7.8  -999.9     3.0    33.9     6.5   330.0
SUMMERSIDE_A  1988   2  24   55     -6.5     1.9     8.7  -999.9     6.4    11.9     4.7   330.0
SUMMERSIDE_A  1988   2  25   56    -15.3    -2.2    11.1  -999.9     0.4     5.5     2.6   330.0
SUMMERSIDE_A  1988   2  26   57    -15.9    -3.1    11.1  -999.9     0.0     8.8     2.3   330.0
SUMMERSIDE_A  1988   2  27   58     -9.5    -5.0     6.7  -999.9     0.0    23.1     2.7   330.0
SUMMERSIDE_A  1988   2  28   59     -9.9    -1.3     9.3  -999.9     0.0    15.3     2.6   330.0
SUMMERSIDE_A  1988   2  29   60    -10.3    -1.0     9.8  -999.9     0.0     8.2     3.3   330.0
SUMMERSIDE_A  1988   3   1   61     -8.1    -2.0     8.1  -999.9     5.6    13.8     3.9   330.0
SUMMERSIDE_A  1988   3   2   62     -4.0     2.4     8.4  -999.9     0.0    24.8     4.3   330.0
SUMMERSIDE_A  1988   3   3   63     -9.4     0.9    10.8  -999.9     2.4    14.2     3.4   330.0
SUMMERSIDE_A  1988   3   4   64    -12.1    -3.6     9.9  -999.9     2.0     9.5     2.5   330.0
SUMMERSIDE_A  1988   3   5   65    -15.2    -3.3    11.9  -999.9     0.8    27.0     2.3   330.0
SUMMERSIDE_A  1988   3   6   66    -17.9    -1.3    14.2  -999.9     0.0    23.5     1.9   330.0
SUMMERSIDE_A  1988   3   7   67     -4.3     2.3     9.1  -999.9     0.0    21.5     4.7   330.0
SUMMERSIDE_A  1988   3   8   68    -12.0     0.5    12.7  -999.9     0.8    29.1     3.0   330.0
SUMMERSIDE_A  1988   3   9   69    -12.7    -0.8    12.5  -999.9     2.0    12.1     2.5   330.0
SUMMERSIDE_A  1988   3  10   70     -2.9     2.3     8.4  -999.9     6.4    15.3     5.6   330.0
SUMMERSIDE_A  1988   3  11   71    -13.2    -2.7    12.1  -999.9     1.0    40.2     2.1   330.0
SUMMERSIDE_A  1988   3  12   72    -13.8    -1.8    13.0  -999.9     0.0    33.0     2.1   330.0
SUMMERSIDE_A  1988   3  13   73     -8.0    -1.7     9.6  -999.9     0.0    15.2     3.0   330.0
SUMMERSIDE_A  1988   3  14   74     -6.0    -1.1     8.5  -999.9     0.0    13.2     3.6   330.0
SUMMERSIDE_A  1988   3  15   75     -3.0    -0.8     5.8  -999.9     1.0    24.8     4.8   330.0
SUMMERSIDE_A  1988   3  16   76     -3.8    -1.0     6.6  -999.9     0.2    29.3     4.2   330.0
SUMMERSIDE_A  1988   3  17   77     -7.6     2.1    12.4  -999.9     0.0    16.5     3.5   330.0
SUMMERSIDE_A  1988   3  18   78     -7.2     5.3    14.3  -999.9     0.0    11.5     3.8   330.0
SUMMERSIDE_A  1988   3  19   79     -2.1     4.9    10.8  -999.9     0.0    13.8     4.8   330.0
SUMMERSIDE_A  1988   3  20   80     -8.4    -1.3    11.0  -999.9     1.4    20.0     2.5   330.0
SUMMERSIDE_A  1988   3  21   81    -13.8    -5.6    12.0  -999.9     0.6    24.8     2.1   330.0
SUMMERSIDE_A  1988   3  22   82    -12.1    -2.4    13.2  -999.9     2.0    24.2     2.7   330.0
SUMMERSIDE_A  1988   3  23   83     -9.0    -1.0    12.1  -999.9     0.0    16.4     2.9   330.0
SUMMERSIDE_A  1988   3  24   84     -1.3     6.9    12.4  -999.9     2.4    26.7     5.7   330.0
SUMMERSIDE_A  1988   3  25   85     -3.6     5.4    13.1  -999.9     0.0    13.4     4.1   330.0
SUMMERSIDE_A  1988   3  26   86      1.1    10.0    13.2  -999.9     0.0    26.5     7.3   330.0
SUMMERSIDE_A  1988   3  27   87      5.1    12.6    12.2  -999.9     2.0    33.4    10.4   330.0
SUMMERSIDE_A  1988   3  28   88      0.2     6.7    11.5  -999.9     0.4    16.7     7.3   330.0
SUMMERSIDE_A  1988   3  29   89     -1.8     0.6     7.0  -999.9     0.8    30.2     4.7   330.0
SUMMERSIDE_A  1988   3  30   90     -2.3     2.1     9.6  -999.9     0.2    20.1     5.3   330.0
SUMMERSIDE_A  1988   3  31   91     -2.8     8.2    15.4  -999.9     0.2    10.1     6.9   330.0
SUMMERSIDE_A  1988   4   1   92     -2.0    10.3    16.4  -999.9     0.0    12.3     5.0   330.0
SUMMERSIDE_A  1988   4   2   93     -2.3     3.7    11.6  -999.9     0.0    16.2     4.9   330.0
SUMMERSIDE_A  1988   4   3   94     -3.6    10.8    18.1  -999.9     0.4    19.9     5.2   330.0
SUMMERSIDE_A  1988   4   4   95      2.3     8.7    12.2  -999.9     2.2    21.3     8.4   330.0
SUMMERSIDE_A  1988   4   5   96     -0.5     4.2    10.5  -999.9     0.6    26.8     6.6   330.0
SUMMERSIDE_A  1988   4   6   97     -0.6     3.2     9.6  -999.9     0.0    26.6     5.7   330.0
SUMMERSIDE_A  1988   4   7   98      0.5     7.5    13.1  -999.9     0.0    21.1     6.2   330.0
SUMMERSIDE_A  1988   4   8   99     -0.3     1.9     7.4  -999.9     4.2    21.0     5.6   330.0
SUMMERSIDE_A  1988   4   9  100      0.7     2.5     6.8  -999.9    10.6    32.3     6.6   330.0
SUMMERSIDE_A  1988   4  10  101     -0.3     1.7     7.2  -999.9    20.2    47.2     6.2   330.0
SUMMERSIDE_A  1988   4  11  102     -1.6     0.3     7.1  -999.9    10.3    44.9     5.3   330.0
SUMMERSIDE_A  1988   4  12  103     -1.9     1.1     8.9  -999.9     0.0    39.7     4.8   330.0
SUMMERSIDE_A  1988   4  13  104     -4.1     2.2    13.1  -999.9     0.0    22.2     4.5   330.0
SUMMERSIDE_A  1988   4  14  105     -4.5     5.0    16.2  -999.9     0.0    12.0     4.5   330.0
SUMMERSIDE_A  1988   4  15  106     -2.5     3.2    12.6  -999.9     0.0    10.0     5.2   330.0
SUMMERSIDE_A  1988   4  16  107     -2.1     4.9    14.1  -999.9     0.6    22.1     5.9   330.0
SUMMERSIDE_A  1988   4  17  108      0.6     9.4    15.9  -999.9     0.0    21.0     6.5   330.0
SUMMERSIDE_A  1988   4  18  109      0.1    10.9    17.7  -999.9     3.6    22.6     6.6   330.0
SUMMERSIDE_A  1988   4  19  110      1.2    11.7    17.6  -999.9     1.4    23.6     8.6   330.0
SUMMERSIDE_A  1988   4  20  111     -0.6     1.7     8.3  -999.9    12.8    34.9     6.0   330.0
SUMMERSIDE_A  1988   4  21  112     -0.3     1.4     7.2  -999.9     9.2    30.6     6.1   330.0
SUMMERSIDE_A  1988   4  22  113     -0.8     1.3     8.0  -999.9     9.2    28.1     6.0   330.0
SUMMERSIDE_A  1988   4  23  114     -1.3     4.2    13.1  -999.9     0.0    27.1     5.4   330.0
SUMMERSIDE_A  1988   4  24  115     -0.6     6.2    14.7  -999.9     0.2    16.3     5.6   330.0
SUMMERSIDE_A  1988   4  25  116     -0.4     1.0     6.7  -999.9     8.4    24.6     5.9   330.0
SUMMERSIDE_A  1988   4  26  117     -0.4     9.3    17.7  -999.9     0.0    16.8     6.8   330.0
SUMMERSIDE_A  1988   4  27  118      2.4    11.2    17.0  -999.9     2.4    17.4     8.0   330.0
SUMMERSIDE_A  1988   4  28  119     -0.3     5.5    13.9  -999.9     0.0    15.0     7.0   330.0
SUMMERSIDE_A  1988   4  29  120      0.3     6.2    14.1  -999.9     8.2    21.1     7.3   330.0
SUMMERSIDE_A  1988   4  30  121      2.2     9.9    16.2  -999.9     0.2    11.1     8.5   330.0
SUMMERSIDE_A  1988   5   1  122      0.9     6.4    13.8  -999.9     0.0    16.7     7.4   330.0
SUMMERSIDE_A  1988   5   2  123      0.6     2.9     8.9  -999.9     0.2    24.8     6.2   330.0
SUMMERSIDE_A  1988   5   3  124      0.2     1.9     7.7  -999.9    13.2    36.4     6.0   330.0
SUMMERSIDE_A  1988   5   4  125      1.5     6.2    12.9  -999.9     0.8    33.6     6.9   330.0
SUMMERSIDE_A  1988   5   5  126      2.1    22.0    26.7  -999.9     0.0    20.3     8.8   330.0
SUMMERSIDE_A  1988   5   6  127      4.7    19.8    23.4  -999.9     0.0    28.5     8.6   330.0
SUMMERSIDE_A  1988   5   7  128      2.5     7.4    13.4  -999.9     0.0    27.0     6.1   330.0
SUMMERSIDE_A  1988   5   8  129      1.6     9.0    16.5  -999.9     0.0    18.2     5.5   330.0
SUMMERSIDE_A  1988   5   9  130      3.1    17.4    23.1  -999.9     0.0    20.5     7.1   330.0
SUMMERSIDE_A  1988   5  10  131      3.8    17.0    22.3  -999.9     0.0    19.0     8.0   330.0
SUMMERSIDE_A  1988   5  11  132      4.3    16.3    21.4  -999.9     1.4    26.6    10.4   330.0
SUMMERSIDE_A  1988   5  12  133      7.6    15.2    17.1  -999.9     4.2    16.9    12.2   330.0
SUMMERSIDE_A  1988   5  13  134      6.2    21.2    24.1  -999.9     0.0    19.7    10.4   330.0
SUMMERSIDE_A  1988   5  14  135      1.8    14.5    22.3  -999.9     0.0    18.3     7.3   330.0
SUMMERSIDE_A  1988   5  15  136      1.4    15.8    23.8  -999.9     0.0    12.9     5.5   330.0
SUMMERSIDE_A  1988   5  16  137      8.3    21.0    22.4  -999.9     0.0    24.8     8.7   330.0
SUMMERSIDE_A  1988   5  17  138      5.6    18.7    22.9  -999.9    10.4    16.3    13.1   330.0
SUMMERSIDE_A  1988   5  18  139      4.1     7.2    11.2  -999.9     5.2    24.0     8.7   330.0
SUMMERSIDE_A  1988   5  19  140      4.3     9.6    14.6  -999.9     0.2    18.1     9.4   330.0
SUMMERSIDE_A  1988   5  20  141      5.9    18.5    22.7  -999.9     0.4     7.8    12.3   330.0
SUMMERSIDE_A  1988   5  21  142      9.9    20.8    21.1  -999.9     0.0    18.9    15.1   330.0
SUMMERSIDE_A  1988   5  22  143      9.7    22.7    23.2  -999.9     0.0    25.8    15.2   330.0
SUMMERSIDE_A  1988   5  23  144     10.8    22.0    21.6  -999.9     0.0    25.3    15.4   330.0
SUMMERSIDE_A  1988   5  24  145      7.0    22.8    25.7  -999.9     7.0    16.1    13.8   330.0
SUMMERSIDE_A  1988   5  25  146      6.2    14.1    18.2  -999.9    11.0    14.7     9.1   330.0
SUMMERSIDE_A  1988   5  26  147      6.7    12.5    15.6  -999.9     5.0    21.7    11.3   330.0
SUMMERSIDE_A  1988   5  27  148      7.6    21.4    24.2  -999.9     0.0    26.9    11.1   330.0
SUMMERSIDE_A  1988   5  28  149      9.3    23.5    24.6  -999.9     2.0    19.1    13.1   330.0
SUMMERSIDE_A  1988   5  29  150      4.6    18.2    24.1  -999.9     0.0    15.8    11.1   330.0
SUMMERSIDE_A  1988   5  30  151      3.7    14.1    21.2  -999.9     0.0    12.5     7.8   330.0
SUMMERSIDE_A  1988   5  31  152      6.9    13.6    17.0  -999.9    15.8    22.1    10.5   330.0
SUMMERSIDE_A  1988   6   1  153      4.7     8.7    13.2  -999.9     2.4    27.6     8.4   330.0
SUMMERSIDE_A  1988   6   2  154      4.2     9.1    14.6  -999.9     1.0    35.5     7.5   330.0
SUMMERSIDE_A  1988   6   3  155      5.1    12.2    17.6  -999.9     1.2    19.2     8.3   330.0
SUMMERSIDE_A  1988   6   4  156      4.9    17.7    23.7  -999.9     0.4    13.4     9.3   330.0
SUMMERSIDE_A  1988   6   5  157      4.9     8.4    12.4  -999.9     4.8    30.3     9.0   330.0
SUMMERSIDE_A  1988   6   6  158      6.0    11.6    15.7  -999.9     1.8    20.6     9.2   330.0
SUMMERSIDE_A  1988   6   7  159      2.9    10.3    18.1  -999.9     0.0    17.3     6.7   330.0
SUMMERSIDE_A  1988   6   8  160      6.5    14.6    19.0  -999.9     0.0    15.0     6.7   330.0
SUMMERSIDE_A  1988   6   9  161      7.7    16.7    20.0  -999.9     0.0    20.2     7.1   330.0
SUMMERSIDE_A  1988   6  10  162      7.1    12.7    15.8  -999.9     4.4     9.0     9.6   330.0
SUMMERSIDE_A  1988   6  11  163      6.5    21.2    25.6  -999.9     0.0    23.2     9.9   330.0
SUMMERSIDE_A  1988   6  12  164      8.7    23.4    25.6  -999.9     0.0    22.8    10.2   330.0
SUMMERSIDE_A  1988   6  13  165      6.6    17.7    22.3  -999.9     0.0    16.4    10.7   330.0
SUMMERSIDE_A  1988   6  14  166      6.7    17.6    22.1  -999.9     1.2    15.5    10.2   330.0
SUMMERSIDE_A  1988   6  15  167     13.3    26.1    24.0  -999.9     0.0    18.8    17.3   330.0
SUMMERSIDE_A  1988   6  16  168     13.8    28.8    25.9  -999.9     0.0    22.4    16.5   330.0
SUMMERSIDE_A  1988   6  17  169     10.2    14.5    13.9  -999.9     9.6    16.2    12.7   330.0
SUMMERSIDE_A  1988   6  18  170      9.5    19.3    21.0  -999.9     2.0    16.2    14.5   330.0
SUMMERSIDE_A  1988   6  19  171     11.8    24.3    23.7  -999.9     0.0    21.5    16.0   330.0
SUMMERSIDE_A  1988   6  20  172     12.7    24.7    23.2  -999.9     0.0    34.4    17.3   330.0
SUMMERSIDE_A  1988   6  21  173     13.8    25.7    23.1  -999.9     1.0    24.0    17.8   330.0
SUMMERSIDE_A  1988   6  22  174     14.5    26.5    23.2  -999.9     0.2    18.8    16.3   330.0
SUMMERSIDE_A  1988   6  23  175     10.6    19.2    19.6  -999.9     6.4    21.6    14.5   330.0
SUMMERSIDE_A  1988   6  24  176      8.1    17.6    20.6  -999.9     0.0    17.6     8.8   330.0
SUMMERSIDE_A  1988   6  25  177     10.1    20.1    21.2  -999.9     1.4    18.2    11.2   330.0
SUMMERSIDE_A  1988   6  26  178      9.6    17.2    18.4  -999.9     8.4    26.8    13.5   330.0
SUMMERSIDE_A  1988   6  27  179      9.9    16.1    16.6  -999.9     0.0    14.5    12.9   330.0
SUMMERSIDE_A  1988   6  28  180      9.9    14.8    14.8  -999.9     0.0    10.5    12.1   330.0
SUMMERSIDE_A  1988   6  29  181     10.6    20.9    21.4  -999.9     0.0    14.8    15.7   330.0
SUMMERSIDE_A  1988   6  30  182     10.7    16.5    16.0  -999.9     0.0    11.6    14.4   330.0
SUMMERSIDE_A  1988   7   1  183     12.4    15.8    12.3  -999.9    15.6    17.6    15.1   330.0
SUMMERSIDE_A  1988   7   2  184      9.9    17.8    18.7  -999.9     0.0    14.0    12.8   330.0
SUMMERSIDE_A  1988   7   3  185     10.1    19.0    19.8  -999.9     0.0    13.5    13.0   330.0
SUMMERSIDE_A  1988   7   4  186     12.2    26.9    25.4  -999.9     0.0    14.6    15.7   330.0
SUMMERSIDE_A  1988   7   5  187     13.6    27.4    24.6  -999.9     0.0    15.3    16.6   330.0
SUMMERSIDE_A  1988   7   6  188     15.2    26.0    21.7  -999.9     0.0    15.6    18.4   330.0
SUMMERSIDE_A  1988   7   7  189     16.0    23.5    18.0  -999.9     0.2    10.5    18.9   330.0
SUMMERSIDE_A  1988   7   8  190     16.3    26.5    21.0  -999.9     0.0    16.7    20.4   330.0
SUMMERSIDE_A  1988   7   9  191     16.3    27.5    22.0  -999.9     0.0    18.2    21.4   330.0
SUMMERSIDE_A  1988   7  10  192     17.2    24.8    18.0  -999.9     1.0    16.2    21.9   330.0
SUMMERSIDE_A  1988   7  11  193     18.0    27.3    19.9  -999.9     1.8    18.2    23.3   330.0
SUMMERSIDE_A  1988   7  12  194     16.8    25.2    18.9  -999.9     0.6    15.0    21.5   330.0
SUMMERSIDE_A  1988   7  13  195     11.6    23.8    22.7  -999.9     0.0    11.5    17.0   330.0
SUMMERSIDE_A  1988   7  14  196     11.1    25.6    24.7  -999.9     6.8    19.3    15.9   330.0
SUMMERSIDE_A  1988   7  15  197     13.9    23.2    19.7  -999.9     0.2    12.9    14.3   330.0
SUMMERSIDE_A  1988   7  16  198     15.4    19.5    13.0  -999.9     0.2     6.7    14.2   330.0
SUMMERSIDE_A  1988   7  17  199     15.3    22.6    17.4  -999.9     0.0     7.3    16.9   330.0
SUMMERSIDE_A  1988   7  18  200     16.6    27.7    21.3  -999.9     0.6     9.9    20.6   330.0
SUMMERSIDE_A  1988   7  19  201     17.6    20.7    11.2  -999.9     3.6     7.2    19.8   330.0
SUMMERSIDE_A  1988   7  20  202     15.5    23.6    18.1  -999.9     0.4     8.7    19.4   330.0
SUMMERSIDE_A  1988   7  21  203     14.3    24.0    19.8  -999.9     1.0     7.6    16.4   330.0
SUMMERSIDE_A  1988   7  22  204     14.8    21.0    15.7  -999.9     7.0     6.1    18.0   330.0
SUMMERSIDE_A  1988   7  23  205     16.0    25.8    19.7  -999.9     0.0     6.2    20.8   330.0
SUMMERSIDE_A  1988   7  24  206     14.6    21.1    16.0  -999.9     8.4     8.3    17.3   330.0
SUMMERSIDE_A  1988   7  25  207     14.8    20.1    14.4  -999.9     0.0    11.5    17.3   330.0
SUMMERSIDE_A  1988   7  26  208     14.6    20.2    14.7  -999.9     0.0     7.1    16.3   330.0
SUMMERSIDE_A  1988   7  27  209     14.4    25.2    20.4  -999.9     0.0     7.6    19.8   330.0
SUMMERSIDE_A  1988   7  28  210     18.3    25.2    16.2  -999.9     6.0    10.4    23.0   330.0
SUMMERSIDE_A  1988   7  29  211     17.5    26.5    18.4  -999.9     0.0     9.1    22.6   330.0
SUMMERSIDE_A  1988   7  30  212     16.4    27.2    20.1  -999.9     0.0    15.9    21.5   330.0
SUMMERSIDE_A  1988   7  31  213     17.6    26.9    18.6  -999.9     3.4    17.6    23.6   330.0
SUMMERSIDE_A  1988   8   1  214     16.7    27.2    19.6  -999.9     0.0    13.8    21.9   330.0
SUMMERSIDE_A  1988   8   2  215     17.5    27.0    18.6  -999.9     0.0    15.8    21.2   330.0
SUMMERSIDE_A  1988   8   3  216     16.8    21.1    12.4  -999.9     0.0    10.5    14.3   330.0
SUMMERSIDE_A  1988   8   4  217     16.8    26.9    19.0  -999.9     2.2    20.8    22.6   330.0
SUMMERSIDE_A  1988   8   5  218     18.8    23.5    12.9  -999.9     4.0     9.6    23.4   330.0
SUMMERSIDE_A  1988   8   6  219     18.5    27.0    17.2  -999.9     0.0    19.2    24.7   330.0
SUMMERSIDE_A  1988   8   7  220     18.3    28.8    19.0  -999.9     8.4    26.8    25.0   330.0
SUMMERSIDE_A  1988   8   8  221     18.6    25.8    15.7  -999.9     0.2    23.2    24.3   330.0
SUMMERSIDE_A  1988   8   9  222     18.4    29.3    19.2  -999.9     0.0    17.5    25.1   330.0
SUMMERSIDE_A  1988   8  10  223     20.0    25.4    13.4  -999.9     0.0    24.3    23.4   330.0
SUMMERSIDE_A  1988   8  11  224     16.6    29.6    20.7  -999.9     0.0    12.2    19.1   330.0
SUMMERSIDE_A  1988   8  12  225     19.2    31.1    19.7  -999.9     0.0    15.8    23.4   330.0
SUMMERSIDE_A  1988   8  13  226     16.9    23.6    14.7  -999.9    10.0    12.4    19.2   330.0
SUMMERSIDE_A  1988   8  14  227     14.8    19.5    12.2  -999.9     0.6    15.6    15.9   330.0
SUMMERSIDE_A  1988   8  15  228     15.2    16.8     7.1  -999.9    17.2    20.1    16.7   330.0
SUMMERSIDE_A  1988   8  16  229     15.6    18.9    10.1  -999.9     4.6    25.4    17.7   330.0
SUMMERSIDE_A  1988   8  17  230     15.7    19.0    10.0  -999.9     2.8    19.8    16.9   330.0
SUMMERSIDE_A  1988   8  18  231     10.6    19.2    16.1  -999.9     0.0    17.6    13.1   330.0
SUMMERSIDE_A  1988   8  19  232     10.0    21.3    18.3  -999.9     0.0    19.0    11.3   330.0
SUMMERSIDE_A  1988   8  20  233     11.8    20.4    15.9  -999.9     0.0    14.0    12.0   330.0
SUMMERSIDE_A  1988   8  21  234      8.9    17.2    15.5  -999.9     6.4    10.6    13.0   330.0
SUMMERSIDE_A  1988   8  22  235      8.4    18.1    16.6  -999.9    31.8    12.2    12.5   330.0
SUMMERSIDE_A  1988   8  23  236      8.4    17.4    15.9  -999.9     7.6     7.3    11.2   330.0
SUMMERSIDE_A  1988   8  24  237      8.3    19.6    17.7  -999.9     0.0     7.9    11.3   330.0
SUMMERSIDE_A  1988   8  25  238     10.7    20.1    16.0  -999.9     1.8    21.2    13.2   330.0
SUMMERSIDE_A  1988   8  26  239     16.6    23.5    13.6  -999.9     2.8    27.0    20.9   330.0
SUMMERSIDE_A  1988   8  27  240     16.3    24.6    14.8  -999.9     0.0    17.1    20.9   330.0
SUMMERSIDE_A  1988   8  28  241     15.6    24.6    15.3  -999.9     0.0    18.0    19.4   330.0
SUMMERSIDE_A  1988   8  29  242     17.4    21.5    10.2  -999.9     2.4    21.9    20.8   330.0
SUMMERSIDE_A  1988   8  30  243     14.2    18.5    10.4  -999.9    18.2    11.4    16.7   330.0
SUMMERSIDE_A  1988   8  31  244     13.1    21.9    14.8  -999.9     0.0     7.0    15.2   330.0
SUMMERSIDE_A  1988   9   1  245     12.4    21.5    14.9  -999.9     0.0    13.2    14.1   330.0
SUMMERSIDE_A  1988   9   2  246     13.4    24.1    16.0  -999.9     5.0    17.7    17.1   330.0
SUMMERSIDE_A  1988   9   3  247      9.1    17.2    13.8  -999.9     0.2    18.7    11.1   330.0
SUMMERSIDE_A  1988   9   4  248      8.8    18.3    14.8  -999.9     0.0    12.3    10.2   330.0
SUMMERSIDE_A  1988   9   5  249     14.7    20.0    11.0  -999.9    10.8    34.9    17.3   330.0
SUMMERSIDE_A  1988   9   6  250      9.7    16.8    12.6  -999.9     0.0    27.1     9.6   330.0
SUMMERSIDE_A  1988   9   7  251      7.9    17.0    14.1  -999.9     0.6    18.3     9.2   330.0
SUMMERSIDE_A  1988   9   8  252     10.4    22.5    16.1  -999.9     0.0    25.5    12.5   330.0
SUMMERSIDE_A  1988   9   9  253     13.0    21.2    13.1  -999.9     0.0    26.2    14.3   330.0
SUMMERSIDE_A  1988   9  10  254     12.3    21.6    13.8  -999.9     0.8    20.0    17.6   330.0
SUMMERSIDE_A  1988   9  11  255     10.8    16.5    10.7  -999.9     0.8    20.9    12.9   330.0
SUMMERSIDE_A  1988   9  12  256      8.0    15.3    12.0  -999.9     0.0    18.0     9.2   330.0
SUMMERSIDE_A  1988   9  13  257     10.4    16.2    10.6  -999.9     2.6    29.0    12.2   330.0
SUMMERSIDE_A  1988   9  14  258      8.0    16.4    12.6  -999.9     0.4    22.2     9.7   330.0
SUMMERSIDE_A  1988   9  15  259      7.4    15.1    12.0  -999.9     1.6    16.7    10.5   330.0
SUMMERSIDE_A  1988   9  16  260      6.8    12.5    10.2  -999.9     0.8    17.3     8.7   330.0
SUMMERSIDE_A  1988   9  17  261      8.6    16.4    11.8  -999.9     0.0     7.2    10.0   330.0
SUMMERSIDE_A  1988   9  18  262     12.0    16.4     8.8  -999.9    11.8    22.4    13.0   330.0
SUMMERSIDE_A  1988   9  19  263      9.9    16.2    10.4  -999.9     0.0    14.5    13.9   330.0
SUMMERSIDE_A  1988   9  20  264     11.9    18.0    10.1  -999.9     0.0    10.7    14.6   330.0
SUMMERSIDE_A  1988   9  21  265     13.0    18.3     9.3  -999.9     3.6    27.2    16.0   330.0
SUMMERSIDE_A  1988   9  22  266      7.6    15.0    10.9  -999.9     0.0    19.5    10.7   330.0
SUMMERSIDE_A  1988   9  23  267      5.8    15.6    12.4  -999.9     0.4    21.9     9.1   330.0
SUMMERSIDE_A  1988   9  24  268      8.4    18.0    12.1  -999.9     0.0    23.8     9.9   330.0
SUMMERSIDE_A  1988   9  25  269      7.7    17.2    11.9  -999.9     0.0    21.2     9.0   330.0
SUMMERSIDE_A  1988   9  26  270      7.3    18.1    12.5  -999.9     0.0    17.8    11.1   330.0
SUMMERSIDE_A  1988   9  27  271      4.6    14.6    11.9  -999.9     0.0    15.2     7.8   330.0
SUMMERSIDE_A  1988   9  28  272      6.8    15.3    10.8  -999.9    19.5    22.0    11.6   330.0
SUMMERSIDE_A  1988   9  29  273      4.0    11.8    10.3  -999.9     0.2    19.5     8.4   330.0
SUMMERSIDE_A  1988   9  30  274      5.4    11.9     9.3  -999.9     0.2    12.2     9.3   330.0
SUMMERSIDE_A  1988  10   1  275     10.5    20.6    11.4  -999.9     0.0    23.9    15.2   330.0
SUMMERSIDE_A  1988  10   2  276     14.1    20.3     8.8  -999.9     0.0    38.5    16.8   330.0
SUMMERSIDE_A  1988  10   3  277      6.7    17.4    11.4  -999.9     0.0    22.3    12.6   330.0
SUMMERSIDE_A  1988  10   4  278      7.4    10.6     6.2  -999.9     0.0    18.9     8.0   330.0
SUMMERSIDE_A  1988  10   5  279      6.8     8.8     4.8  -999.9    21.0    42.1     9.2   330.0
SUMMERSIDE_A  1988  10   6  280      1.7     8.0     8.4  -999.9     0.8    19.0     7.8   330.0
SUMMERSIDE_A  1988  10   7  281     -0.2     8.0     9.5  -999.9     0.0    12.6     5.6   330.0
SUMMERSIDE_A  1988  10   8  282      1.0     6.6     7.8  -999.9     1.8    24.6     5.2   330.0
SUMMERSIDE_A  1988  10   9  283      3.5     7.3     6.3  -999.9    14.6    24.4     8.1   330.0
SUMMERSIDE_A  1988  10  10  284      3.8    11.9     9.1  -999.9     2.0    29.7     8.3   330.0
SUMMERSIDE_A  1988  10  11  285      8.0    12.5     6.7  -999.9    19.6    20.2    11.6   330.0
SUMMERSIDE_A  1988  10  12  286      2.0    12.8    10.2  -999.9     0.0    21.8     7.4   330.0
SUMMERSIDE_A  1988  10  13  287      1.5     8.4     8.0  -999.9     1.4    16.5     6.4   330.0
SUMMERSIDE_A  1988  10  14  288      0.3     7.2     7.9  -999.9     3.0    23.9     4.8   330.0
SUMMERSIDE_A  1988  10  15  289     -0.7     6.1     7.8  -999.9     0.4    14.5     5.2   330.0
SUMMERSIDE_A  1988  10  16  290     -2.2    10.6    10.5  -999.9     0.0     6.0     5.2   330.0
SUMMERSIDE_A  1988  10  17  291      3.0    13.6     9.4  -999.9     0.0    15.4     8.2   330.0
SUMMERSIDE_A  1988  10  18  292      5.0    13.6     8.4  -999.9     0.0    21.4     9.0   330.0
SUMMERSIDE_A  1988  10  19  293      4.5    11.6     7.5  -999.9    31.3    24.2     9.6   330.0
SUMMERSIDE_A  1988  10  20  294      1.5     6.1     6.0  -999.9    14.6    21.4     6.9   330.0
SUMMERSIDE_A  1988  10  21  295     -0.3     6.8     7.3  -999.9     0.0    10.9     4.5   330.0
SUMMERSIDE_A  1988  10  22  296     -0.6     9.7     8.7  -999.9    16.8    21.0     6.2   330.0
SUMMERSIDE_A  1988  10  23  297      7.4    14.2     7.0  -999.9     8.0    23.4    11.7   330.0
SUMMERSIDE_A  1988  10  24  298      6.1    12.9     6.9  -999.9     0.0    18.5     9.1   330.0
SUMMERSIDE_A  1988  10  25  299      6.1    15.4     7.9  -999.9     3.4    24.3    11.0   330.0
SUMMERSIDE_A  1988  10  26  300      4.3    12.7     7.4  -999.9     0.0    19.8     8.4   330.0
SUMMERSIDE_A  1988  10  27  301      2.2    12.4     8.0  -999.9     0.0     8.0     8.9   330.0
SUMMERSIDE_A  1988  10  28  302      1.1    10.9     7.8  -999.9     1.8    13.5     7.1   330.0
SUMMERSIDE_A  1988  10  29  303      1.9    10.4     7.1  -999.9     1.2    26.8     6.3   330.0
SUMMERSIDE_A  1988  10  30  304     -1.6     4.4     5.9  -999.9     0.0    14.8     4.3   330.0
SUMMERSIDE_A  1988  10  31  305     -2.3     3.4     5.7  -999.9     0.0    17.9     4.0   330.0
SUMMERSIDE_A  1988  11   1  306     -1.9     8.1     7.4  -999.9     0.2    16.2     5.2   330.0
SUMMERSIDE_A  1988  11   2  307      5.4    12.2     6.0  -999.9    12.2    28.8    10.0   330.0
SUMMERSIDE_A  1988  11   3  308      3.7     8.0     4.7  -999.9     0.6    22.3     7.9   330.0
SUMMERSIDE_A  1988  11   4  309      4.1     9.9     5.4  -999.9     0.0    24.0     6.9   330.0
SUMMERSIDE_A  1988  11   5  310      7.7    11.9     4.6  -999.9     0.0    16.5    10.3   330.0
SUMMERSIDE_A  1988  11   6  311      7.7    16.4     6.5  -999.9     3.0    23.4    12.9   330.0
SUMMERSIDE_A  1988  11   7  312      7.4    10.8     4.0  -999.9     2.8    11.0    11.0   330.0
SUMMERSIDE_A  1988  11   8  313      4.3    10.1     5.1  -999.9     0.0    20.3     7.6   330.0
SUMMERSIDE_A  1988  11   9  314      2.3     5.5     3.8  -999.9     6.3     8.6     7.3   330.0
SUMMERSIDE_A  1988  11  10  315     -0.2     9.2     6.4  -999.9     0.0    16.6     6.7   330.0
SUMMERSIDE_A  1988  11  11  316      0.9    10.7     6.4  -999.9     2.0    31.9     6.2   330.0
SUMMERSIDE_A  1988  11  12  317     -3.6     2.7     5.1  -999.9     0.0    26.6     3.4   330.0
SUMMERSIDE_A  1988  11  13  318     -5.0     3.9     6.0  -999.9     0.0    12.0     4.2   330.0
SUMMERSIDE_A  1988  11  14  319      2.5     8.4     4.8  -999.9     4.6    26.7     7.6   330.0
SUMMERSIDE_A  1988  11  15  320      2.3     6.4     3.9  -999.9     0.0    26.2     5.8   330.0
SUMMERSIDE_A  1988  11  16  321      0.8     5.1     4.0  -999.9     0.0    15.1     4.9   330.0
SUMMERSIDE_A  1988  11  17  322      3.8    12.4     5.6  -999.9     6.8    30.5     9.3   330.0
SUMMERSIDE_A  1988  11  18  323      0.9     5.6     4.1  -999.9     0.0    26.8     5.4   330.0
SUMMERSIDE_A  1988  11  19  324     -3.3     4.1     5.1  -999.9     0.0    30.4     3.6   330.0
SUMMERSIDE_A  1988  11  20  325     -3.6     2.1     4.4  -999.9     0.0     8.0     4.4   330.0
SUMMERSIDE_A  1988  11  21  326     -1.8     3.7     4.3  -999.9    30.2    39.9     5.9   330.0
SUMMERSIDE_A  1988  11  22  327     -3.1     0.6     3.5  -999.9     0.0    31.3     4.4   330.0
SUMMERSIDE_A  1988  11  23  328     -7.0    -0.9     4.4  -999.9     1.6    25.0     3.5   330.0
SUMMERSIDE_A  1988  11  24  329     -6.7    -2.0     3.8  -999.9     0.2    27.0     2.9   330.0
SUMMERSIDE_A  1988  11  25  330     -4.0    -0.6     3.2  -999.9     0.4    24.1     3.9   330.0
SUMMERSIDE_A  1988  11  26  331     -3.0     4.4     4.7  -999.9     0.0    18.4     4.8   330.0
SUMMERSIDE_A  1988  11  27  332     -3.6     8.3     5.9  -999.9     0.2    13.7     5.5   330.0
SUMMERSIDE_A  1988  11  28  333      4.3    12.5     4.8  -999.9    15.4    20.8    10.7   330.0
SUMMERSIDE_A  1988  11  29  334     -4.0     9.7     6.2  -999.9     3.4    27.3     6.0   330.0
SUMMERSIDE_A  1988  11  30  335     -5.5     2.9     4.8  -999.9     0.0    16.7     4.0   330.0
SUMMERSIDE_A  1988  12   1  336     -0.6     5.8     4.2  -999.9     0.0    11.8     6.7   330.0
SUMMERSIDE_A  1988  12   2  337     -4.3     0.4     3.5  -999.9     0.2    13.9     4.3   330.0
SUMMERSIDE_A  1988  12   3  338     -4.4     2.8     4.4  -999.9     0.3    18.3     4.3   330.0
SUMMERSIDE_A  1988  12   4  339     -8.2     3.4     5.5  -999.9     3.1    25.4     3.9   330.0
SUMMERSIDE_A  1988  12   5  340    -12.2    -7.4     3.5  -999.9     0.2    23.0     1.9   330.0
SUMMERSIDE_A  1988  12   6  341    -12.8    -0.9     5.5  -999.9     1.4    16.3     2.6   330.0
SUMMERSIDE_A  1988  12   7  342     -3.0     7.5     5.1  -999.9     1.0    26.9     5.6   330.0
SUMMERSIDE_A  1988  12   8  343     -8.5     0.1     4.6  -999.9     0.0    10.5     3.2   330.0
SUMMERSIDE_A  1988  12   9  344    -11.2    -5.5     3.7  -999.9     0.0    15.6     2.2   330.0
SUMMERSIDE_A  1988  12  10  345    -13.7    -6.7     4.1  -999.9     0.2     9.9     1.9   330.0
SUMMERSIDE_A  1988  12  11  346    -16.6   -12.2     3.3  -999.9     0.0    14.4     1.5   330.0
SUMMERSIDE_A  1988  12  12  347    -16.2    -7.7     4.5  -999.9     0.2    16.5     2.0   330.0
SUMMERSIDE_A  1988  12  13  348    -14.8    -3.8     5.1  -999.9     0.0    14.8     2.2   330.0
SUMMERSIDE_A  1988  12  14  349     -6.9     1.2     4.4  -999.9     0.0    12.9     4.3   330.0
SUMMERSIDE_A  1988  12  15  350     -3.0     0.7     3.0  -999.9     1.4    10.2     4.6   330.0
SUMMERSIDE_A  1988  12  16  351    -13.8    -6.6     4.1  -999.9     0.0    26.7     2.2   330.0
SUMMERSIDE_A  1988  12  17  352    -15.8    -9.0     4.0  -999.9     1.0     9.7     1.9   330.0
SUMMERSIDE_A  1988  12  18  353    -12.4    -3.3     4.6  -999.9    14.1    23.9     3.1   330.0
SUMMERSIDE_A  1988  12  19  354    -13.6    -6.7     4.0  -999.9     0.0    15.8     2.3   330.0
SUMMERSIDE_A  1988  12  20  355     -7.3     4.3     5.2  -999.9     0.8    21.1     5.0   330.0
SUMMERSIDE_A  1988  12  21  356      1.2     4.7     2.9  -999.9     0.0    20.4     6.8   330.0
SUMMERSIDE_A  1988  12  22  357    -10.3     1.4     5.2  -999.9     1.2    27.0     3.2   330.0
SUMMERSIDE_A  1988  12  23  358    -12.4    -6.0     3.9  -999.9     1.0    10.0     2.5   330.0
SUMMERSIDE_A  1988  12  24  359     -6.6     1.7     4.4  -999.9     4.2    17.0     4.6   330.0
SUMMERSIDE_A  1988  12  25  360     -2.2     2.2     3.2  -999.9    10.5    25.3     5.6   330.0
SUMMERSIDE_A  1988  12  26  361     -7.0    -2.0     3.5  -999.9     4.6    17.5     4.0   330.0
SUMMERSIDE_A  1988  12  27  362    -10.6    -4.4     3.9  -999.9     0.0    12.2     2.9   330.0
SUMMERSIDE_A  1988  12  28  363     -5.0     2.7     4.3  -999.9    12.0    17.9     5.3   330.0
SUMMERSIDE_A  1988  12  29  364    -16.0     0.4     6.3  -999.9     0.8    28.2     2.7   330.0
SUMMERSIDE_A  1988  12  30  365    -17.4   -13.4     3.1  -999.9     0.0    17.1     1.4   330.0
