SUMMERSIDE  2014   1   1    1    -25.3   -14.9     5.1  -999.9     0.2     7.5     0.9   330.0
SUMMERSIDE  2014   1   2    2    -26.7   -18.2     4.6  -999.9     0.0     6.6     0.7   330.0
SUMMERSIDE  2014   1   3    3    -20.4   -11.2     4.8  -999.9     1.6    10.9     1.5   330.0
SUMMERSIDE  2014   1   4    4    -22.5    -8.6     6.0  -999.9     0.4     8.2     1.3   330.0
SUMMERSIDE  2014   1   5    5    -11.1    -5.0     4.0  -999.9     0.0     2.8     2.7   330.0
SUMMERSIDE  2014   1   6    6    -11.9     7.6     7.2  -999.9     3.1     9.5     4.7   330.0
SUMMERSIDE  2014   1   7    7    -14.0     5.4     7.2  -999.9     0.5     9.9     3.1   330.0
SUMMERSIDE  2014   1   8    8    -13.9    -9.0     3.7  -999.9     0.1    10.4     1.4   330.0
SUMMERSIDE  2014   1   9    9    -16.6    -8.8     4.7  -999.9     0.1    23.6     1.4   330.0
SUMMERSIDE  2014   1  10   10    -17.6    -2.8     6.5  -999.9     0.0    19.8     1.9   330.0
SUMMERSIDE  2014   1  11   11     -7.6     7.8     6.7  -999.9    11.5    23.5     5.6   330.0
SUMMERSIDE  2014   1  12   12      1.3     7.8     4.4  -999.9     3.0    29.6     7.3   330.0
SUMMERSIDE  2014   1  13   13     -1.1     2.9     3.5  -999.9     0.0    25.2     4.3   330.0
SUMMERSIDE  2014   1  14   14      1.2     7.4     4.4  -999.9    17.0    28.0     7.1   330.0
SUMMERSIDE  2014   1  15   15      0.6     5.1     3.7  -999.9     6.5    13.7     7.1   330.0
SUMMERSIDE  2014   1  16   16      0.0     1.8     2.4  -999.9     3.2     7.9     6.4   330.0
SUMMERSIDE  2014   1  17   17      0.0     2.8     3.0  -999.9     0.9     9.6     6.6   330.0
SUMMERSIDE  2014   1  18   18     -0.7     2.1     3.1  -999.9     0.0    10.3     6.2   330.0
SUMMERSIDE  2014   1  19   19     -3.4     1.0     3.9  -999.9     1.1    17.4     5.4   330.0
SUMMERSIDE  2014   1  20   20    -10.6     0.1     6.1  -999.9     0.2    23.0     3.1   330.0
SUMMERSIDE  2014   1  21   21    -16.3   -10.5     4.6  -999.9     0.0    19.8     1.4   330.0
SUMMERSIDE  2014   1  22   22    -14.7    -8.1     4.9  -999.9     2.9    34.4     2.1   330.0
SUMMERSIDE  2014   1  23   23    -16.5   -10.6     4.7  -999.9     0.0    19.2     1.6   330.0
SUMMERSIDE  2014   1  24   24    -19.5   -13.4     4.8  -999.9     0.0    13.9     1.2   330.0
SUMMERSIDE  2014   1  25   25    -18.8     3.3     9.3  -999.9     0.0    29.0     2.7   330.0
SUMMERSIDE  2014   1  26   26    -15.4     4.7     9.0  -999.9     4.4    39.3     3.0   330.0
SUMMERSIDE  2014   1  27   27    -15.2     4.6     9.1  -999.9     1.5    28.0     3.1   330.0
SUMMERSIDE  2014   1  28   28    -13.0    -5.5     5.7  -999.9     0.0    27.3     1.7   330.0
SUMMERSIDE  2014   1  29   29    -13.2    -8.3     4.6  -999.9     0.6    16.3     2.0   330.0
SUMMERSIDE  2014   1  30   30    -12.4    -6.7     5.1  -999.9     0.0    19.5     1.9   330.0
SUMMERSIDE  2014   1  31   31     -6.7     2.0     6.3  -999.9     0.0    26.6     3.7   330.0
SUMMERSIDE  2014   2   1   32     -7.8    -0.6     5.8  -999.9     0.0    13.1     3.1   330.0
SUMMERSIDE  2014   2   2   33     -2.4     2.5     4.9  -999.9     1.6    19.0     5.6   330.0
SUMMERSIDE  2014   2   3   34    -10.5    -2.4     6.4  -999.9     0.2     9.9     3.3   330.0
SUMMERSIDE  2014   2   4   35    -10.9    -4.6     5.7  -999.9     0.0     7.9     2.8   330.0
SUMMERSIDE  2014   2   5   36    -11.3    -6.6     5.0  -999.9     1.8    10.1     2.5   330.0
SUMMERSIDE  2014   2   6   37    -19.0   -10.8     6.7  -999.9     0.4    18.9     1.5   330.0
SUMMERSIDE  2014   2   7   38    -14.9    -5.5     7.3  -999.9     0.0    19.9     2.1   330.0
SUMMERSIDE  2014   2   8   39    -16.0    -5.6     7.8  -999.9     0.0    19.9     1.9   330.0
SUMMERSIDE  2014   2   9   40    -18.4   -10.0     7.1  -999.9     0.0    11.2     1.4   330.0
SUMMERSIDE  2014   2  10   41    -18.5    -8.4     7.9  -999.9     0.0     7.7     1.7   330.0
SUMMERSIDE  2014   2  11   42    -22.0   -10.1     8.7  -999.9     0.0    12.1     1.2   330.0
SUMMERSIDE  2014   2  12   43    -17.6    -9.2     7.4  -999.9     0.0    14.4     1.5   330.0
SUMMERSIDE  2014   2  13   44    -15.9    -0.1    10.3  -999.9     6.9    19.1     2.7   330.0
SUMMERSIDE  2014   2  14   45     -3.0     7.0     8.3  -999.9    27.5    30.8     6.7   330.0
SUMMERSIDE  2014   2  15   46     -6.5    -3.0     5.0  -999.9     1.3    21.1     3.4   330.0
SUMMERSIDE  2014   2  16   47     -9.6    -4.1     6.3  -999.9     8.0    46.8     3.3   330.0
SUMMERSIDE  2014   2  17   48    -10.9    -6.2     5.9  -999.9     0.0    28.2     2.4   330.0
SUMMERSIDE  2014   2  18   49    -15.1    -3.4     9.5  -999.9     0.0    11.4     2.3   330.0
SUMMERSIDE  2014   2  19   50     -4.0    -1.4     4.5  -999.9     3.1    17.5     4.5   330.0
SUMMERSIDE  2014   2  20   51     -3.5     1.4     6.3  -999.9     7.0    19.7     5.1   330.0
SUMMERSIDE  2014   2  21   52     -5.7     0.7     7.3  -999.9     5.8    14.6     4.0   330.0
SUMMERSIDE  2014   2  22   53      0.0     5.4     6.8  -999.9     6.7    22.3     6.2   330.0
SUMMERSIDE  2014   2  23   54     -1.9     3.5     6.9  -999.9     0.0    22.0     4.3   330.0
SUMMERSIDE  2014   2  24   55     -6.8     1.5     8.7  -999.9     0.6    12.7     3.8   330.0
SUMMERSIDE  2014   2  25   56    -13.5    -6.8     7.9  -999.9     0.2    22.9     1.5   330.0
SUMMERSIDE  2014   2  26   57    -15.6    -7.0     9.1  -999.9     0.0    15.1     1.7   330.0
SUMMERSIDE  2014   2  27   58    -16.1    -3.2    11.3  -999.9     0.6    11.0     2.3   330.0
SUMMERSIDE  2014   2  28   59    -14.3    -6.4     8.9  -999.9     0.0    20.9     1.8   330.0
SUMMERSIDE  2014   3   1   60    -17.9    -3.3    12.3  -999.9     0.0    16.4     1.6   330.0
SUMMERSIDE  2014   3   2   61    -17.4    -2.1    12.8  -999.9     1.3    20.1     2.3   330.0
SUMMERSIDE  2014   3   3   62    -18.3    -9.2    10.0  -999.9     0.0    14.7     1.4   330.0
SUMMERSIDE  2014   3   4   63    -21.6   -10.4    11.2  -999.9     0.2    12.8     1.0   330.0
SUMMERSIDE  2014   3   5   64    -19.7   -12.6     9.1  -999.9     0.0    12.3     1.0   330.0
SUMMERSIDE  2014   3   6   65    -18.6    -5.1    12.7  -999.9     0.0    12.5     1.4   330.0
SUMMERSIDE  2014   3   7   66    -15.2     0.0    13.6  -999.9     0.0    22.8     2.0   330.0
SUMMERSIDE  2014   3   8   67     -6.0     4.7    11.6  -999.9     0.0    20.0     4.7   330.0
SUMMERSIDE  2014   3   9   68    -12.0    -3.8    10.3  -999.9     0.0    13.1     2.5   330.0
SUMMERSIDE  2014   3  10   69    -12.7    -4.4    10.5  -999.9     0.2    11.8     1.9   330.0
SUMMERSIDE  2014   3  11   70     -8.9     0.2    11.1  -999.9     0.2    20.6     3.4   330.0
SUMMERSIDE  2014   3  12   71     -7.0     3.6    12.1  -999.9     5.0    16.7     4.7   330.0
SUMMERSIDE  2014   3  13   72    -11.1    -5.2     9.1  -999.9     9.3    44.0     3.0   330.0
SUMMERSIDE  2014   3  14   73    -12.8    -5.1    10.6  -999.9     0.4    19.5     2.2   330.0
SUMMERSIDE  2014   3  15   74     -6.0     4.8    12.7  -999.9     2.5    30.5     5.2   330.0
SUMMERSIDE  2014   3  16   75    -11.8     2.2    14.6  -999.9     0.6    32.2     2.9   330.0
SUMMERSIDE  2014   3  17   76    -13.9    -7.3    10.1  -999.9     0.0    28.2     1.4   330.0
SUMMERSIDE  2014   3  18   77    -12.7    -3.4    12.2  -999.9     0.0    17.3     2.0   330.0
SUMMERSIDE  2014   3  19   78    -12.9    -0.6    14.2  -999.9     0.0     9.7     2.4   330.0
SUMMERSIDE  2014   3  20   79     -3.2     4.1    11.0  -999.9     1.7    27.2     5.1   330.0
SUMMERSIDE  2014   3  21   80     -0.6     3.3     8.2  -999.9     0.0    25.5     5.4   330.0
SUMMERSIDE  2014   3  22   81     -2.5     2.1     9.0  -999.9     3.5    18.6     4.4   330.0
SUMMERSIDE  2014   3  23   82    -11.6     1.2    15.1  -999.9     0.4    23.6     3.0   330.0
SUMMERSIDE  2014   3  24   83    -13.7    -7.0    11.1  -999.9     0.0    24.2     1.6   330.0
SUMMERSIDE  2014   3  25   84    -12.3    -3.6    12.7  -999.9     0.0    17.0     2.0   330.0
SUMMERSIDE  2014   3  26   85     -8.5    -3.6     9.7  -999.9     5.5    47.5     3.3   330.0
SUMMERSIDE  2014   3  27   86     -5.7    -1.3     9.3  -999.9     0.2    43.9     4.5   330.0
SUMMERSIDE  2014   3  28   87     -7.1     3.9    14.8  -999.9     5.5    17.6     5.1   330.0
SUMMERSIDE  2014   3  29   88     -1.9     4.6    11.5  -999.9     0.8    16.8     5.6   330.0
SUMMERSIDE  2014   3  30   89     -1.9     1.0     7.7  -999.9    21.7    19.4     5.4   330.0
SUMMERSIDE  2014   3  31   90     -2.5     0.7     8.2  -999.9     6.7     8.7     5.4   330.0
SUMMERSIDE  2014   4   1   91     -3.7    -2.4     5.3  -999.9     2.7     1.2     4.6   330.0
SUMMERSIDE  2014   4   2   92     -3.8    -0.2     8.9  -999.9     5.1     6.8     4.9   330.0
SUMMERSIDE  2014   4   3   93     -2.6     1.9    10.0  -999.9     0.9     6.8     5.7   330.0
SUMMERSIDE  2014   4   4   94     -3.0     2.5    11.2  -999.9     0.0     7.8     5.6   330.0
SUMMERSIDE  2014   4   5   95     -2.0     3.8    11.6  -999.9     9.1    23.9     6.2   330.0
SUMMERSIDE  2014   4   6   96      0.0     4.1     9.8  -999.9     0.2    27.7     5.6   330.0
SUMMERSIDE  2014   4   7   97      0.5     8.8    14.1  -999.9     0.0    17.9     5.2   330.0
SUMMERSIDE  2014   4   8   98      1.8     7.5    11.8  -999.9    11.1    28.1     6.8   330.0
SUMMERSIDE  2014   4   9   99     -1.7     8.2    15.7  -999.9     0.2    19.0     6.2   330.0
SUMMERSIDE  2014   4  10  100     -3.3     4.5    14.1  -999.9     0.0    27.4     3.5   330.0
SUMMERSIDE  2014   4  11  101      2.2     8.5    12.7  -999.9     0.0    33.1     6.6   330.0
SUMMERSIDE  2014   4  12  102      1.5     6.4    11.3  -999.9     0.0    12.3     6.1   330.0
SUMMERSIDE  2014   4  13  103     -1.2     3.6    11.3  -999.9     6.5    14.1     4.4   330.0
SUMMERSIDE  2014   4  14  104      0.9    12.3    17.6  -999.9    12.2    31.2     8.7   330.0
SUMMERSIDE  2014   4  15  105      9.6    17.0    14.3  -999.9     0.0    32.8    12.4   330.0
SUMMERSIDE  2014   4  16  106     -3.3    13.1    21.4  -999.9    10.6    31.2     6.9   330.0
SUMMERSIDE  2014   4  17  107     -4.5     3.3    14.9  -999.9     0.0    13.1     3.4   330.0
SUMMERSIDE  2014   4  18  108     -3.0     6.1    16.2  -999.9     0.0    11.7     4.7   330.0
SUMMERSIDE  2014   4  19  109     -0.3     6.3    13.9  -999.9     0.0    18.1     5.8   330.0
SUMMERSIDE  2014   4  20  110      0.3     8.0    15.1  -999.9     0.0    15.9     5.4   330.0
SUMMERSIDE  2014   4  21  111      0.6     8.9    15.8  -999.9     0.0    23.3     6.1   330.0
SUMMERSIDE  2014   4  22  112      0.7     8.0    14.9  -999.9     0.0    10.2     7.0   330.0
SUMMERSIDE  2014   4  23  113      2.2    14.0    19.1  -999.9     2.7    17.7     9.2   330.0
SUMMERSIDE  2014   4  24  114     -0.1     5.9    13.7  -999.9    36.9    34.7     7.0   330.0
SUMMERSIDE  2014   4  25  115      0.0     2.7     9.2  -999.9     0.0    29.4     5.8   330.0
SUMMERSIDE  2014   4  26  116      0.1     6.7    14.5  -999.9     0.0    14.8     6.6   330.0
SUMMERSIDE  2014   4  27  117      1.1     2.9     7.6  -999.9     2.6    24.1     6.6   330.0
SUMMERSIDE  2014   4  28  118      1.0     4.6    10.9  -999.9     0.7    36.5     6.9   330.0
SUMMERSIDE  2014   4  29  119     -0.3     4.4    12.5  -999.9     0.0    31.8     6.2   330.0
SUMMERSIDE  2014   4  30  120     -0.2     7.6    16.2  -999.9     0.0    12.8     5.7   330.0
SUMMERSIDE  2014   5   1  121     -0.1     9.7    18.3  -999.9    14.4    17.1     7.1   330.0
SUMMERSIDE  2014   5   2  122      4.2     9.2    13.1  -999.9     1.4     9.7     9.2   330.0
SUMMERSIDE  2014   5   3  123      4.6    15.4    19.4  -999.9     0.0    15.0    10.0   330.0
SUMMERSIDE  2014   5   4  124      3.6     9.1    13.9  -999.9    10.7    18.9     8.5   330.0
SUMMERSIDE  2014   5   5  125      2.1     6.7    12.8  -999.9     3.7    27.8     7.5   330.0
SUMMERSIDE  2014   5   6  126      0.4     6.3    14.6  -999.9     0.0    16.8     6.2   330.0
SUMMERSIDE  2014   5   7  127     -0.8     8.9    18.8  -999.9     0.9     8.9     6.2   330.0
SUMMERSIDE  2014   5   8  128     -0.5    16.1    24.7  -999.9     0.0    13.8     6.5   330.0
SUMMERSIDE  2014   5   9  129      2.5    15.1    21.6  -999.9     0.0    15.2     8.1   330.0
SUMMERSIDE  2014   5  10  130      7.3    13.4    15.1  -999.9     8.1    27.1    10.7   330.0
SUMMERSIDE  2014   5  11  131      1.6    14.8    22.3  -999.9     0.0    22.0    10.3   330.0
SUMMERSIDE  2014   5  12  132     -0.8     7.5    17.8  -999.9     0.2    16.9     6.0   330.0
SUMMERSIDE  2014   5  13  133     -1.3    11.9    22.5  -999.9     0.0    11.5     6.2   330.0
SUMMERSIDE  2014   5  14  134      2.1    19.2    25.7  -999.9     0.0    15.2     7.0   330.0
SUMMERSIDE  2014   5  15  135      9.0    18.7    19.4  -999.9     0.0    28.5    10.2   330.0
SUMMERSIDE  2014   5  16  136     10.7    25.0    23.7  -999.9     0.0    25.9    13.1   330.0
SUMMERSIDE  2014   5  17  137     11.1    23.3    22.0  -999.9     0.0    23.2    12.5   330.0
SUMMERSIDE  2014   5  18  138     10.6    21.3    20.7  -999.9     0.0    13.5    11.4   330.0
SUMMERSIDE  2014   5  19  139      7.9    15.6    17.6  -999.9     0.8    19.4    11.5   330.0
SUMMERSIDE  2014   5  20  140      8.3    11.5    11.4  -999.9     1.4    10.2    11.5   330.0
SUMMERSIDE  2014   5  21  141      8.7    18.1    19.6  -999.9     0.2    11.9    12.6   330.0
SUMMERSIDE  2014   5  22  142      6.5    10.6    13.0  -999.9     1.2    19.2    10.2   330.0
SUMMERSIDE  2014   5  23  143      5.1     9.7    13.8  -999.9     0.6    23.1     9.3   330.0
SUMMERSIDE  2014   5  24  144      4.2     7.7    12.1  -999.9     0.0    28.5     8.0   330.0
SUMMERSIDE  2014   5  25  145      0.9     6.8    15.7  -999.9     0.0    22.5     6.9   330.0
SUMMERSIDE  2014   5  26  146     -0.9     9.4    20.8  -999.9     9.2    15.2     7.7   330.0
SUMMERSIDE  2014   5  27  147      3.6     7.6    13.0  -999.9     0.2    23.3     8.4   330.0
SUMMERSIDE  2014   5  28  148      1.2     8.0    17.0  -999.9     0.0    18.0     7.1   330.0
SUMMERSIDE  2014   5  29  149     -0.3    21.1    30.2  -999.9     0.0    15.4     7.5   330.0
SUMMERSIDE  2014   5  30  150      8.4    23.1    25.1  -999.9     0.0    17.6     8.5   330.0
SUMMERSIDE  2014   5  31  151      4.9    13.1    18.8  -999.9     0.0    18.8     9.0   330.0
SUMMERSIDE  2014   6   1  152      4.7    19.5    25.3  -999.9     0.0    13.2     9.3   330.0
SUMMERSIDE  2014   6   2  153     10.9    23.1    23.0  -999.9     0.0    27.8     9.4   330.0
SUMMERSIDE  2014   6   3  154     12.5    26.6    24.8  -999.9     0.0    18.0    11.1   330.0
SUMMERSIDE  2014   6   4  155     15.0    23.7    19.5  -999.9     0.0    20.7    16.9   330.0
SUMMERSIDE  2014   6   5  156     14.3    22.9    19.4  -999.9     1.5    13.7    17.3   330.0
SUMMERSIDE  2014   6   6  157     10.0    17.1    17.7  -999.9    11.4    16.9    14.4   330.0
SUMMERSIDE  2014   6   7  158      8.2    11.9    12.8  -999.9     0.2    25.9    11.0   330.0
SUMMERSIDE  2014   6   8  159      6.9    18.4    22.6  -999.9     0.0    12.3     9.7   330.0
SUMMERSIDE  2014   6   9  160      6.7    25.0    28.5  -999.9     0.0    10.4    11.1   330.0
SUMMERSIDE  2014   6  10  161      8.5    17.0    19.4  -999.9     0.0    15.5    11.0   330.0
SUMMERSIDE  2014   6  11  162      8.5    21.1    23.7  -999.9     0.0    12.0    10.1   330.0
SUMMERSIDE  2014   6  12  163      9.0    20.8    22.9  -999.9     0.0    13.9     9.7   330.0
SUMMERSIDE  2014   6  13  164     12.6    21.2    19.6  -999.9     2.5    14.5    14.2   330.0
SUMMERSIDE  2014   6  14  165     12.3    18.9    17.2  -999.9     9.7    24.8    14.3   330.0
SUMMERSIDE  2014   6  15  166     10.7    15.5    14.7  -999.9    14.3    18.5    14.0   330.0
SUMMERSIDE  2014   6  16  167      9.5    15.7    16.7  -999.9     1.1    30.5    11.8   330.0
SUMMERSIDE  2014   6  17  168     10.0    24.0    25.1  -999.9     0.0    13.2    12.5   330.0
SUMMERSIDE  2014   6  18  169     13.3    16.0    11.0  -999.9    19.6    21.7    14.4   330.0
SUMMERSIDE  2014   6  19  170     10.9    20.7    21.0  -999.9     4.4    17.6    15.7   330.0
SUMMERSIDE  2014   6  20  171      9.4    13.8    14.1  -999.9     3.2    17.5    11.6   330.0
SUMMERSIDE  2014   6  21  172      9.5    13.3    13.1  -999.9     0.2    17.4    11.4   330.0
SUMMERSIDE  2014   6  22  173     11.2    18.5    18.1  -999.9     0.0     8.0    13.0   330.0
SUMMERSIDE  2014   6  23  174     10.9    24.3    24.5  -999.9     0.0    13.5    14.2   330.0
SUMMERSIDE  2014   6  24  175     13.5    23.6    21.3  -999.9     0.0    28.5    13.2   330.0
SUMMERSIDE  2014   6  25  176     13.0    17.4    14.0  -999.9     4.1    21.1    15.4   330.0
SUMMERSIDE  2014   6  26  177     12.1    13.7     8.5  -999.9    13.9    18.2    13.8   330.0
SUMMERSIDE  2014   6  27  178     11.4    20.4    20.1  -999.9     0.0    12.6    15.0   330.0
SUMMERSIDE  2014   6  28  179     10.3    27.4    27.6  -999.9     0.0     9.5    13.7   330.0
SUMMERSIDE  2014   6  29  180     14.5    28.7    25.1  -999.9     0.0    13.7    15.9   330.0
SUMMERSIDE  2014   6  30  181     16.3    29.6    24.3  -999.9     0.0    18.8    18.7   330.0
SUMMERSIDE  2014   7   1  182     16.8    27.5    21.8  -999.9     0.0    25.1    20.4   330.0
SUMMERSIDE  2014   7   2  183     17.8    27.0    20.2  -999.9     0.0    35.4    21.8   330.0
SUMMERSIDE  2014   7   3  184     19.5    28.7    20.1  -999.9     0.0    31.0    24.0   330.0
SUMMERSIDE  2014   7   4  185     21.5    29.0    18.2  -999.9     0.4    22.1    23.7   330.0
SUMMERSIDE  2014   7   5  186     13.0    23.2    21.1  -999.9     9.4    38.1    17.6   330.0
SUMMERSIDE  2014   7   6  187     13.1    26.1    23.8  -999.9     0.3    28.7    15.9   330.0
SUMMERSIDE  2014   7   7  188     16.4    23.9    18.1  -999.9     1.9    25.3    18.1   330.0
SUMMERSIDE  2014   7   8  189     17.8    26.0    18.9  -999.9    12.5    28.1    22.3   330.0
SUMMERSIDE  2014   7   9  190     18.7    25.1    16.6  -999.9     0.0    30.4    21.2   330.0
SUMMERSIDE  2014   7  10  191     16.4    27.6    22.0  -999.9     0.0    20.7    20.5   330.0
SUMMERSIDE  2014   7  11  192     15.3    23.8    19.1  -999.9     0.0    10.7    14.8   330.0
SUMMERSIDE  2014   7  12  193     15.4    27.6    22.8  -999.9     0.0    14.6    15.6   330.0
SUMMERSIDE  2014   7  13  194     16.3    26.9    21.2  -999.9     0.0    22.5    17.4   330.0
SUMMERSIDE  2014   7  14  195     17.7    22.7    14.5  -999.9     0.9    29.2    19.0   330.0
SUMMERSIDE  2014   7  15  196     18.7    23.8    14.6  -999.9     1.2    21.8    23.0   330.0
SUMMERSIDE  2014   7  16  197     20.7    28.3    17.8  -999.9    11.5    23.3    27.5   330.0
SUMMERSIDE  2014   7  17  198     17.8    23.2    15.0  -999.9     4.7    18.3    22.0   330.0
SUMMERSIDE  2014   7  18  199     17.0    25.4    18.6  -999.9     0.0    17.9    18.9   330.0
SUMMERSIDE  2014   7  19  200     15.2    24.5    19.5  -999.9     0.0    10.5    16.3   330.0
SUMMERSIDE  2014   7  20  201     15.4    26.8    21.6  -999.9     0.0    10.7    16.1   330.0
SUMMERSIDE  2014   7  21  202     18.8    25.9    17.0  -999.9     0.0    12.4    17.0   330.0
SUMMERSIDE  2014   7  22  203     17.1    27.7    20.6  -999.9     0.0    20.1    18.6   330.0
SUMMERSIDE  2014   7  23  204     17.9    27.5    19.6  -999.9     0.0    29.4    21.5   330.0
SUMMERSIDE  2014   7  24  205     15.1    20.7    14.9  -999.9     7.4    12.8    18.3   330.0
SUMMERSIDE  2014   7  25  206     13.5    23.7    20.0  -999.9     0.0     7.5    16.4   330.0
SUMMERSIDE  2014   7  26  207     16.5    26.1    19.4  -999.9     0.0    23.4    17.9   330.0
SUMMERSIDE  2014   7  27  208     17.4    27.1    19.4  -999.9     0.0    21.0    18.7   330.0
SUMMERSIDE  2014   7  28  209     19.5    27.7    17.7  -999.9     1.5    25.2    23.0   330.0
SUMMERSIDE  2014   7  29  210     17.1    28.1    20.5  -999.9     0.0    26.2    20.6   330.0
SUMMERSIDE  2014   7  30  211     16.4    25.1    18.1  -999.9     0.2    11.0    19.6   330.0
SUMMERSIDE  2014   7  31  212     15.7    23.9    17.5  -999.9     0.9    20.0    18.4   330.0
SUMMERSIDE  2014   8   1  213     14.9    26.8    21.0  -999.9     0.0    14.0    17.5   330.0
SUMMERSIDE  2014   8   2  214     17.4    25.3    17.0  -999.9     0.0    15.5    20.5   330.0
SUMMERSIDE  2014   8   3  215     18.5    26.6    17.2  -999.9     0.0    15.0    18.3   330.0
SUMMERSIDE  2014   8   4  216     18.1    27.0    17.9  -999.9     0.2     8.1    22.4   330.0
SUMMERSIDE  2014   8   5  217     17.2    25.8    17.5  -999.9     0.0    11.5    20.6   330.0
SUMMERSIDE  2014   8   6  218     16.5    24.2    16.5  -999.9    11.2     9.2    20.2   330.0
SUMMERSIDE  2014   8   7  219     14.2    22.7    17.2  -999.9    10.0    12.3    18.1   330.0
SUMMERSIDE  2014   8   8  220     14.6    20.2    13.9  -999.9     1.3    17.4    17.5   330.0
SUMMERSIDE  2014   8   9  221     13.8    19.4    13.8  -999.9     0.4    21.0    16.3   330.0
SUMMERSIDE  2014   8  10  222     15.0    18.6    11.0  -999.9     0.8    21.9    16.3   330.0
SUMMERSIDE  2014   8  11  223     10.3    21.0    18.9  -999.9     0.0    15.5    14.3   330.0
SUMMERSIDE  2014   8  12  224      9.9    22.4    20.3  -999.9     0.0     7.8    14.7   330.0
SUMMERSIDE  2014   8  13  225     11.7    25.6    21.3  -999.9     0.0     9.1    16.4   330.0
SUMMERSIDE  2014   8  14  226     16.3    26.8    18.4  -999.9     0.0    21.2    19.1   330.0
SUMMERSIDE  2014   8  15  227     16.1    21.5    13.1  -999.9    11.7    20.3    18.8   330.0
SUMMERSIDE  2014   8  16  228     14.8    21.7    14.7  -999.9     0.0    16.8    16.8   330.0
SUMMERSIDE  2014   8  17  229     15.5    21.8    14.0  -999.9    10.8    10.6    18.0   330.0
SUMMERSIDE  2014   8  18  230     15.9    18.6     9.1  -999.9     7.2    15.1    18.4   330.0
SUMMERSIDE  2014   8  19  231     15.6    22.5    14.4  -999.9     3.7    16.2    18.6   330.0
SUMMERSIDE  2014   8  20  232     13.4    21.5    15.5  -999.9     0.0    11.2    16.3   330.0
SUMMERSIDE  2014   8  21  233     13.4    20.9    14.8  -999.9     0.0    12.6    16.5   330.0
SUMMERSIDE  2014   8  22  234     15.5    20.4    11.9  -999.9     0.0    14.8    17.1   330.0
SUMMERSIDE  2014   8  23  235     12.5    20.7    15.3  -999.9     0.0    12.8    14.8   330.0
SUMMERSIDE  2014   8  24  236     10.3    23.3    19.1  -999.9     0.2     8.0    14.6   330.0
SUMMERSIDE  2014   8  25  237     15.8    26.2    17.0  -999.9     0.0    17.6    19.8   330.0
SUMMERSIDE  2014   8  26  238     16.7    27.2    16.9  -999.9     0.0    22.0    20.9   330.0
SUMMERSIDE  2014   8  27  239     16.7    25.0    14.9  -999.9     0.0    21.1    19.4   330.0
SUMMERSIDE  2014   8  28  240     14.2    22.5    14.8  -999.9     2.2    14.5    19.1   330.0
SUMMERSIDE  2014   8  29  241      7.1    16.8    15.9  -999.9     1.4    26.4    10.3   330.0
SUMMERSIDE  2014   8  30  242      8.7    22.6    18.9  -999.9     0.0    24.1    11.8   330.0
SUMMERSIDE  2014   8  31  243     15.2    22.3    13.4  -999.9    16.0    25.9    18.0   330.0
SUMMERSIDE  2014   9   1  244     16.9    19.9     8.6  -999.9     1.6    13.3    19.9   330.0
SUMMERSIDE  2014   9   2  245     16.6    24.0    13.4  -999.9     1.9    12.2    21.7   330.0
SUMMERSIDE  2014   9   3  246     16.8    25.7    14.6  -999.9     6.4    18.3    21.3   330.0
SUMMERSIDE  2014   9   4  247     15.0    25.5    15.7  -999.9     0.0    17.1    17.3   330.0
SUMMERSIDE  2014   9   5  248     18.0    27.0    14.4  -999.9     0.0    12.8    19.7   330.0
SUMMERSIDE  2014   9   6  249     14.0    24.8    15.6  -999.9     5.8    31.0    19.3   330.0
SUMMERSIDE  2014   9   7  250     10.0    19.8    14.8  -999.9     0.3    13.4    12.8   330.0
SUMMERSIDE  2014   9   8  251      7.8    17.6    14.6  -999.9     0.0    11.1     8.7   330.0
SUMMERSIDE  2014   9   9  252      8.1    20.1    16.0  -999.9     0.0    11.9     9.9   330.0
SUMMERSIDE  2014   9  10  253      8.2    20.7    16.2  -999.9     0.0     8.1    12.5   330.0
SUMMERSIDE  2014   9  11  254     10.9    21.2    14.6  -999.9     1.5    18.1    15.5   330.0
SUMMERSIDE  2014   9  12  255      8.9    18.0    13.6  -999.9     0.2    20.1    10.9   330.0
SUMMERSIDE  2014   9  13  256      5.8    17.5    15.2  -999.9     0.0    10.0     9.4   330.0
SUMMERSIDE  2014   9  14  257      9.2    19.1    13.9  -999.9     5.2    16.3    13.1   330.0
SUMMERSIDE  2014   9  15  258      7.4    13.5    10.8  -999.9     0.0    12.2     9.4   330.0
SUMMERSIDE  2014   9  16  259      6.3    18.2    14.9  -999.9     0.0    17.0    10.7   330.0
SUMMERSIDE  2014   9  17  260     10.1    20.6    13.8  -999.9     0.0    15.4    12.8   330.0
SUMMERSIDE  2014   9  18  261      4.7    19.6    16.3  -999.9     1.3    16.2    11.5   330.0
SUMMERSIDE  2014   9  19  262      2.1    12.4    13.4  -999.9     0.0    17.3     6.3   330.0
SUMMERSIDE  2014   9  20  263      7.5    15.1    11.4  -999.9     0.0    31.0     8.2   330.0
SUMMERSIDE  2014   9  21  264     13.8    24.0    13.0  -999.9     6.8    29.2    15.9   330.0
SUMMERSIDE  2014   9  22  265     11.4    23.8    14.2  -999.9    24.0    28.2    17.4   330.0
SUMMERSIDE  2014   9  23  266      7.5    14.5    10.6  -999.9     0.6    20.3     8.6   330.0
SUMMERSIDE  2014   9  24  267      3.6    14.5    13.0  -999.9     0.0    14.5     7.2   330.0
SUMMERSIDE  2014   9  25  268     10.3    20.4    12.4  -999.9     0.0    25.0    12.7   330.0
SUMMERSIDE  2014   9  26  269     10.8    22.2    13.0  -999.9     0.0    10.5    14.8   330.0
SUMMERSIDE  2014   9  27  270     10.0    22.4    13.4  -999.9     0.0    16.3    13.7   330.0
SUMMERSIDE  2014   9  28  271     13.6    26.0    13.3  -999.9     0.0    23.5    17.3   330.0
SUMMERSIDE  2014   9  29  272      8.7    16.1    10.1  -999.9     0.0    28.2    10.6   330.0
SUMMERSIDE  2014   9  30  273      9.2    14.8     8.7  -999.9     0.2    10.6    11.7   330.0
SUMMERSIDE  2014  10   1  274      9.4    12.9     6.8  -999.9     0.0    17.0    10.9   330.0
SUMMERSIDE  2014  10   2  275      6.4    15.0    10.5  -999.9     0.0    19.0     9.9   330.0
SUMMERSIDE  2014  10   3  276      2.8    15.8    12.8  -999.9     0.0    11.1     9.4   330.0
SUMMERSIDE  2014  10   4  277     11.7    20.0    10.1  -999.9     0.0    14.2    14.7   330.0
SUMMERSIDE  2014  10   5  278     12.6    19.3     8.9  -999.9     9.4    22.5    15.7   330.0
SUMMERSIDE  2014  10   6  279      7.2    16.8    10.6  -999.9     0.0    12.9    11.2   330.0
SUMMERSIDE  2014  10   7  280      6.6    18.4    11.6  -999.9     0.0    14.2    11.5   330.0
SUMMERSIDE  2014  10   8  281     12.9    18.7     8.0  -999.9    10.6    24.1    15.7   330.0
SUMMERSIDE  2014  10   9  282      8.6    15.9     8.9  -999.9     0.5    17.6    10.5   330.0
SUMMERSIDE  2014  10  10  283      7.9    15.8     9.1  -999.9     0.0    23.9     9.1   330.0
SUMMERSIDE  2014  10  11  284      5.8    12.8     8.4  -999.9     0.0    10.4     9.1   330.0
SUMMERSIDE  2014  10  12  285      2.7    12.6     9.9  -999.9     0.0    13.0     8.3   330.0
SUMMERSIDE  2014  10  13  286      4.2    17.0    11.1  -999.9     0.0    17.4     9.2   330.0
SUMMERSIDE  2014  10  14  287      9.0    18.8     9.6  -999.9     0.0    20.1    13.1   330.0
SUMMERSIDE  2014  10  15  288     12.6    20.6     8.6  -999.9     0.0    21.9    16.2   330.0
SUMMERSIDE  2014  10  16  289     11.7    17.6     7.2  -999.9     0.2    12.5    14.6   330.0
SUMMERSIDE  2014  10  17  290     14.4    20.5     7.3  -999.9    10.3    29.8    19.5   330.0
SUMMERSIDE  2014  10  18  291     11.7    18.6     7.6  -999.9     0.0    17.0    14.9   330.0
SUMMERSIDE  2014  10  19  292      5.6    16.6     9.5  -999.9     3.0    14.9    10.5   330.0
SUMMERSIDE  2014  10  20  293      3.9     8.9     6.3  -999.9     3.8    24.7     6.7   330.0
SUMMERSIDE  2014  10  21  294      2.9    11.1     8.0  -999.9     0.0    12.7     6.4   330.0
SUMMERSIDE  2014  10  22  295      6.8    11.7     6.1  -999.9     3.5    23.4     9.1   330.0
SUMMERSIDE  2014  10  23  296     10.2    12.8     4.4  -999.9     3.2    28.2    11.6   330.0
SUMMERSIDE  2014  10  24  297     10.3    11.9     3.4  -999.9    16.6    29.4    12.5   330.0
SUMMERSIDE  2014  10  25  298      7.1    10.4     4.8  -999.9     1.8    20.8    10.7   330.0
SUMMERSIDE  2014  10  26  299      6.0    11.2     5.9  -999.9    18.1    13.4    10.6   330.0
SUMMERSIDE  2014  10  27  300      5.5     8.3     4.3  -999.9     3.8    24.8     9.0   330.0
SUMMERSIDE  2014  10  28  301      4.9     7.8     4.3  -999.9     0.6    13.9     8.2   330.0
SUMMERSIDE  2014  10  29  302      6.7    15.2     7.2  -999.9     1.4    20.7    11.3   330.0
SUMMERSIDE  2014  10  30  303      2.7    13.9     8.2  -999.9     0.0    15.1     8.3   330.0
SUMMERSIDE  2014  10  31  304      1.5     9.7     6.9  -999.9     0.0     7.2     6.3   330.0
SUMMERSIDE  2014  11   1  305      5.0     7.3     3.6  -999.9    11.0    26.0     7.2   330.0
SUMMERSIDE  2014  11   2  306      5.6    10.0     4.9  -999.9    28.0    40.5     9.5   330.0
SUMMERSIDE  2014  11   3  307      1.5     9.8     6.7  -999.9     3.1    25.0     8.0   330.0
SUMMERSIDE  2014  11   4  308     -0.1     6.5     5.9  -999.9     1.0    17.1     6.3   330.0
SUMMERSIDE  2014  11   5  309      3.6    12.4     6.7  -999.9     0.0    21.3     8.1   330.0
SUMMERSIDE  2014  11   6  310      5.4     9.1     4.3  -999.9     0.0    13.1     7.0   330.0
SUMMERSIDE  2014  11   7  311      1.3    13.0     7.5  -999.9    14.3    18.3     8.7   330.0
SUMMERSIDE  2014  11   8  312     -0.5     1.4     3.0  -999.9     0.4    34.1     4.6   330.0
SUMMERSIDE  2014  11   9  313     -0.4     9.3     6.6  -999.9     0.0    14.0     6.4   330.0
SUMMERSIDE  2014  11  10  314      0.2     8.1     5.9  -999.9     0.0     9.6     6.1   330.0
SUMMERSIDE  2014  11  11  315     -1.3     8.9     6.6  -999.9     0.0     9.8     6.6   330.0
SUMMERSIDE  2014  11  12  316      4.0    11.8     5.7  -999.9     3.7    12.5     9.2   330.0
SUMMERSIDE  2014  11  13  317      1.9     9.8     5.7  -999.9     0.3    14.6     6.6   330.0
SUMMERSIDE  2014  11  14  318     -2.8     3.4     5.0  -999.9     7.6     8.2     5.1   330.0
SUMMERSIDE  2014  11  15  319     -6.4    -1.6     4.3  -999.9     2.9    16.7     3.2   330.0
SUMMERSIDE  2014  11  16  320     -7.5     2.2     6.1  -999.9     0.0    14.4     3.6   330.0
SUMMERSIDE  2014  11  17  321      0.2    10.1     6.1  -999.9    25.6    11.4     7.9   330.0
SUMMERSIDE  2014  11  18  322     -2.6    12.3     7.3  -999.9     5.6    26.9     6.5   330.0
SUMMERSIDE  2014  11  19  323     -3.9     1.1     4.2  -999.9     0.0    35.1     2.8   330.0
SUMMERSIDE  2014  11  20  324     -5.8     3.9     5.8  -999.9     5.7    14.0     4.4   330.0
SUMMERSIDE  2014  11  21  325     -5.4     0.4     4.4  -999.9     0.2    23.0     3.8   330.0
SUMMERSIDE  2014  11  22  326     -6.7     2.1     5.4  -999.9     0.2    26.8     3.6   330.0
SUMMERSIDE  2014  11  23  327      0.4     6.2     4.3  -999.9     0.0    18.7     5.7   330.0
SUMMERSIDE  2014  11  24  328      1.9    15.6     6.6  -999.9     2.8    25.4     9.4   330.0
SUMMERSIDE  2014  11  25  329      5.3    14.6     5.4  -999.9     0.0    29.5     9.9   330.0
SUMMERSIDE  2014  11  26  330      0.3     7.0     4.5  -999.9    12.1    14.9     5.4   330.0
SUMMERSIDE  2014  11  27  331     -3.3     0.8     3.5  -999.9    19.9    38.0     5.0   330.0
SUMMERSIDE  2014  11  28  332     -4.2    -2.8     2.0  -999.9     0.5    13.5     3.8   330.0
SUMMERSIDE  2014  11  29  333    -12.7    -4.0     5.0  -999.9     0.4    12.6     2.7   330.0
SUMMERSIDE  2014  11  30  334    -12.4     7.2     7.4  -999.9     0.0    27.0     4.0   330.0
SUMMERSIDE  2014  12   1  335     -2.2    11.2     6.1  -999.9     0.0    24.4     6.7   330.0
SUMMERSIDE  2014  12   2  336     -9.2    -2.2     4.4  -999.9     0.0    20.2     2.5   330.0
SUMMERSIDE  2014  12   3  337     -5.8     9.9     6.5  -999.9    22.2    26.8     5.8   330.0
SUMMERSIDE  2014  12   4  338     -9.0     6.5     6.4  -999.9     0.0    32.2     3.6   330.0
SUMMERSIDE  2014  12   5  339    -11.6    -5.0     4.1  -999.9     0.0    11.8     2.3   330.0
SUMMERSIDE  2014  12   6  340     -5.1     5.7     5.3  -999.9    22.3    14.6     5.2   330.0
SUMMERSIDE  2014  12   7  341    -10.5     1.4     5.5  -999.9     0.2    29.7     3.2   330.0
SUMMERSIDE  2014  12   8  342    -11.0    -7.2     3.1  -999.9     0.0    13.2     2.3   330.0
SUMMERSIDE  2014  12   9  343     -8.5     2.6     5.3  -999.9     3.5    13.5     4.0   330.0
SUMMERSIDE  2014  12  10  344      1.9     3.9     2.2  -999.9   103.8    34.4     6.8   330.0
SUMMERSIDE  2014  12  11  345      3.2     9.2     3.8  -999.9    20.8    19.8     8.3   330.0
SUMMERSIDE  2014  12  12  346      0.7     5.9     3.5  -999.9     3.2     7.5     6.9   330.0
SUMMERSIDE  2014  12  13  347     -0.9     5.7     4.0  -999.9     0.2     8.0     6.4   330.0
SUMMERSIDE  2014  12  14  348     -0.7     1.6     2.3  -999.9     0.3    13.7     5.6   330.0
SUMMERSIDE  2014  12  15  349     -0.5     2.8     2.8  -999.9     0.1    23.4     5.1   330.0
SUMMERSIDE  2014  12  16  350     -1.0    -0.1     1.5  -999.9     0.0    10.1     4.2   330.0
SUMMERSIDE  2014  12  17  351     -1.2     2.4     2.9  -999.9     5.4     8.9     5.0   330.0
SUMMERSIDE  2014  12  18  352     -0.3     6.1     3.9  -999.9    14.3    19.7     6.4   330.0
SUMMERSIDE  2014  12  19  353     -1.2     1.0     2.3  -999.9     5.3    22.4     5.0   330.0
SUMMERSIDE  2014  12  20  354     -1.1     0.9     2.2  -999.9     0.2    21.7     4.4   330.0
SUMMERSIDE  2014  12  21  355     -2.8    -0.8     2.2  -999.9     0.2     7.0     3.9   330.0
SUMMERSIDE  2014  12  22  356     -2.8    -1.9     1.5  -999.9     0.3     5.2     3.7   330.0
SUMMERSIDE  2014  12  23  357     -2.3    -0.1     2.3  -999.9     0.0     8.3     4.3   330.0
SUMMERSIDE  2014  12  24  358     -0.8    10.5     5.2  -999.9     4.3    15.5     7.1   330.0
SUMMERSIDE  2014  12  25  359      5.2    14.6     4.7  -999.9    11.5    35.0     9.9   330.0
SUMMERSIDE  2014  12  26  360      1.8     6.2     3.2  -999.9     0.0    31.5     4.8   330.0
SUMMERSIDE  2014  12  27  361     -1.2     3.7     3.4  -999.9     0.0    21.2     4.1   330.0
SUMMERSIDE  2014  12  28  362     -1.1     5.6     4.0  -999.9    10.2    16.4     6.0   330.0
SUMMERSIDE  2014  12  29  363    -11.5     0.5     5.4  -999.9     0.2    25.5     2.5   330.0
SUMMERSIDE  2014  12  30  364    -15.6   -11.4     3.2  -999.9     0.0    26.7     1.3   330.0
SUMMERSIDE  2014  12  31  365    -15.8   -12.3     2.9  -999.9     0.2    21.5     1.3   330.0
