SUMMERSIDE  2012   1   1    1     -1.4     2.5     3.1  -999.9     0.0    20.8     5.9   330.0
SUMMERSIDE  2012   1   2    2     -1.3     7.8     4.8  -999.9     2.2    27.5     6.9   330.0
SUMMERSIDE  2012   1   3    3    -12.8     0.0     5.7  -999.9     0.0    19.0     2.6   330.0
SUMMERSIDE  2012   1   4    4    -12.8    -6.5     4.0  -999.9     0.2    20.4     2.3   330.0
SUMMERSIDE  2012   1   5    5     -9.7    -1.4     4.7  -999.9     0.0    17.3     3.0   330.0
SUMMERSIDE  2012   1   6    6    -12.5    -6.4     4.0  -999.9     0.0    14.3     2.0   330.0
SUMMERSIDE  2012   1   7    7     -7.2     0.0     4.4  -999.9     2.1     6.3     4.2   330.0
SUMMERSIDE  2012   1   8    8     -5.2     0.0     3.8  -999.9     0.4    12.7     4.4   330.0
SUMMERSIDE  2012   1   9    9     -7.3    -5.2     2.4  -999.9     0.4    13.7     3.1   330.0
SUMMERSIDE  2012   1  10   10     -5.8     1.1     4.4  -999.9     0.6    20.7     4.4   330.0
SUMMERSIDE  2012   1  11   11    -15.5    -5.2     5.5  -999.9     0.0    20.8     2.2   330.0
SUMMERSIDE  2012   1  12   12    -17.0    -2.9     6.4  -999.9     8.5    10.7     2.3   330.0
SUMMERSIDE  2012   1  13   13     -3.0     8.0     5.7  -999.9     3.5    26.2     6.7   330.0
SUMMERSIDE  2012   1  14   14    -11.6     1.2     6.3  -999.9     0.0    34.8     3.1   330.0
SUMMERSIDE  2012   1  15   15    -14.0   -10.7     3.2  -999.9     0.0    22.2     1.7   330.0
SUMMERSIDE  2012   1  16   16    -14.3    -5.1     5.4  -999.9     0.4    18.9     2.0   330.0
SUMMERSIDE  2012   1  17   17     -5.1    -0.6     3.8  -999.9     1.7    16.4     3.7   330.0
SUMMERSIDE  2012   1  18   18    -10.3     5.2     7.2  -999.9     2.4    28.3     4.2   330.0
SUMMERSIDE  2012   1  19   19    -13.4    -8.8     4.0  -999.9     0.0    17.1     1.8   330.0
SUMMERSIDE  2012   1  20   20     -9.0    -1.6     5.1  -999.9     1.1    16.0     3.3   330.0
SUMMERSIDE  2012   1  21   21    -14.1    -5.3     5.6  -999.9     0.2    21.9     2.2   330.0
SUMMERSIDE  2012   1  22   22    -15.9    -9.8     4.7  -999.9     0.0    13.5     1.6   330.0
SUMMERSIDE  2012   1  23   23    -13.5     0.6     7.3  -999.9     0.0    19.1     3.0   330.0
SUMMERSIDE  2012   1  24   24      0.6     7.2     5.0  -999.9     9.4    24.1     7.5   330.0
SUMMERSIDE  2012   1  25   25     -6.0     3.9     6.3  -999.9     0.0    17.0     4.5   330.0
SUMMERSIDE  2012   1  26   26    -10.7    -5.5     4.6  -999.9     0.0    17.0     2.4   330.0
SUMMERSIDE  2012   1  27   27    -11.2     0.7     7.0  -999.9    25.5    14.3     3.3   330.0
SUMMERSIDE  2012   1  28   28     -8.8     0.8     6.4  -999.9     2.7    23.1     3.9   330.0
SUMMERSIDE  2012   1  29   29     -6.3     1.3     5.8  -999.9     0.7    26.4     4.0   330.0
SUMMERSIDE  2012   1  30   30    -11.8     0.1     7.3  -999.9     0.2    18.8     2.6   330.0
SUMMERSIDE  2012   1  31   31    -13.9    -8.2     5.1  -999.9     0.0    14.5     1.7   330.0
SUMMERSIDE  2012   2   1   32    -13.1    -3.4     6.8  -999.9     7.1    17.3     2.8   330.0
SUMMERSIDE  2012   2   2   33    -16.0    -3.5     7.8  -999.9     0.4    21.6     2.5   330.0
SUMMERSIDE  2012   2   3   34    -20.1    -8.4     7.7  -999.9     0.0    11.3     1.7   330.0
SUMMERSIDE  2012   2   4   35    -19.5    -8.7     7.5  -999.9     0.0    11.8     1.7   330.0
SUMMERSIDE  2012   2   5   36    -21.3   -10.7     7.5  -999.9     0.0    14.0     1.4   330.0
SUMMERSIDE  2012   2   6   37    -12.5     0.5     8.4  -999.9     0.0    23.7     3.0   330.0
SUMMERSIDE  2012   2   7   38    -13.5     0.2     8.8  -999.9     0.0    18.5     2.5   330.0
SUMMERSIDE  2012   2   8   39    -15.7    -5.2     7.8  -999.9     0.0    18.6     1.9   330.0
SUMMERSIDE  2012   2   9   40    -14.4     0.5     9.4  -999.9     0.0    11.5     3.1   330.0
SUMMERSIDE  2012   2  10   41    -15.9     0.0     9.9  -999.9     0.0    14.6     2.7   330.0
SUMMERSIDE  2012   2  11   42     -6.8     2.2     7.5  -999.9     7.4    23.9     4.7   330.0
SUMMERSIDE  2012   2  12   43    -18.0    -6.8     8.5  -999.9     2.5    32.6     1.8   330.0
SUMMERSIDE  2012   2  13   44    -20.2   -12.7     7.1  -999.9     0.0    30.2     1.0   330.0
SUMMERSIDE  2012   2  14   45    -17.6    -1.9    10.4  -999.9     0.0    18.4     1.7   330.0
SUMMERSIDE  2012   2  15   46     -8.4     0.9     8.1  -999.9     0.0    10.6     4.2   330.0
SUMMERSIDE  2012   2  16   47     -4.8    -1.8     4.7  -999.9     0.0    10.2     4.6   330.0
SUMMERSIDE  2012   2  17   48     -5.4    -0.3     6.2  -999.9     2.2     8.5     4.6   330.0
SUMMERSIDE  2012   2  18   49     -2.8    -0.3     4.4  -999.9     1.2    15.4     5.0   330.0
SUMMERSIDE  2012   2  19   50     -9.4    -1.5     7.9  -999.9     0.0    24.3     3.0   330.0
SUMMERSIDE  2012   2  20   51    -13.1    -6.9     7.1  -999.9     0.0    13.0     2.1   330.0
SUMMERSIDE  2012   2  21   52    -13.6    -3.8     9.0  -999.9     0.2    14.0     2.3   330.0
SUMMERSIDE  2012   2  22   53     -7.6     2.2     9.2  -999.9     1.8    20.5     4.5   330.0
SUMMERSIDE  2012   2  23   54     -2.2     4.4     7.6  -999.9    10.3    22.5     5.9   330.0
SUMMERSIDE  2012   2  24   55     -4.1     2.2     7.6  -999.9     3.6    21.0     5.1   330.0
SUMMERSIDE  2012   2  25   56     -1.7     3.2     6.8  -999.9     8.4    39.8     5.2   330.0
SUMMERSIDE  2012   2  26   57     -9.0    -0.6     9.0  -999.9     0.0    34.3     2.9   330.0
SUMMERSIDE  2012   2  27   58    -12.4    -7.2     7.2  -999.9     0.9    15.7     2.0   330.0
SUMMERSIDE  2012   2  28   59    -14.9    -5.6     9.7  -999.9     2.6    25.9     2.4   330.0
SUMMERSIDE  2012   2  29   60    -16.5    -5.2    10.8  -999.9     0.0    10.6     2.0   330.0
SUMMERSIDE  2012   3   1   61    -20.5    -9.2    11.0  -999.9     0.0    21.6     1.5   330.0
SUMMERSIDE  2012   3   2   62    -16.2    -5.2    11.0  -999.9     0.0    14.5     2.2   330.0
SUMMERSIDE  2012   3   3   63    -16.9     3.9    15.3  -999.9     5.8    21.7     3.3   330.0
SUMMERSIDE  2012   3   4   64     -1.2     2.8     6.8  -999.9     0.0    18.2     5.3   330.0
SUMMERSIDE  2012   3   5   65     -6.0    -0.5     8.1  -999.9     0.0    18.5     4.2   330.0
SUMMERSIDE  2012   3   6   66    -12.1    -4.9     9.4  -999.9     0.2    19.4     2.6   330.0
SUMMERSIDE  2012   3   7   67    -14.0     2.6    14.4  -999.9     0.0    18.2     3.1   330.0
SUMMERSIDE  2012   3   8   68      1.8     7.3     8.4  -999.9     0.1    42.0     7.1   330.0
SUMMERSIDE  2012   3   9   69     -4.1     8.6    12.9  -999.9     9.6    33.1     5.2   330.0
SUMMERSIDE  2012   3  10   70     -8.4    -2.2     9.1  -999.9     0.0    12.4     3.0   330.0
SUMMERSIDE  2012   3  11   71     -9.0     1.4    12.0  -999.9     0.0    14.2     3.7   330.0
SUMMERSIDE  2012   3  12   72     -3.3     7.8    12.5  -999.9     0.0    11.6     5.7   330.0
SUMMERSIDE  2012   3  13   73     -4.1    -0.1     7.6  -999.9     1.9    21.0     3.9   330.0
SUMMERSIDE  2012   3  14   74     -3.0    -1.2     5.2  -999.9     2.3    27.0     4.7   330.0
SUMMERSIDE  2012   3  15   75     -2.9    -1.4     4.8  -999.9     1.2    30.0     4.7   330.0
SUMMERSIDE  2012   3  16   76     -3.1     2.1     9.0  -999.9     1.0    11.9     4.5   330.0
SUMMERSIDE  2012   3  17   77     -0.4     7.9    11.5  -999.9     0.0    13.2     6.2   330.0
SUMMERSIDE  2012   3  18   78      0.0     8.1    11.5  -999.9     0.0    24.5     6.6   330.0
SUMMERSIDE  2012   3  19   79     -2.9     7.0    12.9  -999.9     0.0    16.6     5.4   330.0
SUMMERSIDE  2012   3  20   80     -0.5    14.3    15.9  -999.9     0.0    22.0     7.2   330.0
SUMMERSIDE  2012   3  21   81     -0.7    21.3    19.6  -999.9     0.0    12.2     9.6   330.0
SUMMERSIDE  2012   3  22   82      6.6    25.2    18.2  -999.9     0.0    21.3    10.6   330.0
SUMMERSIDE  2012   3  23   83     -3.5     8.5    14.8  -999.9     0.0    30.3     3.6   330.0
SUMMERSIDE  2012   3  24   84     -3.5     5.1    12.7  -999.9     0.0    21.8     3.1   330.0
SUMMERSIDE  2012   3  25   85     -5.0     3.2    12.5  -999.9     0.7    14.4     3.3   330.0
SUMMERSIDE  2012   3  26   86     -3.8     3.6    12.0  -999.9     2.9    23.8     5.3   330.0
SUMMERSIDE  2012   3  27   87     -6.5    -3.3     8.0  -999.9     1.5    42.2     3.2   330.0
SUMMERSIDE  2012   3  28   88     -8.1    -1.8    11.3  -999.9     0.0    15.8     3.1   330.0
SUMMERSIDE  2012   3  29   89     -5.5     1.8    12.3  -999.9     0.0    11.2     4.2   330.0
SUMMERSIDE  2012   3  30   90     -5.7     4.2    14.5  -999.9     0.0    11.5     3.8   330.0
SUMMERSIDE  2012   3  31   91     -5.6     2.3    13.0  -999.9     0.0    13.6     4.0   330.0
SUMMERSIDE  2012   4   1   92     -6.3     6.2    16.6  -999.9     0.0    11.3     4.4   330.0
SUMMERSIDE  2012   4   2   93     -4.2     4.9    14.3  -999.9     0.0    11.2     4.6   330.0
SUMMERSIDE  2012   4   3   94     -6.1     2.2    13.7  -999.9     0.0    21.3     4.1   330.0
SUMMERSIDE  2012   4   4   95     -2.1     5.8    13.5  -999.9     0.0    13.9     5.3   330.0
SUMMERSIDE  2012   4   5   96      0.4     7.9    13.3  -999.9     0.0    18.5     5.2   330.0
SUMMERSIDE  2012   4   6   97     -2.4     8.9    16.5  -999.9     0.0    16.5     4.6   330.0
SUMMERSIDE  2012   4   7   98     -3.4     4.4    13.8  -999.9     1.8    23.0     5.3   330.0
SUMMERSIDE  2012   4   8   99     -1.9     1.7     9.5  -999.9    10.6    38.5     5.7   330.0
SUMMERSIDE  2012   4   9  100      1.1     8.3    13.5  -999.9     0.9    29.5     7.2   330.0
SUMMERSIDE  2012   4  10  101      1.7    14.1    17.9  -999.9     0.0    20.1     7.5   330.0
SUMMERSIDE  2012   4  11  102     -0.7    14.3    19.8  -999.9     0.0    14.8     7.7   330.0
SUMMERSIDE  2012   4  12  103      0.4     2.1     6.7  -999.9     0.0    28.0     6.1   330.0
SUMMERSIDE  2012   4  13  104     -2.0     7.0    15.6  -999.9     0.0    14.4     5.3   330.0
SUMMERSIDE  2012   4  14  105     -2.4    12.2    20.0  -999.9     0.0    14.6     4.9   330.0
SUMMERSIDE  2012   4  15  106     -2.4    18.7    24.3  -999.9     0.0    14.3     5.7   330.0
SUMMERSIDE  2012   4  16  107      5.7    18.8    19.3  -999.9     0.0    28.0    10.4   330.0
SUMMERSIDE  2012   4  17  108      8.7    23.1    20.3  -999.9     0.0    29.6    13.4   330.0
SUMMERSIDE  2012   4  18  109     -1.4     8.8    17.2  -999.9     0.0    19.2     5.7   330.0
SUMMERSIDE  2012   4  19  110     -3.4     8.3    18.6  -999.9     0.0    13.1     5.1   330.0
SUMMERSIDE  2012   4  20  111      2.7    17.4    21.0  -999.9     0.0    20.3     9.4   330.0
SUMMERSIDE  2012   4  21  112      4.8    17.6    19.7  -999.9     0.0    22.8     9.1   330.0
SUMMERSIDE  2012   4  22  113      0.6     7.1    14.2  -999.9    12.5    26.9     7.4   330.0
SUMMERSIDE  2012   4  23  114      0.5    15.9    21.9  -999.9     0.5    28.8     9.8   330.0
SUMMERSIDE  2012   4  24  115      6.8    18.3    19.1  -999.9     5.4    33.8    12.1   330.0
SUMMERSIDE  2012   4  25  116      3.7    13.7    17.9  -999.9     5.2    12.3     9.0   330.0
SUMMERSIDE  2012   4  26  117      6.5    15.5    17.1  -999.9     2.5    19.6     9.4   330.0
SUMMERSIDE  2012   4  27  118      3.1    14.2    19.1  -999.9    17.1    26.4     9.4   330.0
SUMMERSIDE  2012   4  28  119      0.1     3.6    10.8  -999.9     0.0    32.1     4.3   330.0
SUMMERSIDE  2012   4  29  120     -1.4     9.0    18.7  -999.9     0.0    20.5     3.8   330.0
SUMMERSIDE  2012   4  30  121     -2.9     6.3    17.7  -999.9     0.2    12.2     4.5   330.0
SUMMERSIDE  2012   5   1  122     -4.3    12.0    23.7  -999.9     0.0    10.0     5.4   330.0
SUMMERSIDE  2012   5   2  123     -2.2    12.6    22.7  -999.9     0.0    12.8     6.7   330.0
SUMMERSIDE  2012   5   3  124     -2.3    12.5    22.8  -999.9     0.0    12.5     6.3   330.0
SUMMERSIDE  2012   5   4  125      0.0    12.1    20.7  -999.9     0.0    15.3     7.4   330.0
SUMMERSIDE  2012   5   5  126     -0.7    12.7    21.9  -999.9     0.0    10.6     7.3   330.0
SUMMERSIDE  2012   5   6  127      3.6    10.5    15.8  -999.9     0.0    24.0     7.8   330.0
SUMMERSIDE  2012   5   7  128      0.2    11.4    20.3  -999.9     0.0    16.5     6.7   330.0
SUMMERSIDE  2012   5   8  129      0.0    19.0    26.5  -999.9     3.1    16.5     8.2   330.0
SUMMERSIDE  2012   5   9  130      7.0    12.1    13.8  -999.9     9.2    22.0    10.8   330.0
SUMMERSIDE  2012   5  10  131     10.9    16.5    14.5  -999.9    11.3    31.0    13.6   330.0
SUMMERSIDE  2012   5  11  132      7.0    17.5    20.0  -999.9     0.3    26.5    10.7   330.0
SUMMERSIDE  2012   5  12  133      5.5    10.4    13.7  -999.9     0.4    15.1     8.4   330.0
SUMMERSIDE  2012   5  13  134      3.9    16.6    22.2  -999.9     0.4     8.0     9.9   330.0
SUMMERSIDE  2012   5  14  135      7.6    17.7    19.8  -999.9     0.9    11.8    11.2   330.0
SUMMERSIDE  2012   5  15  136     11.4    18.9    17.2  -999.9     2.7    19.8    14.2   330.0
SUMMERSIDE  2012   5  16  137     13.3    18.3    14.1  -999.9    10.9    25.1    15.0   330.0
SUMMERSIDE  2012   5  17  138      5.3    18.3    22.8  -999.9     0.0    22.2    10.7   330.0
SUMMERSIDE  2012   5  18  139      5.4    19.0    23.4  -999.9     0.0    21.6     7.9   330.0
SUMMERSIDE  2012   5  19  140      4.8    21.1    25.7  -999.9     0.0    15.4     8.8   330.0
SUMMERSIDE  2012   5  20  141      3.9    19.0    24.8  -999.9     0.0    11.2     7.6   330.0
SUMMERSIDE  2012   5  21  142     11.9    24.9    23.1  -999.9     0.0    28.2    11.3   330.0
SUMMERSIDE  2012   5  22  143     10.9    21.5    20.9  -999.9     0.0    21.1    14.4   330.0
SUMMERSIDE  2012   5  23  144      3.9    17.0    23.3  -999.9     0.0    17.0    11.2   330.0
SUMMERSIDE  2012   5  24  145      3.0    21.8    28.0  -999.9     0.0    12.7     9.2   330.0
SUMMERSIDE  2012   5  25  146     11.0    22.5    22.0  -999.9     0.0    28.2    12.4   330.0
SUMMERSIDE  2012   5  26  147      8.3    23.1    25.0  -999.9     0.0    26.7    13.3   330.0
SUMMERSIDE  2012   5  27  148      5.9    17.3    22.0  -999.9     0.0    13.5     8.3   330.0
SUMMERSIDE  2012   5  28  149      5.9    16.0    20.8  -999.9     0.0    17.0     8.8   330.0
SUMMERSIDE  2012   5  29  150      4.3    10.0    15.6  -999.9     0.9    15.8     6.6   330.0
SUMMERSIDE  2012   5  30  151      5.8    10.5    14.2  -999.9     8.1    14.6     9.6   330.0
SUMMERSIDE  2012   5  31  152      7.9    13.0    14.8  -999.9     0.4     8.5    11.1   330.0
SUMMERSIDE  2012   6   1  153      4.4    14.1    20.5  -999.9     0.0    11.9     9.7   330.0
SUMMERSIDE  2012   6   2  154      4.2    18.7    25.1  -999.9     0.0    13.8    10.1   330.0
SUMMERSIDE  2012   6   3  155      8.8    16.6    18.5  -999.9     0.0    25.3    10.7   330.0
SUMMERSIDE  2012   6   4  156      8.7    12.5    12.9  -999.9     0.0    33.4    10.2   330.0
SUMMERSIDE  2012   6   5  157      8.1    10.0     9.1  -999.9     0.7    32.4     9.8   330.0
SUMMERSIDE  2012   6   6  158      6.5     9.0    10.5  -999.9     3.7    29.2     9.4   330.0
SUMMERSIDE  2012   6   7  159      6.5    15.0    19.4  -999.9     0.0    13.5     9.7   330.0
SUMMERSIDE  2012   6   8  160      7.7    23.0    26.0  -999.9     0.0    18.0    11.4   330.0
SUMMERSIDE  2012   6   9  161     10.4    15.1    14.5  -999.9     9.4    18.1    12.7   330.0
SUMMERSIDE  2012   6  10  162      7.5    15.5    18.9  -999.9     0.3    18.8    12.1   330.0
SUMMERSIDE  2012   6  11  163      4.5    20.0    26.3  -999.9     0.0    10.8    10.7   330.0
SUMMERSIDE  2012   6  12  164     11.0    24.2    24.3  -999.9     0.0    21.3    13.3   330.0
SUMMERSIDE  2012   6  13  165     11.4    23.7    23.5  -999.9     0.0    19.8    12.7   330.0
SUMMERSIDE  2012   6  14  166     12.2    15.9    12.9  -999.9     0.0    15.5    13.7   330.0
SUMMERSIDE  2012   6  15  167     10.1    14.3    13.7  -999.9     0.0    25.7    11.9   330.0
SUMMERSIDE  2012   6  16  168      6.5    17.1    21.8  -999.9     0.0    15.0    10.8   330.0
SUMMERSIDE  2012   6  17  169      5.8    20.9    26.0  -999.9     0.0    10.0    10.1   330.0
SUMMERSIDE  2012   6  18  170     10.2    22.8    23.8  -999.9     0.0    15.2    12.2   330.0
SUMMERSIDE  2012   6  19  171     10.4    21.1    21.9  -999.9     0.0    20.4    13.0   330.0
SUMMERSIDE  2012   6  20  172     12.8    25.8    24.2  -999.9     0.0    21.0    17.2   330.0
SUMMERSIDE  2012   6  21  173     11.6    20.4    19.9  -999.9     0.0    15.8    14.3   330.0
SUMMERSIDE  2012   6  22  174     11.0    20.3    20.4  -999.9     9.7    13.2    15.6   330.0
SUMMERSIDE  2012   6  23  175     12.7    17.1    14.0  -999.9    22.1    19.8    15.0   330.0
SUMMERSIDE  2012   6  24  176     13.0    17.7    14.5  -999.9    20.0    12.6    16.0   330.0
SUMMERSIDE  2012   6  25  177     11.9    24.2    23.5  -999.9     0.0    13.7    16.1   330.0
SUMMERSIDE  2012   6  26  178     15.9    20.3    14.0  -999.9     6.8    26.5    18.0   330.0
SUMMERSIDE  2012   6  27  179     14.9    21.9    17.7  -999.9     1.1    25.9    16.5   330.0
SUMMERSIDE  2012   6  28  180     14.4    22.1    18.5  -999.9     4.5    20.2    17.3   330.0
SUMMERSIDE  2012   6  29  181     14.2    25.3    22.2  -999.9     0.0    24.3    17.6   330.0
SUMMERSIDE  2012   6  30  182     16.5    27.7    22.3  -999.9     0.0    20.4    20.6   330.0
SUMMERSIDE  2012   7   1  183     16.3    27.6    22.4  -999.9     0.0    15.8    17.9   330.0
SUMMERSIDE  2012   7   2  184     15.4    26.5    22.1  -999.9     0.0    10.6    15.5   330.0
SUMMERSIDE  2012   7   3  185     14.1    26.4    23.3  -999.9     0.0    10.0    16.0   330.0
SUMMERSIDE  2012   7   4  186     16.0    26.5    21.5  -999.9     0.5    13.2    17.0   330.0
SUMMERSIDE  2012   7   5  187     17.7    21.4    12.7  -999.9     5.6    12.4    19.6   330.0
SUMMERSIDE  2012   7   6  188     13.5    24.3    21.7  -999.9     0.0    12.7    18.1   330.0
SUMMERSIDE  2012   7   7  189     14.0    25.3    22.1  -999.9     8.2    11.6    19.8   330.0
SUMMERSIDE  2012   7   8  190     14.7    23.5    19.5  -999.9     0.0    15.9    14.9   330.0
SUMMERSIDE  2012   7   9  191     14.2    22.2    18.6  -999.9     0.0    18.1    12.4   330.0
SUMMERSIDE  2012   7  10  192     12.8    26.3    24.0  -999.9     0.0    17.4    12.6   330.0
SUMMERSIDE  2012   7  11  193     11.3    25.4    24.5  -999.9     0.0    12.3    12.0   330.0
SUMMERSIDE  2012   7  12  194     16.6    27.2    21.2  -999.9     0.0    28.2    15.3   330.0
SUMMERSIDE  2012   7  13  195     16.8    22.9    16.0  -999.9     0.6    15.8    16.5   330.0
SUMMERSIDE  2012   7  14  196     16.1    25.7    20.1  -999.9     0.0    17.8    20.7   330.0
SUMMERSIDE  2012   7  15  197     15.4    25.6    20.6  -999.9     0.0    14.5    16.7   330.0
SUMMERSIDE  2012   7  16  198     17.9    23.6    15.4  -999.9     0.0    22.8    19.9   330.0
SUMMERSIDE  2012   7  17  199     18.3    25.8    17.6  -999.9     9.7    11.8    20.0   330.0
SUMMERSIDE  2012   7  18  200     16.4    24.4    18.1  -999.9     0.2    19.4    19.0   330.0
SUMMERSIDE  2012   7  19  201     14.4    22.4    18.1  -999.9     0.4    14.3    14.1   330.0
SUMMERSIDE  2012   7  20  202      9.6    18.7    19.2  -999.9     0.2    15.8    11.9   330.0
SUMMERSIDE  2012   7  21  203      9.1    24.0    24.5  -999.9     0.0    10.5    12.5   330.0
SUMMERSIDE  2012   7  22  204     14.0    27.0    22.8  -999.9     0.0    19.6    16.6   330.0
SUMMERSIDE  2012   7  23  205     17.1    26.4    19.2  -999.9     0.0    24.7    17.8   330.0
SUMMERSIDE  2012   7  24  206     17.0    22.1    14.2  -999.9     8.4    26.9    19.2   330.0
SUMMERSIDE  2012   7  25  207     11.0    22.3    21.0  -999.9     0.2    16.0    14.5   330.0
SUMMERSIDE  2012   7  26  208     10.5    26.8    25.1  -999.9     0.0    15.7    14.3   330.0
SUMMERSIDE  2012   7  27  209     14.7    25.8    20.6  -999.9     0.0    11.5    17.0   330.0
SUMMERSIDE  2012   7  28  210     13.6    23.6    19.5  -999.9     0.0    12.7    16.2   330.0
SUMMERSIDE  2012   7  29  211     13.4    23.9    19.9  -999.9     0.0     9.2    16.1   330.0
SUMMERSIDE  2012   7  30  212     16.2    25.8    19.0  -999.9     0.0     7.1    16.8   330.0
SUMMERSIDE  2012   7  31  213     16.5    29.4    21.9  -999.9     0.0    18.1    20.2   330.0
SUMMERSIDE  2012   8   1  214     15.3    20.6    14.0  -999.9    10.8    15.0    17.0   330.0
SUMMERSIDE  2012   8   2  215     16.4    22.6    15.0  -999.9     0.0    15.5    19.5   330.0
SUMMERSIDE  2012   8   3  216     17.9    27.0    18.1  -999.9     0.0    19.9    22.7   330.0
SUMMERSIDE  2012   8   4  217     13.5    25.4    20.6  -999.9     0.0    11.0    17.4   330.0
SUMMERSIDE  2012   8   5  218     12.2    29.7    24.9  -999.9     0.0    16.5    18.5   330.0
SUMMERSIDE  2012   8   6  219     16.2    27.1    19.5  -999.9     0.0    24.9    20.4   330.0
SUMMERSIDE  2012   8   7  220     14.8    25.3    19.0  -999.9     0.0     9.1    16.7   330.0
SUMMERSIDE  2012   8   8  221     16.4    28.8    20.6  -999.9     0.0    15.0    19.5   330.0
SUMMERSIDE  2012   8   9  222     17.9    29.3    19.6  -999.9     1.2     9.4    21.2   330.0
SUMMERSIDE  2012   8  10  223     18.2    24.9    15.0  -999.9     0.0    10.8    21.0   330.0
SUMMERSIDE  2012   8  11  224     17.6    22.9    13.2  -999.9     1.2    11.7    20.8   330.0
SUMMERSIDE  2012   8  12  225     18.4    25.5    15.2  -999.9    10.6    12.2    24.1   330.0
SUMMERSIDE  2012   8  13  226     18.8    27.2    16.5  -999.9     0.0    18.7    24.1   330.0
SUMMERSIDE  2012   8  14  227     18.1    28.3    18.0  -999.9     0.0    11.9    22.8   330.0
SUMMERSIDE  2012   8  15  228     19.0    27.8    16.6  -999.9     0.0    10.7    22.5   330.0
SUMMERSIDE  2012   8  16  229     18.0    25.9    15.7  -999.9    26.7    14.1    21.5   330.0
SUMMERSIDE  2012   8  17  230     18.2    24.7    14.1  -999.9     0.5    15.1    22.1   330.0
SUMMERSIDE  2012   8  18  231     18.6    25.5    14.4  -999.9     0.0     9.5    22.5   330.0
SUMMERSIDE  2012   8  19  232     18.4    23.0    11.7  -999.9    27.2     6.6    20.4   330.0
SUMMERSIDE  2012   8  20  233     13.9    23.3    16.6  -999.9     0.0    11.8    18.3   330.0
SUMMERSIDE  2012   8  21  234     13.7    26.8    19.5  -999.9     0.0     8.3    18.5   330.0
SUMMERSIDE  2012   8  22  235     14.3    24.8    17.3  -999.9     0.0    12.3    14.6   330.0
SUMMERSIDE  2012   8  23  236     15.2    26.1    17.5  -999.9     0.0    18.7    16.6   330.0
SUMMERSIDE  2012   8  24  237     10.1    22.0    18.2  -999.9     0.0    14.3    14.3   330.0
SUMMERSIDE  2012   8  25  238      9.3    23.7    19.8  -999.9     0.0     9.6    12.8   330.0
SUMMERSIDE  2012   8  26  239     16.4    26.0    16.1  -999.9     0.0    24.0    16.8   330.0
SUMMERSIDE  2012   8  27  240     17.9    28.0    16.3  -999.9     0.0    22.8    20.1   330.0
SUMMERSIDE  2012   8  28  241     12.3    23.7    17.2  -999.9     3.4    20.7    17.2   330.0
SUMMERSIDE  2012   8  29  242     11.8    20.5    14.9  -999.9     0.0    19.0    11.8   330.0
SUMMERSIDE  2012   8  30  243     12.9    25.8    18.0  -999.9     0.0    19.7    15.5   330.0
SUMMERSIDE  2012   8  31  244     16.2    27.8    16.9  -999.9     0.3    23.0    18.1   330.0
SUMMERSIDE  2012   9   1  245      5.6    18.3    17.6  -999.9     0.2    22.1     8.9   330.0
SUMMERSIDE  2012   9   2  246      4.7    19.5    18.8  -999.9     0.0     9.4     9.4   330.0
SUMMERSIDE  2012   9   3  247     12.0    22.0    15.3  -999.9     0.0    11.3    14.7   330.0
SUMMERSIDE  2012   9   4  248     12.7    23.8    16.0  -999.9     0.0    16.0    16.8   330.0
SUMMERSIDE  2012   9   5  249     14.0    16.9     8.1  -999.9    26.2    22.5    15.4   330.0
SUMMERSIDE  2012   9   6  250     15.3    18.1     7.9  -999.9     0.7    23.7    17.3   330.0
SUMMERSIDE  2012   9   7  251     14.3    20.2    11.3  -999.9     0.2    11.6    16.5   330.0
SUMMERSIDE  2012   9   8  252     15.8    24.4    13.6  -999.9     0.0    19.8    19.4   330.0
SUMMERSIDE  2012   9   9  253     15.2    22.0    11.9  -999.9    10.4    22.6    19.0   330.0
SUMMERSIDE  2012   9  10  254     13.2    16.7     8.5  -999.9    14.8    16.7    14.4   330.0
SUMMERSIDE  2012   9  11  255     11.3    20.7    13.8  -999.9     0.0    21.1    12.2   330.0
SUMMERSIDE  2012   9  12  256     10.7    22.4    15.2  -999.9     0.2    13.3    13.2   330.0
SUMMERSIDE  2012   9  13  257     14.0    23.4    13.5  -999.9     0.1    22.1    16.3   330.0
SUMMERSIDE  2012   9  14  258     15.3    23.8    12.7  -999.9     0.0    18.2    18.2   330.0
SUMMERSIDE  2012   9  15  259     14.5    23.5    12.9  -999.9     4.3    22.1    16.8   330.0
SUMMERSIDE  2012   9  16  260      9.3    16.0    11.0  -999.9     0.0    17.4    10.1   330.0
SUMMERSIDE  2012   9  17  261      9.6    20.4    13.9  -999.9     0.0    17.1    10.8   330.0
SUMMERSIDE  2012   9  18  262      9.4    21.7    14.6  -999.9     0.0    20.0    12.7   330.0
SUMMERSIDE  2012   9  19  263     10.9    22.1    13.8  -999.9     3.6    29.8    15.1   330.0
SUMMERSIDE  2012   9  20  264      8.0    15.8    11.4  -999.9     0.6    16.5    10.6   330.0
SUMMERSIDE  2012   9  21  265     14.1    19.8     9.6  -999.9     8.8    10.4    18.0   330.0
SUMMERSIDE  2012   9  22  266     16.6    21.6     8.9  -999.9    38.7    16.5    20.3   330.0
SUMMERSIDE  2012   9  23  267     11.0    22.0    13.1  -999.9     0.7    18.0    16.1   330.0
SUMMERSIDE  2012   9  24  268      6.7    18.3    13.3  -999.9     0.5     6.6    10.1   330.0
SUMMERSIDE  2012   9  25  269      7.9    18.5    12.6  -999.9     0.0    21.5    10.3   330.0
SUMMERSIDE  2012   9  26  270     12.0    19.2    10.2  -999.9     0.6    23.8    13.8   330.0
SUMMERSIDE  2012   9  27  271      6.4    16.5    12.0  -999.9     0.3    18.8     9.8   330.0
SUMMERSIDE  2012   9  28  272      5.2    15.4    11.9  -999.9     0.0     8.8     8.7   330.0
SUMMERSIDE  2012   9  29  273      6.7    16.0    11.2  -999.9    28.4    15.4    11.4   330.0
SUMMERSIDE  2012   9  30  274     15.8    20.9     8.2  -999.9    14.0    19.7    18.9   330.0
SUMMERSIDE  2012  10   1  275     11.1    19.3    10.3  -999.9     5.2    22.3    14.2   330.0
SUMMERSIDE  2012  10   2  276     11.1    19.3    10.1  -999.9     0.0    16.8    13.8   330.0
SUMMERSIDE  2012  10   3  277      7.8    18.9    11.6  -999.9     0.0    14.5    10.9   330.0
SUMMERSIDE  2012  10   4  278      5.7    16.2    11.2  -999.9     0.0    10.8    10.6   330.0
SUMMERSIDE  2012  10   5  279     10.9    17.6     8.8  -999.9     0.0     7.3    13.3   330.0
SUMMERSIDE  2012  10   6  280     13.7    18.3     7.2  -999.9     0.0    26.9    14.8   330.0
SUMMERSIDE  2012  10   7  281      9.7    15.5     8.0  -999.9     2.5    14.3    11.2   330.0
SUMMERSIDE  2012  10   8  282      3.6    11.8     9.4  -999.9     4.5    12.2     8.3   330.0
SUMMERSIDE  2012  10   9  283      2.7    12.3    10.0  -999.9     0.0     7.5     7.3   330.0
SUMMERSIDE  2012  10  10  284      7.6    13.8     7.9  -999.9     0.0    16.3    10.8   330.0
SUMMERSIDE  2012  10  11  285      5.4    15.6    10.1  -999.9     4.0    36.3     8.6   330.0
SUMMERSIDE  2012  10  12  286      2.6     8.8     7.7  -999.9     8.9    18.1     6.9   330.0
SUMMERSIDE  2012  10  13  287      0.6     7.6     8.1  -999.9     0.0    23.1     4.9   330.0
SUMMERSIDE  2012  10  14  288      0.0     6.7     7.8  -999.9     2.9    12.8     6.1   330.0
SUMMERSIDE  2012  10  15  289      6.6    17.5     9.8  -999.9     3.7    18.3    12.6   330.0
SUMMERSIDE  2012  10  16  290      5.6    17.8    10.3  -999.9     1.9    27.5    12.0   330.0
SUMMERSIDE  2012  10  17  291      2.7    11.0     8.4  -999.9     0.0    18.9     7.2   330.0
SUMMERSIDE  2012  10  18  292      4.2    11.7     7.8  -999.9     0.0     9.0     7.9   330.0
SUMMERSIDE  2012  10  19  293      4.6    16.6     9.8  -999.9     0.0    12.2     9.5   330.0
SUMMERSIDE  2012  10  20  294     10.4    17.8     7.6  -999.9     2.7    26.4    13.8   330.0
SUMMERSIDE  2012  10  21  295      9.6    17.5     7.7  -999.9     0.0    18.4    12.9   330.0
SUMMERSIDE  2012  10  22  296      6.5    14.0     7.4  -999.9     0.4    23.6     8.4   330.0
SUMMERSIDE  2012  10  23  297      4.6     9.5     5.9  -999.9     0.0    21.7     6.3   330.0
SUMMERSIDE  2012  10  24  298      2.0     6.1     5.3  -999.9     0.2    16.6     5.6   330.0
SUMMERSIDE  2012  10  25  299     -0.3     8.6     7.7  -999.9     0.0    13.3     5.7   330.0
SUMMERSIDE  2012  10  26  300     -0.6    11.6     8.9  -999.9     0.0     8.8     7.0   330.0
SUMMERSIDE  2012  10  27  301      0.9    12.2     8.5  -999.9     0.0    14.7     8.4   330.0
SUMMERSIDE  2012  10  28  302      7.6    11.5     4.9  -999.9     0.0    20.4    11.3   330.0
SUMMERSIDE  2012  10  29  303     10.9    18.4     6.7  -999.9     0.0    18.9    14.1   330.0
SUMMERSIDE  2012  10  30  304     12.5    16.6     4.9  -999.9     0.0    29.0    13.2   330.0
SUMMERSIDE  2012  10  31  305     13.1    16.0     4.1  -999.9     1.6    26.6    14.1   330.0
SUMMERSIDE  2012  11   1  306     11.9    17.1     5.4  -999.9     5.4    14.0    14.3   330.0
SUMMERSIDE  2012  11   2  307      8.8    12.4     4.4  -999.9     0.6    13.9    11.1   330.0
SUMMERSIDE  2012  11   3  308      8.3    12.7     4.8  -999.9     0.0     9.7    10.8   330.0
SUMMERSIDE  2012  11   4  309      3.6     8.5     5.0  -999.9     2.5    13.2     8.4   330.0
SUMMERSIDE  2012  11   5  310      0.6     3.7     3.9  -999.9     0.4    13.6     5.7   330.0
SUMMERSIDE  2012  11   6  311     -3.3     2.9     5.5  -999.9     0.2    19.0     3.3   330.0
SUMMERSIDE  2012  11   7  312     -5.6     5.4     7.2  -999.9     5.7    17.0     4.3   330.0
SUMMERSIDE  2012  11   8  313      3.5     7.4     4.2  -999.9    16.5    34.2     8.2   330.0
SUMMERSIDE  2012  11   9  314      2.3     7.0     4.6  -999.9     0.2    21.7     7.6   330.0
SUMMERSIDE  2012  11  10  315     -0.5     3.8     4.3  -999.9     0.0    28.4     4.0   330.0
SUMMERSIDE  2012  11  11  316     -2.7     6.5     6.2  -999.9     0.2    13.3     4.4   330.0
SUMMERSIDE  2012  11  12  317      6.5    14.1     5.6  -999.9     0.0    23.9     9.7   330.0
SUMMERSIDE  2012  11  13  318      5.0    17.9     7.2  -999.9    12.0    25.9    10.9   330.0
SUMMERSIDE  2012  11  14  319      3.6     5.9     3.0  -999.9     0.3    18.8     6.7   330.0
SUMMERSIDE  2012  11  15  320      4.1     6.3     2.9  -999.9     0.0    24.3     6.4   330.0
SUMMERSIDE  2012  11  16  321     -1.4     5.2     4.9  -999.9     0.2    12.7     5.3   330.0
SUMMERSIDE  2012  11  17  322     -4.7     3.8     5.5  -999.9     0.0    12.4     4.5   330.0
SUMMERSIDE  2012  11  18  323     -4.7     3.1     5.2  -999.9     0.0     6.9     4.3   330.0
SUMMERSIDE  2012  11  19  324     -4.4     6.5     6.1  -999.9     0.0    11.5     5.1   330.0
SUMMERSIDE  2012  11  20  325     -2.9     7.3     5.9  -999.9     0.0    10.0     6.0   330.0
SUMMERSIDE  2012  11  21  326     -3.0     8.6     6.2  -999.9     0.0     7.2     6.2   330.0
SUMMERSIDE  2012  11  22  327      1.4     9.3     5.0  -999.9     0.0    16.6     7.4   330.0
SUMMERSIDE  2012  11  23  328      4.3    11.4     4.7  -999.9     0.0    23.4     8.9   330.0
SUMMERSIDE  2012  11  24  329      3.5     8.7     4.0  -999.9     7.0     8.9     8.7   330.0
SUMMERSIDE  2012  11  25  330     -2.4     3.5     4.2  -999.9     0.0    35.0     4.6   330.0
SUMMERSIDE  2012  11  26  331     -3.1     0.2     3.1  -999.9     0.0    30.7     3.1   330.0
SUMMERSIDE  2012  11  27  332     -9.9    -1.6     4.9  -999.9     0.0    13.4     2.5   330.0
SUMMERSIDE  2012  11  28  333    -10.3     1.0     5.7  -999.9     0.0     8.6     3.3   330.0
SUMMERSIDE  2012  11  29  334     -7.8     0.1     4.7  -999.9     0.0    18.9     3.1   330.0
SUMMERSIDE  2012  11  30  335    -10.8    -4.6     4.1  -999.9     0.0    31.4     2.0   330.0
SUMMERSIDE  2012  12   1  336    -11.9    -2.6     5.0  -999.9     0.0    13.3     2.5   330.0
SUMMERSIDE  2012  12   2  337     -9.6     6.0     6.5  -999.9     1.4    27.5     3.9   330.0
SUMMERSIDE  2012  12   3  338      1.8     8.8     4.3  -999.9     3.3    21.9     8.1   330.0
SUMMERSIDE  2012  12   4  339      1.2     3.7     2.6  -999.9     0.0    12.3     6.6   330.0
SUMMERSIDE  2012  12   5  340      0.0     8.7     4.7  -999.9     2.4    27.6     7.3   330.0
SUMMERSIDE  2012  12   6  341     -2.5     0.0     2.5  -999.9     0.2    25.9     4.0   330.0
SUMMERSIDE  2012  12   7  342     -4.9     0.9     3.8  -999.9     0.0    12.7     4.2   330.0
SUMMERSIDE  2012  12   8  343      0.8     4.8     3.2  -999.9     4.9    11.0     7.1   330.0
SUMMERSIDE  2012  12   9  344     -4.8     5.9     5.1  -999.9     0.0    21.0     4.9   330.0
SUMMERSIDE  2012  12  10  345     -5.9     6.9     5.6  -999.9    28.9    12.3     5.4   330.0
SUMMERSIDE  2012  12  11  346     -5.7     6.6     5.5  -999.9     4.1    16.6     5.4   330.0
SUMMERSIDE  2012  12  12  347     -7.9    -2.8     3.5  -999.9     0.2    14.0     3.1   330.0
SUMMERSIDE  2012  12  13  348     -6.4    -1.0     3.6  -999.9     0.0    12.0     3.6   330.0
SUMMERSIDE  2012  12  14  349     -3.3     3.7     4.1  -999.9     0.0    16.5     4.7   330.0
SUMMERSIDE  2012  12  15  350     -9.7    -1.5     4.4  -999.9     0.2    29.2     3.2   330.0
SUMMERSIDE  2012  12  16  351    -11.7    -1.1     5.0  -999.9     0.0    17.5     3.0   330.0
SUMMERSIDE  2012  12  17  352     -1.4     1.8     2.7  -999.9     0.5    12.3     5.8   330.0
SUMMERSIDE  2012  12  18  353      0.0     2.2     2.3  -999.9     0.5    18.8     5.8   330.0
SUMMERSIDE  2012  12  19  354     -0.4     1.5     2.1  -999.9     1.8    33.8     5.5   330.0
SUMMERSIDE  2012  12  20  355     -1.2     1.9     2.7  -999.9     0.6    16.3     5.6   330.0
SUMMERSIDE  2012  12  21  356     -1.6     3.6     3.5  -999.9     2.4    12.6     5.8   330.0
SUMMERSIDE  2012  12  22  357      0.6     8.6     4.3  -999.9     8.9    21.3     7.8   330.0
SUMMERSIDE  2012  12  23  358     -7.7     3.6     5.2  -999.9     0.4    26.6     4.6   330.0
SUMMERSIDE  2012  12  24  359     -9.3    -6.6     2.5  -999.9     0.0    39.0     2.2   330.0
SUMMERSIDE  2012  12  25  360    -10.3    -4.9     3.6  -999.9     0.0    19.1     2.6   330.0
SUMMERSIDE  2012  12  26  361    -10.8    -2.7     4.4  -999.9     0.0    12.1     3.1   330.0
SUMMERSIDE  2012  12  27  362     -4.6     0.5     3.5  -999.9     9.4    20.3     4.6   330.0
SUMMERSIDE  2012  12  28  363     -2.5     1.5     3.1  -999.9     2.7    29.4     5.7   330.0
SUMMERSIDE  2012  12  29  364     -5.6    -2.5     2.8  -999.9     0.0    15.8     4.0   330.0
SUMMERSIDE  2012  12  30  365     -3.4     0.2     3.0  -999.9     6.6    42.5     5.2   330.0
