SUMMERSIDE  2015   1   1    1    -11.1    -3.0     4.5  -999.9     0.0    19.3     2.3   330.0
SUMMERSIDE  2015   1   2    2    -13.0     0.0     5.7  -999.9     0.0    25.4     2.2   330.0
SUMMERSIDE  2015   1   3    3    -15.5   -10.7     3.5  -999.9     0.0    22.7     1.3   330.0
SUMMERSIDE  2015   1   4    4    -10.9     2.9     6.0  -999.9    10.2    17.5     3.8   330.0
SUMMERSIDE  2015   1   5    5    -15.7     2.3     6.9  -999.9     1.9    33.4     2.7   330.0
SUMMERSIDE  2015   1   6    6    -19.8   -15.7     3.3  -999.9     0.0    30.1     0.9   330.0
SUMMERSIDE  2015   1   7    7    -19.6   -10.3     5.0  -999.9     0.0     5.2     1.5   330.0
SUMMERSIDE  2015   1   8    8    -21.6   -13.6     4.7  -999.9     0.0    22.9     1.0   330.0
SUMMERSIDE  2015   1   9    9    -17.0     0.3     6.9  -999.9     2.4    26.8     2.7   330.0
SUMMERSIDE  2015   1  10   10    -17.3    -9.5     4.7  -999.9     0.0    19.8     1.6   330.0
SUMMERSIDE  2015   1  11   11    -18.2    -6.6     5.8  -999.9     0.0    16.6     1.7   330.0
SUMMERSIDE  2015   1  12   12     -6.6    -3.5     3.0  -999.9     5.0    10.2     3.6   330.0
SUMMERSIDE  2015   1  13   13    -22.7    -4.4     7.4  -999.9     0.2    21.2     1.6   330.0
SUMMERSIDE  2015   1  14   14    -20.6    -8.6     6.1  -999.9     0.0    13.9     1.6   330.0
SUMMERSIDE  2015   1  15   15    -16.5    -4.0     6.2  -999.9     0.0     6.7     2.5   330.0
SUMMERSIDE  2015   1  16   16    -16.5     0.4     7.3  -999.9     3.5    21.0     2.9   330.0
SUMMERSIDE  2015   1  17   17    -22.6   -13.5     5.4  -999.9     0.2    24.2     0.9   330.0
SUMMERSIDE  2015   1  18   18    -23.5     4.3     9.6  -999.9     0.0    25.5     2.3   330.0
SUMMERSIDE  2015   1  19   19      1.3     7.6     4.6  -999.9    12.8    34.2     7.1   330.0
SUMMERSIDE  2015   1  20   20    -11.8     1.5     6.8  -999.9     0.2    31.8     3.0   330.0
SUMMERSIDE  2015   1  21   21    -12.9    -7.5     4.4  -999.9     0.0    19.1     1.9   330.0
SUMMERSIDE  2015   1  22   22    -13.2    -4.1     5.8  -999.9     0.0    12.5     2.7   330.0
SUMMERSIDE  2015   1  23   23     -9.5    -3.9     4.6  -999.9     0.0    18.0     2.6   330.0
SUMMERSIDE  2015   1  24   24     -4.0     2.2     4.9  -999.9    23.9    19.8     4.6   330.0
SUMMERSIDE  2015   1  25   25    -12.1     0.6     7.1  -999.9     0.8    35.0     3.2   330.0
SUMMERSIDE  2015   1  26   26    -14.7   -11.1     3.8  -999.9     0.0    21.3     1.5   330.0
SUMMERSIDE  2015   1  27   27    -11.1    -4.2     5.4  -999.9     7.8    52.3     2.9   330.0
SUMMERSIDE  2015   1  28   28     -8.6    -3.0     4.9  -999.9     0.7    25.5     3.5   330.0
SUMMERSIDE  2015   1  29   29    -19.1    -4.9     7.9  -999.9     0.0     4.2     2.0   330.0
SUMMERSIDE  2015   1  30   30    -19.3    -5.5     7.9  -999.9     0.0     2.2     2.1   330.0
SUMMERSIDE  2015   1  31   31     -6.8    -2.0     4.7  -999.9    12.7    35.6     4.0   330.0
SUMMERSIDE  2015   2   1   32    -20.1    -6.8     7.9  -999.9     0.0    25.6     1.6   330.0
SUMMERSIDE  2015   2   2   33    -22.1    -9.5     7.8  -999.9     7.2    21.8     1.3   330.0
SUMMERSIDE  2015   2   3   34    -21.5    -8.4     8.1  -999.9     6.0    38.3     1.5   330.0
SUMMERSIDE  2015   2   4   35    -22.2    -3.0    10.0  -999.9     0.0    15.5     1.8   330.0
SUMMERSIDE  2015   2   5   36    -12.4     0.5     8.3  -999.9     4.3    29.0     3.5   330.0
SUMMERSIDE  2015   2   6   37    -20.3   -12.1     6.7  -999.9     1.2    23.8     1.3   330.0
SUMMERSIDE  2015   2   7   38    -24.2   -10.7     8.7  -999.9     0.2    11.8     1.2   330.0
SUMMERSIDE  2015   2   8   39    -21.4   -14.3     6.4  -999.9     0.0    13.5     1.2   330.0
SUMMERSIDE  2015   2   9   40    -28.0   -16.7     8.2  -999.9     0.2    16.4     0.8   330.0
SUMMERSIDE  2015   2  10   41    -25.8   -11.0     9.5  -999.9     0.0     9.6     1.2   330.0
SUMMERSIDE  2015   2  11   42    -21.6   -13.5     7.1  -999.9     0.0    24.5     1.3   330.0
SUMMERSIDE  2015   2  12   43    -14.6    -8.8     6.1  -999.9     0.0    20.2     2.2   330.0
SUMMERSIDE  2015   2  13   44    -18.6    -9.7     7.7  -999.9     0.0    18.2     1.6   330.0
SUMMERSIDE  2015   2  14   45    -21.8   -13.5     7.5  -999.9     0.0    13.9     1.0   330.0
SUMMERSIDE  2015   2  15   46    -21.9   -10.6     8.9  -999.9    25.0    50.7     1.5   330.0
SUMMERSIDE  2015   2  16   47    -13.6   -11.2     4.2  -999.9     0.0    49.3     1.9   330.0
SUMMERSIDE  2015   2  17   48    -22.1    -7.5    10.4  -999.9     0.0    17.2     1.3   330.0
SUMMERSIDE  2015   2  18   49    -23.5    -9.3    10.4  -999.9     0.0     7.1     1.4   330.0
SUMMERSIDE  2015   2  19   50    -16.3    -1.6    10.8  -999.9     6.7    16.1     2.8   330.0
SUMMERSIDE  2015   2  20   51    -11.5    -1.6     9.0  -999.9     0.0    39.0     3.0   330.0
SUMMERSIDE  2015   2  21   52    -14.9    -3.4     9.8  -999.9     0.0    28.3     2.0   330.0
SUMMERSIDE  2015   2  22   53     -6.3     1.3     8.1  -999.9     1.8    18.8     4.4   330.0
SUMMERSIDE  2015   2  23   54    -21.7    -3.3    12.8  -999.9     0.2    20.1     1.8   330.0
SUMMERSIDE  2015   2  24   55    -23.1   -12.8     9.7  -999.9     0.0    23.9     0.9   330.0
SUMMERSIDE  2015   2  25   56    -14.1     1.4    12.0  -999.9     4.8    28.1     3.1   330.0
SUMMERSIDE  2015   2  26   57    -15.1    -8.5     8.0  -999.9     0.0    21.2     1.7   330.0
SUMMERSIDE  2015   2  27   58    -18.5   -10.7     8.8  -999.9     0.0    17.2     1.3   330.0
SUMMERSIDE  2015   2  28   59    -22.3    -5.8    12.9  -999.9     0.2    17.0     1.4   330.0
SUMMERSIDE  2015   3   1   60    -18.3    -3.7    12.3  -999.9     0.0    15.2     1.9   330.0
SUMMERSIDE  2015   3   2   61     -8.8    -1.6     8.8  -999.9     1.8    22.0     3.4   330.0
SUMMERSIDE  2015   3   3   62    -15.4    -7.9     9.1  -999.9     0.2    32.5     1.5   330.0
SUMMERSIDE  2015   3   4   63    -10.1     2.3    11.8  -999.9     1.1    25.1     3.4   330.0
SUMMERSIDE  2015   3   5   64    -15.6    -1.4    12.8  -999.9     0.2    23.7     1.9   330.0
SUMMERSIDE  2015   3   6   65    -18.5    -9.2    10.5  -999.9     0.2    16.2     1.3   330.0
SUMMERSIDE  2015   3   7   66    -15.6    -1.5    13.1  -999.9     0.0    18.5     2.2   330.0
SUMMERSIDE  2015   3   8   67    -12.6    -2.4    11.3  -999.9     0.0    11.3     2.5   330.0
SUMMERSIDE  2015   3   9   68    -19.6    -2.0    15.0  -999.9     0.7    10.4     2.1   330.0
SUMMERSIDE  2015   3  10   69    -15.8     0.2    14.5  -999.9     0.2    14.0     2.7   330.0
SUMMERSIDE  2015   3  11   70     -4.2     7.9    12.8  -999.9     0.0    31.8     4.7   330.0
SUMMERSIDE  2015   3  12   71    -10.3    -3.4     9.8  -999.9     0.0    27.2     2.3   330.0
SUMMERSIDE  2015   3  13   72    -16.1    -7.6    11.0  -999.9     0.2    24.1     1.4   330.0
SUMMERSIDE  2015   3  14   73    -17.4    -3.8    14.1  -999.9     0.0    10.1     1.5   330.0
SUMMERSIDE  2015   3  15   74     -7.3    -5.3     5.5  -999.9    11.7    44.0     3.1   330.0
SUMMERSIDE  2015   3  16   75    -10.4    -6.2     8.0  -999.9     3.1    43.6     2.8   330.0
SUMMERSIDE  2015   3  17   76    -13.7    -2.4    13.3  -999.9     0.0    10.6     2.3   330.0
SUMMERSIDE  2015   3  18   77     -7.6    -1.7     9.7  -999.9     3.0    33.5     3.8   330.0
SUMMERSIDE  2015   3  19   78     -7.8    -1.3    10.3  -999.9     0.2    34.5     3.0   330.0
SUMMERSIDE  2015   3  20   79    -10.4     0.3    13.4  -999.9     0.0    16.7     2.6   330.0
SUMMERSIDE  2015   3  21   80     -8.8     1.7    13.4  -999.9     1.6    15.3     3.5   330.0
SUMMERSIDE  2015   3  22   81    -12.7     0.0    14.9  -999.9     9.4    33.9     3.3   330.0
SUMMERSIDE  2015   3  23   82    -13.4    -3.9    13.0  -999.9     0.2    35.6     2.2   330.0
SUMMERSIDE  2015   3  24   83    -13.5    -1.7    14.7  -999.9     0.0     8.8     2.7   330.0
SUMMERSIDE  2015   3  25   84    -14.8     1.0    17.2  -999.9     0.0    13.1     2.7   330.0
SUMMERSIDE  2015   3  26   85     -3.3     3.9    11.7  -999.9     3.7    27.0     5.3   330.0
SUMMERSIDE  2015   3  27   86      0.1     4.8     9.6  -999.9     0.9     6.8     6.3   330.0
SUMMERSIDE  2015   3  28   87     -4.4     0.6    10.0  -999.9     0.2    21.4     4.2   330.0
SUMMERSIDE  2015   3  29   88     -5.2     3.4    13.2  -999.9     0.0    15.5     3.5   330.0
SUMMERSIDE  2015   3  30   89     -6.0     2.9    13.6  -999.9     0.0    21.5     3.9   330.0
SUMMERSIDE  2015   3  31   90     -0.8     4.2    10.3  -999.9     0.8    16.6     5.9   330.0
SUMMERSIDE  2015   4   1   91     -6.9     0.6    12.7  -999.9     0.2    16.6     2.9   330.0
SUMMERSIDE  2015   4   2   92     -7.5     1.5    14.0  -999.9     1.3    20.7     2.7   330.0
SUMMERSIDE  2015   4   3   93     -0.9     5.8    12.2  -999.9     1.1    18.5     6.5   330.0
SUMMERSIDE  2015   4   4   94     -5.0     3.5    13.9  -999.9     7.4    25.3     5.3   330.0
SUMMERSIDE  2015   4   5   95     -9.9    -0.9    14.4  -999.9     0.3    25.8     2.6   330.0
SUMMERSIDE  2015   4   6   96    -14.0    -1.5    17.2  -999.9     0.2    17.0     1.9   330.0
SUMMERSIDE  2015   4   7   97     -9.0     1.9    16.2  -999.9     0.0     9.8     3.9   330.0
SUMMERSIDE  2015   4   8   98     -6.5    -2.3    10.1  -999.9     0.0    14.3     3.2   330.0
SUMMERSIDE  2015   4   9   99     -6.3     1.3    13.8  -999.9     0.0    11.9     3.4   330.0
SUMMERSIDE  2015   4  10  100     -5.6     4.9    16.3  -999.9    19.7    25.6     4.9   330.0
SUMMERSIDE  2015   4  11  101      1.6     7.3    12.1  -999.9     0.0    27.3     6.6   330.0
SUMMERSIDE  2015   4  12  102     -3.2     7.0    16.3  -999.9     0.2    14.7     4.9   330.0
SUMMERSIDE  2015   4  13  103     -4.7     9.2    19.2  -999.9     0.0    17.8     5.2   330.0
SUMMERSIDE  2015   4  14  104      2.7     8.6    12.6  -999.9     2.6    27.3     7.3   330.0
SUMMERSIDE  2015   4  15  105     -5.1     5.6    17.1  -999.9     0.0    17.2     4.3   330.0
SUMMERSIDE  2015   4  16  106     -3.5     2.4    12.8  -999.9     0.0    19.4     4.2   330.0
SUMMERSIDE  2015   4  17  107      1.3     7.5    13.2  -999.9     1.1    24.7     6.6   330.0
SUMMERSIDE  2015   4  18  108     -3.4     3.5    14.1  -999.9     0.0    19.0     4.9   330.0
SUMMERSIDE  2015   4  19  109     -3.1     4.0    14.4  -999.9     0.0     9.8     4.6   330.0
SUMMERSIDE  2015   4  20  110     -3.5     7.5    18.0  -999.9     0.0    12.2     5.2   330.0
SUMMERSIDE  2015   4  21  111      1.7     5.7    11.0  -999.9    17.2    34.4     6.4   330.0
SUMMERSIDE  2015   4  22  112      1.6     5.8    11.3  -999.9     6.3    16.8     7.5   330.0
SUMMERSIDE  2015   4  23  113      0.8     6.8    13.6  -999.9     6.8    15.3     7.3   330.0
SUMMERSIDE  2015   4  24  114      0.8     5.8    12.5  -999.9     0.0    11.8     7.1   330.0
SUMMERSIDE  2015   4  25  115     -1.0     6.7    15.6  -999.9     0.0     7.2     7.0   330.0
SUMMERSIDE  2015   4  26  116     -1.1     4.0    12.8  -999.9     3.4    11.4     6.5   330.0
SUMMERSIDE  2015   4  27  117      0.9     3.0     8.3  -999.9     5.1    25.4     6.7   330.0
SUMMERSIDE  2015   4  28  118     -0.3     1.9     8.5  -999.9    11.7    31.2     6.2   330.0
SUMMERSIDE  2015   4  29  119     -0.6     2.8    10.6  -999.9     4.4    27.8     6.5   330.0
SUMMERSIDE  2015   4  30  120      0.4     2.6     8.6  -999.9     0.4    27.6     6.6   330.0
SUMMERSIDE  2015   5   1  121      0.3     3.8    10.9  -999.9     0.0    14.1     6.7   330.0
SUMMERSIDE  2015   5   2  122      1.0    10.0    17.6  -999.9     0.0     8.6     7.5   330.0
SUMMERSIDE  2015   5   3  123      1.8    10.4    17.3  -999.9     0.0    11.7     8.4   330.0
SUMMERSIDE  2015   5   4  124      3.1    17.8    22.7  -999.9     0.0    24.6    11.5   330.0
SUMMERSIDE  2015   5   5  125      4.9    17.1    20.8  -999.9     0.7    24.8    10.3   330.0
SUMMERSIDE  2015   5   6  126      2.3    14.1    20.6  -999.9     0.0    20.6     6.1   330.0
SUMMERSIDE  2015   5   7  127      2.4    13.4    20.0  -999.9     0.0    22.0     6.3   330.0
SUMMERSIDE  2015   5   8  128      0.3     7.1    15.8  -999.9     0.0    16.9     4.7   330.0
SUMMERSIDE  2015   5   9  129      2.4    14.2    20.9  -999.9     0.2    21.3     7.5   330.0
SUMMERSIDE  2015   5  10  130      5.9    16.9    20.3  -999.9     2.9    12.8    12.3   330.0
SUMMERSIDE  2015   5  11  131      5.9    10.9    13.7  -999.9     0.3    16.2     8.1   330.0
SUMMERSIDE  2015   5  12  132      5.5    13.5    17.4  -999.9     6.0    22.1    10.9   330.0
SUMMERSIDE  2015   5  13  133      3.7    10.4    16.0  -999.9     1.9    21.5     8.6   330.0
SUMMERSIDE  2015   5  14  134      3.5    17.2    23.0  -999.9     0.0    16.9     7.9   330.0
SUMMERSIDE  2015   5  15  135      5.0    22.5    26.1  -999.9     0.0    16.6     9.4   330.0
SUMMERSIDE  2015   5  16  136      7.6    24.0    25.4  -999.9     0.0    15.5     9.5   330.0
SUMMERSIDE  2015   5  17  137      5.4    14.5    19.0  -999.9     0.0    15.1     7.7   330.0
SUMMERSIDE  2015   5  18  138      3.8    19.0    24.6  -999.9     0.0    12.1     8.5   330.0
SUMMERSIDE  2015   5  19  139      7.7    18.4    20.7  -999.9     5.5    26.2    11.2   330.0
SUMMERSIDE  2015   5  20  140      7.9    17.6    19.8  -999.9     0.0    28.2    11.8   330.0
SUMMERSIDE  2015   5  21  141      7.3    20.2    22.9  -999.9     0.0    21.6     9.0   330.0
SUMMERSIDE  2015   5  22  142      6.5    13.0    16.3  -999.9     1.5    18.0     9.5   330.0
SUMMERSIDE  2015   5  23  143      4.3    13.8    19.8  -999.9     0.0    24.0     6.6   330.0
SUMMERSIDE  2015   5  24  144      6.9    22.0    25.0  -999.9     0.0    25.5     9.8   330.0
SUMMERSIDE  2015   5  25  145      7.5    25.2    27.2  -999.9     0.0    23.1    12.0   330.0
SUMMERSIDE  2015   5  26  146     12.1    16.3    13.3  -999.9     7.5    32.3    14.2   330.0
SUMMERSIDE  2015   5  27  147     12.3    25.3    23.4  -999.9     0.0    30.0    17.9   330.0
SUMMERSIDE  2015   5  28  148     13.4    19.6    16.2  -999.9     0.3    32.3    16.6   330.0
SUMMERSIDE  2015   5  29  149     11.5    17.4    15.9  -999.9     0.0    17.0    12.4   330.0
SUMMERSIDE  2015   5  30  150     12.2    22.0    20.5  -999.9     0.0    32.2    15.0   330.0
SUMMERSIDE  2015   5  31  151      6.9    15.9    19.7  -999.9     1.9    23.8    10.9   330.0
SUMMERSIDE  2015   6   1  152      6.5    12.8    16.5  -999.9     0.0    14.9     8.5   330.0
SUMMERSIDE  2015   6   2  153      5.8    10.6    14.4  -999.9     1.2    14.8     7.8   330.0
SUMMERSIDE  2015   6   3  154      5.5     8.3    11.0  -999.9     4.9    29.6     9.1   330.0
SUMMERSIDE  2015   6   4  155      3.5    15.4    22.8  -999.9     0.0    12.0     8.7   330.0
SUMMERSIDE  2015   6   5  156      8.4    20.1    22.6  -999.9     0.0    21.0    12.5   330.0
SUMMERSIDE  2015   6   6  157      5.3    14.1    19.7  -999.9     2.6    19.1    11.0   330.0
SUMMERSIDE  2015   6   7  158      5.1    14.3    20.1  -999.9     0.0    17.3     8.2   330.0
SUMMERSIDE  2015   6   8  159      7.6    20.7    24.1  -999.9     1.0    20.6    10.5   330.0
SUMMERSIDE  2015   6   9  160     12.8    20.4    18.4  -999.9     3.4    24.9    15.8   330.0
SUMMERSIDE  2015   6  10  161     13.7    23.0    20.3  -999.9     4.0    27.9    18.2   330.0
SUMMERSIDE  2015   6  11  162     12.6    24.6    23.1  -999.9     0.6    22.5    17.7   330.0
SUMMERSIDE  2015   6  12  163     14.0    25.8    22.9  -999.9     0.0    18.7    18.2   330.0
SUMMERSIDE  2015   6  13  164     12.0    24.7    23.8  -999.9     7.9    15.1    17.5   330.0
SUMMERSIDE  2015   6  14  165      6.5    14.7    19.2  -999.9     0.0    23.8     9.4   330.0
SUMMERSIDE  2015   6  15  166      7.2    20.7    24.6  -999.9     0.0    11.9    10.6   330.0
SUMMERSIDE  2015   6  16  167     11.9    17.0    15.1  -999.9     6.9    23.9    13.6   330.0
SUMMERSIDE  2015   6  17  168     11.9    21.4    20.6  -999.9     0.5    19.5    13.2   330.0
SUMMERSIDE  2015   6  18  169     10.8    23.7    24.1  -999.9     0.0    18.7    12.8   330.0
SUMMERSIDE  2015   6  19  170      5.7    16.0    21.5  -999.9     8.5    18.2    11.2   330.0
SUMMERSIDE  2015   6  20  171      5.2    20.2    26.0  -999.9     0.0    11.6    10.6   330.0
SUMMERSIDE  2015   6  21  172     10.8    16.7    16.3  -999.9    23.9    17.0    13.3   330.0
SUMMERSIDE  2015   6  22  173     10.9    12.9     9.5  -999.9    19.9    26.1    13.4   330.0
SUMMERSIDE  2015   6  23  174     10.5    17.8    18.1  -999.9     9.0    16.8    14.4   330.0
SUMMERSIDE  2015   6  24  175     11.8    22.5    21.9  -999.9     2.4    19.3    18.6   330.0
SUMMERSIDE  2015   6  25  176     12.5    19.4    17.6  -999.9     0.0    15.6    15.0   330.0
SUMMERSIDE  2015   6  26  177      8.9    14.7    16.1  -999.9     0.0    15.0    11.8   330.0
SUMMERSIDE  2015   6  27  178      5.7    18.9    24.3  -999.9     0.0    10.2    11.4   330.0
SUMMERSIDE  2015   6  28  179     11.6    20.2    19.6  -999.9     6.4    16.2    15.4   330.0
SUMMERSIDE  2015   6  29  180     12.1    18.5    16.9  -999.9     0.5    20.4    16.6   330.0
SUMMERSIDE  2015   6  30  181     12.2    21.8    20.7  -999.9     0.0    15.9    17.7   330.0
SUMMERSIDE  2015   7   1  182     12.7    24.6    23.0  -999.9     0.0    14.9    18.8   330.0
SUMMERSIDE  2015   7   2  183     14.3    22.4    18.9  -999.9     0.0    26.8    18.9   330.0
SUMMERSIDE  2015   7   3  184     13.9    25.0    22.1  -999.9     0.0    17.9    17.6   330.0
SUMMERSIDE  2015   7   4  185     13.4    27.5    24.9  -999.9     0.0    13.2    16.3   330.0
SUMMERSIDE  2015   7   5  186     16.0    25.9    20.8  -999.9     0.0    10.6    18.0   330.0
SUMMERSIDE  2015   7   6  187     13.2    23.4    21.1  -999.9     0.0     8.1    16.8   330.0
SUMMERSIDE  2015   7   7  188     15.6    26.9    22.2  -999.9     0.0    18.5    19.6   330.0
SUMMERSIDE  2015   7   8  189     15.6    25.3    20.5  -999.9     0.0    24.6    20.2   330.0
SUMMERSIDE  2015   7   9  190     13.7    22.3    19.3  -999.9     0.0    10.5    14.5   330.0
SUMMERSIDE  2015   7  10  191     12.1    24.4    23.0  -999.9     0.0     9.2    15.6   330.0
SUMMERSIDE  2015   7  11  192     11.4    24.0    23.2  -999.9     0.0     9.0    16.0   330.0
SUMMERSIDE  2015   7  12  193     15.8    27.1    22.0  -999.9     4.3    16.8    19.7   330.0
SUMMERSIDE  2015   7  13  194     16.1    22.5    16.5  -999.9     0.0    12.7    16.5   330.0
SUMMERSIDE  2015   7  14  195     14.3    28.3    24.3  -999.9     0.0    18.1    17.4   330.0
SUMMERSIDE  2015   7  15  196     13.1    25.5    22.8  -999.9     7.0    20.6    18.6   330.0
SUMMERSIDE  2015   7  16  197     11.5    21.1    20.0  -999.9     0.0    12.7    13.8   330.0
SUMMERSIDE  2015   7  17  198     10.9    20.9    20.4  -999.9     0.0    10.0    13.1   330.0
SUMMERSIDE  2015   7  18  199     14.4    21.9    17.6  -999.9     2.4    13.6    15.5   330.0
SUMMERSIDE  2015   7  19  200     14.5    17.9    11.8  -999.9    11.2    15.1    16.9   330.0
SUMMERSIDE  2015   7  20  201     15.9    19.1    11.4  -999.9     5.8     9.7    19.1   330.0
SUMMERSIDE  2015   7  21  202     16.0    21.4    14.8  -999.9     0.5    11.4    19.8   330.0
SUMMERSIDE  2015   7  22  203     16.0    20.4    13.3  -999.9     0.0    14.8    19.7   330.0
SUMMERSIDE  2015   7  23  204     15.2    20.0    13.8  -999.9     0.0    12.6    19.0   330.0
SUMMERSIDE  2015   7  24  205     13.2    17.2    12.6  -999.9     0.0    19.0    15.2   330.0
SUMMERSIDE  2015   7  25  206     11.8    18.8    16.6  -999.9     0.2     9.5    15.5   330.0
SUMMERSIDE  2015   7  26  207     14.9    21.0    15.4  -999.9     5.4    16.1    19.5   330.0
SUMMERSIDE  2015   7  27  208     15.8    21.7    15.1  -999.9     5.2    18.8    20.9   330.0
SUMMERSIDE  2015   7  28  209     16.8    24.2    16.9  -999.9     0.0    19.8    23.6   330.0
SUMMERSIDE  2015   7  29  210     16.1    22.3    15.4  -999.9     0.0    14.4    21.8   330.0
SUMMERSIDE  2015   7  30  211     14.8    24.4    19.0  -999.9     0.0     9.5    21.6   330.0
SUMMERSIDE  2015   7  31  212     18.3    26.9    17.9  -999.9     3.3    20.3    26.7   330.0
SUMMERSIDE  2015   8   1  213     16.2    27.3    20.3  -999.9     0.0    14.0    24.0   330.0
SUMMERSIDE  2015   8   2  214     16.4    26.8    19.5  -999.9     0.0    16.0    21.9   330.0
SUMMERSIDE  2015   8   3  215     16.6    27.7    20.1  -999.9     0.0    19.9    20.8   330.0
SUMMERSIDE  2015   8   4  216     19.1    28.6    18.5  -999.9    10.2    20.0    25.2   330.0
SUMMERSIDE  2015   8   5  217     17.4    26.5    18.0  -999.9     0.0    18.5    22.4   330.0
SUMMERSIDE  2015   8   6  218     15.7    25.0    18.1  -999.9     0.0    14.9    19.8   330.0
SUMMERSIDE  2015   8   7  219     14.0    22.1    16.8  -999.9     0.0    13.0    17.7   330.0
SUMMERSIDE  2015   8   8  220     13.6    22.0    17.0  -999.9     0.0    18.5    17.4   330.0
SUMMERSIDE  2015   8   9  221     16.7    19.5     9.8  -999.9     0.0    21.4    18.3   330.0
SUMMERSIDE  2015   8  10  222     15.7    22.9    15.6  -999.9     0.0    19.3    18.7   330.0
SUMMERSIDE  2015   8  11  223     14.6    26.3    19.8  -999.9     0.0    19.8    19.4   330.0
SUMMERSIDE  2015   8  12  224     17.7    23.4    13.7  -999.9    14.5    23.2    22.5   330.0
SUMMERSIDE  2015   8  13  225     17.8    26.0    16.4  -999.9     0.0    18.3    23.9   330.0
SUMMERSIDE  2015   8  14  226     15.8    25.9    18.0  -999.9     0.0    17.5    21.1   330.0
SUMMERSIDE  2015   8  15  227     16.8    26.9    17.9  -999.9     0.0    15.9    22.1   330.0
SUMMERSIDE  2015   8  16  228     17.8    29.8    19.4  -999.9     0.0    14.4    24.8   330.0
SUMMERSIDE  2015   8  17  229     19.1    29.2    17.7  -999.9     0.0    20.2    24.4   330.0
SUMMERSIDE  2015   8  18  230     19.5    31.1    18.8  -999.9     0.0    14.4    26.4   330.0
SUMMERSIDE  2015   8  19  231     18.8    30.0    18.4  -999.9     0.0     8.4    25.3   330.0
SUMMERSIDE  2015   8  20  232     19.0    29.1    17.3  -999.9     0.0    15.8    24.4   330.0
SUMMERSIDE  2015   8  21  233     21.9    28.9    14.3  -999.9     1.3    21.5    26.7   330.0
SUMMERSIDE  2015   8  22  234     21.5    28.6    14.3  -999.9     0.6    14.0    27.8   330.0
SUMMERSIDE  2015   8  23  235     19.5    25.8    13.4  -999.9     0.0    13.7    24.2   330.0
SUMMERSIDE  2015   8  24  236     20.3    23.7     9.8  -999.9     2.1    13.8    24.5   330.0
SUMMERSIDE  2015   8  25  237     19.7    25.6    12.8  -999.9     0.0    14.7    25.1   330.0
SUMMERSIDE  2015   8  26  238     17.9    25.5    14.4  -999.9     7.9    20.9    23.0   330.0
SUMMERSIDE  2015   8  27  239     16.4    23.6    13.9  -999.9    54.2    17.3    21.6   330.0
SUMMERSIDE  2015   8  28  240     14.7    24.3    15.9  -999.9     0.0    14.2    18.9   330.0
SUMMERSIDE  2015   8  29  241     15.2    24.8    15.8  -999.9     0.0    13.6    19.0   330.0
SUMMERSIDE  2015   8  30  242     17.9    25.6    14.0  -999.9     0.0    14.7    18.8   330.0
SUMMERSIDE  2015   8  31  243     16.7    26.0    15.3  -999.9    15.1    19.6    18.3   330.0
SUMMERSIDE  2015   9   1  244      9.5    16.7    13.3  -999.9     0.2    20.7    10.4   330.0
SUMMERSIDE  2015   9   2  245     10.7    25.6    19.0  -999.9     0.0    14.3    14.7   330.0
SUMMERSIDE  2015   9   3  246      9.8    23.7    18.2  -999.9     0.0    15.3    12.9   330.0
SUMMERSIDE  2015   9   4  247      7.8    17.7    15.2  -999.9     0.0    11.4    10.4   330.0
SUMMERSIDE  2015   9   5  248      7.7    26.7    20.9  -999.9     0.0    14.6    12.9   330.0
SUMMERSIDE  2015   9   6  249     13.5    26.2    17.0  -999.9     0.0    10.9    16.7   330.0
SUMMERSIDE  2015   9   7  250     17.3    26.6    14.4  -999.9     0.0    27.3    19.9   330.0
SUMMERSIDE  2015   9   8  251     15.0    21.2    11.6  -999.9     0.0    17.5    17.1   330.0
SUMMERSIDE  2015   9   9  252     14.4    23.2    13.7  -999.9     0.0    19.6    16.7   330.0
SUMMERSIDE  2015   9  10  253     17.5    25.4    12.9  -999.9     0.0    15.2    15.6   330.0
SUMMERSIDE  2015   9  11  254     15.2    21.6    11.5  -999.9    54.9    18.4    17.8   330.0
SUMMERSIDE  2015   9  12  255     10.9    19.2    12.9  -999.9     0.2    17.3    13.6   330.0
SUMMERSIDE  2015   9  13  256     10.9    19.0    12.7  -999.9     0.0     6.5    11.7   330.0
SUMMERSIDE  2015   9  14  257     15.4    24.6    13.4  -999.9     5.4    20.8    15.7   330.0
SUMMERSIDE  2015   9  15  258     12.0    20.6    12.8  -999.9     0.0    12.1    11.8   330.0
SUMMERSIDE  2015   9  16  259     11.0    20.7    13.4  -999.9     0.0    14.0    11.7   330.0
SUMMERSIDE  2015   9  17  260     15.3    28.7    15.6  -999.9     0.1    19.4    16.5   330.0
SUMMERSIDE  2015   9  18  261     17.1    27.9    13.9  -999.9     0.0    12.5    16.5   330.0
SUMMERSIDE  2015   9  19  262     17.0    26.0    12.5  -999.9     0.0    21.3    16.4   330.0
SUMMERSIDE  2015   9  20  263      8.9    25.0    16.6  -999.9     3.0    21.4    14.4   330.0
SUMMERSIDE  2015   9  21  264      6.6    18.6    14.2  -999.9     0.0     9.9    10.0   330.0
SUMMERSIDE  2015   9  22  265      5.8    19.1    14.7  -999.9     0.0     5.5    11.4   330.0
SUMMERSIDE  2015   9  23  266     11.5    23.2    13.7  -999.9     0.0    11.9    14.4   330.0
SUMMERSIDE  2015   9  24  267      7.8    19.5    13.5  -999.9     0.0    13.0    10.3   330.0
SUMMERSIDE  2015   9  25  268      5.5    16.0    12.6  -999.9     0.0     9.7     8.1   330.0
SUMMERSIDE  2015   9  26  269      4.0    14.3    12.4  -999.9     0.0    11.2     7.7   330.0
SUMMERSIDE  2015   9  27  270      7.8    20.9    13.8  -999.9     0.0    23.6    10.7   330.0
SUMMERSIDE  2015   9  28  271     13.5    22.0    11.0  -999.9     0.0    29.0    14.3   330.0
SUMMERSIDE  2015   9  29  272     16.7    23.6     9.8  -999.9     0.0    29.7    19.5   330.0
SUMMERSIDE  2015   9  30  273     14.7    21.1     9.3  -999.9    75.8    22.5    16.9   330.0
SUMMERSIDE  2015  10   1  274      9.8    17.6    10.1  -999.9     4.8    34.6    13.0   330.0
SUMMERSIDE  2015  10   2  275      9.1    12.2     6.3  -999.9     2.2    30.6    10.6   330.0
SUMMERSIDE  2015  10   3  276      4.7    11.9     9.5  -999.9     2.4    31.0     8.3   330.0
SUMMERSIDE  2015  10   4  277      3.4    14.7    11.8  -999.9     0.0    13.2     8.8   330.0
SUMMERSIDE  2015  10   5  278      2.5    16.6    13.0  -999.9     0.2     5.8     9.3   330.0
SUMMERSIDE  2015  10   6  279      5.3    15.7    11.0  -999.9     0.0     5.5    10.9   330.0
SUMMERSIDE  2015  10   7  280      4.8    17.3    11.9  -999.9     0.0     9.8    10.1   330.0
SUMMERSIDE  2015  10   8  281      4.4    13.1     9.8  -999.9     0.0    13.7     7.9   330.0
SUMMERSIDE  2015  10   9  282      3.4    12.1     9.7  -999.9    11.3    10.5     7.2   330.0
SUMMERSIDE  2015  10  10  283      1.1    11.9    10.6  -999.9     0.7    24.5     5.9   330.0
SUMMERSIDE  2015  10  11  284      3.6    12.5     9.5  -999.9     0.5    16.8     7.4   330.0
SUMMERSIDE  2015  10  12  285     11.1    17.4     7.9  -999.9     0.0    13.6    12.2   330.0
SUMMERSIDE  2015  10  13  286     11.5    18.9     8.5  -999.9    23.2    18.1    13.5   330.0
SUMMERSIDE  2015  10  14  287     10.9    18.5     8.4  -999.9     0.3    26.8    11.8   330.0
SUMMERSIDE  2015  10  15  288      5.9    11.9     7.4  -999.9     0.2    12.4     7.3   330.0
SUMMERSIDE  2015  10  16  289      4.8    15.1     9.6  -999.9     3.8    22.9     9.2   330.0
SUMMERSIDE  2015  10  17  290      1.7     9.2     8.1  -999.9     2.8    11.3     6.1   330.0
SUMMERSIDE  2015  10  18  291      0.5     7.4     7.6  -999.9     0.5    17.1     5.7   330.0
SUMMERSIDE  2015  10  19  292     -2.5     5.1     7.9  -999.9     0.2    16.6     4.7   330.0
SUMMERSIDE  2015  10  20  293      4.1    13.3     8.6  -999.9     0.0    23.9     6.9   330.0
SUMMERSIDE  2015  10  21  294     -2.3     8.5     9.1  -999.9     0.0    15.0     4.3   330.0
SUMMERSIDE  2015  10  22  295     -1.9    12.5    10.4  -999.9     6.3    17.4     7.2   330.0
SUMMERSIDE  2015  10  23  296      5.2    12.2     7.2  -999.9     0.7    21.2     8.8   330.0
SUMMERSIDE  2015  10  24  297      2.5     8.2     6.4  -999.9     0.2    14.8     6.5   330.0
SUMMERSIDE  2015  10  25  298      6.5    13.5     7.0  -999.9     0.2    28.8     9.1   330.0
SUMMERSIDE  2015  10  26  299     -2.6     7.9     8.4  -999.9     0.2    17.2     5.1   330.0
SUMMERSIDE  2015  10  27  300     -2.8     7.2     8.1  -999.9     0.0    16.9     4.4   330.0
SUMMERSIDE  2015  10  28  301     -1.6     8.7     8.1  -999.9     0.0    11.7     4.8   330.0
SUMMERSIDE  2015  10  29  302      6.5    16.6     7.9  -999.9    20.2    31.4    11.7   330.0
SUMMERSIDE  2015  10  30  303      3.0    11.6     7.2  -999.9     0.0    35.1     5.4   330.0
SUMMERSIDE  2015  10  31  304      2.2     7.9     5.8  -999.9     0.0    19.6     5.2   330.0
SUMMERSIDE  2015  11   1  305      2.1    10.1     6.7  -999.9     8.9    14.6     7.9   330.0
SUMMERSIDE  2015  11   2  306      3.7    10.0     5.9  -999.9     0.2    16.9     8.2   330.0
SUMMERSIDE  2015  11   3  307      1.5     5.6     4.7  -999.9     0.2     6.8     7.0   330.0
SUMMERSIDE  2015  11   4  308      2.3     8.8     5.8  -999.9     0.1     9.5     6.9   330.0
SUMMERSIDE  2015  11   5  309      2.2     6.9     4.9  -999.9     0.0     8.9     6.6   330.0
SUMMERSIDE  2015  11   6  310      6.2    15.9     6.9  -999.9     0.0    22.6    10.2   330.0
SUMMERSIDE  2015  11   7  311      4.5    15.9     7.4  -999.9     0.0    31.5     6.5   330.0
SUMMERSIDE  2015  11   8  312      1.2     5.6     4.5  -999.9     0.0    27.8     4.0   330.0
SUMMERSIDE  2015  11   9  313      1.4    10.5     6.4  -999.9     0.0    19.7     6.1   330.0
SUMMERSIDE  2015  11  10  314      1.3    13.3     7.3  -999.9     0.0    16.0     7.9   330.0
SUMMERSIDE  2015  11  11  315     -1.2     8.5     6.5  -999.9     0.0    16.3     6.7   330.0
SUMMERSIDE  2015  11  12  316     -0.9     8.8     6.4  -999.9     0.0     7.6     6.7   330.0
SUMMERSIDE  2015  11  13  317      5.0    12.2     5.4  -999.9     5.7    19.6    10.0   330.0
SUMMERSIDE  2015  11  14  318      3.4     8.5     4.5  -999.9     4.1    16.9     8.0   330.0
SUMMERSIDE  2015  11  15  319      2.9     6.1     3.5  -999.9     0.2    22.9     6.2   330.0
SUMMERSIDE  2015  11  16  320      0.8     6.6     4.7  -999.9     4.1    19.4     6.0   330.0
SUMMERSIDE  2015  11  17  321      0.5     2.9     3.0  -999.9     0.4    21.3     5.0   330.0
SUMMERSIDE  2015  11  18  322      0.4     2.0     2.4  -999.9     0.0    12.3     5.0   330.0
SUMMERSIDE  2015  11  19  323     -1.1     4.9     4.6  -999.9     0.0    13.2     5.2   330.0
SUMMERSIDE  2015  11  20  324      4.8     7.9     3.3  -999.9     0.2    25.8     7.0   330.0
SUMMERSIDE  2015  11  21  325      4.7     7.5     3.1  -999.9     3.9    15.9     7.9   330.0
SUMMERSIDE  2015  11  22  326      7.0    13.0     4.4  -999.9    14.8    22.2    10.0   330.0
SUMMERSIDE  2015  11  23  327      0.1     7.0     4.7  -999.9    68.7    22.5     6.7   330.0
SUMMERSIDE  2015  11  24  328     -2.8     0.1     3.0  -999.9     0.2    22.2     4.0   330.0
SUMMERSIDE  2015  11  25  329     -4.3    -0.7     3.3  -999.9     0.0    14.7     3.3   330.0
SUMMERSIDE  2015  11  26  330     -5.2     6.7     6.0  -999.9     0.0    25.9     4.5   330.0
SUMMERSIDE  2015  11  27  331      5.3    11.9     4.4  -999.9     5.6    36.6     8.1   330.0
SUMMERSIDE  2015  11  28  332     -1.3     5.3     4.4  -999.9     4.7    21.8     5.5   330.0
SUMMERSIDE  2015  11  29  333     -2.9    -0.6     2.6  -999.9     0.4    17.8     3.5   330.0
SUMMERSIDE  2015  11  30  334     -6.1    -3.3     2.8  -999.9     0.2    19.7     2.5   330.0
SUMMERSIDE  2015  12   1  335     -5.1     1.3     4.2  -999.9     0.0    16.8     3.5   330.0
SUMMERSIDE  2015  12   2  336      0.6     6.8     4.1  -999.9    15.9    13.4     7.0   330.0
SUMMERSIDE  2015  12   3  337     -0.1     6.8     4.3  -999.9    13.9    28.0     7.1   330.0
SUMMERSIDE  2015  12   4  338     -3.6    -0.1     3.0  -999.9     0.4    28.0     4.8   330.0
SUMMERSIDE  2015  12   5  339     -2.1     1.0     2.8  -999.9     0.0    11.3     5.1   330.0
SUMMERSIDE  2015  12   6  340      0.6     5.1     3.4  -999.9     0.0    24.3     6.3   330.0
SUMMERSIDE  2015  12   7  341     -1.1     4.6     3.8  -999.9     0.0    18.1     5.2   330.0
SUMMERSIDE  2015  12   8  342     -3.8     2.5     4.0  -999.9     0.0     9.6     4.7   330.0
SUMMERSIDE  2015  12   9  343      0.1     3.5     2.9  -999.9     0.7     9.1     6.1   330.0
SUMMERSIDE  2015  12  10  344      0.9     4.3     2.9  -999.9     0.0    17.0     6.2   330.0
SUMMERSIDE  2015  12  11  345      3.2    10.3     4.2  -999.9     1.8    18.7     8.4   330.0
SUMMERSIDE  2015  12  12  346      3.6     9.3     3.7  -999.9     0.0    19.3     7.8   330.0
SUMMERSIDE  2015  12  13  347     -1.0     3.8     3.4  -999.9     0.0    20.7     4.6   330.0
SUMMERSIDE  2015  12  14  348     -1.0     1.0     2.2  -999.9     0.6     8.1     4.8   330.0
SUMMERSIDE  2015  12  15  349     -1.3     0.7     2.2  -999.9    32.4    31.2     5.2   330.0
SUMMERSIDE  2015  12  16  350     -2.3     0.5     2.6  -999.9     0.5    26.2     5.1   330.0
SUMMERSIDE  2015  12  17  351     -1.9     2.8     3.3  -999.9     3.7    13.8     5.1   330.0
SUMMERSIDE  2015  12  18  352      0.9     5.4     3.3  -999.9    10.5    17.2     7.0   330.0
SUMMERSIDE  2015  12  19  353     -3.1     1.5     3.3  -999.9     4.4    25.8     4.3   330.0
SUMMERSIDE  2015  12  20  354     -6.4    -2.6     3.0  -999.9     0.0    33.0     2.5   330.0
SUMMERSIDE  2015  12  21  355     -5.3     1.6     4.0  -999.9     3.0    12.2     3.9   330.0
SUMMERSIDE  2015  12  22  356     -4.5     0.4     3.4  -999.9    16.9    16.9     4.7   330.0
SUMMERSIDE  2015  12  23  357      0.1     1.2     1.6  -999.9     0.6     8.5     5.9   330.0
SUMMERSIDE  2015  12  24  358      0.8     8.3     4.2  -999.9     8.9    27.0     7.6   330.0
SUMMERSIDE  2015  12  25  359     -0.4     7.9     4.4  -999.9     0.0    15.2     5.9   330.0
SUMMERSIDE  2015  12  26  360     -1.2     3.1     3.2  -999.9     0.0    15.1     4.5   330.0
SUMMERSIDE  2015  12  27  361     -4.6     0.3     3.4  -999.9    11.1    12.2     4.2   330.0
SUMMERSIDE  2015  12  28  362    -11.6    -3.0     4.6  -999.9     1.6    25.8     2.7   330.0
SUMMERSIDE  2015  12  29  363    -11.5    -5.0     4.0  -999.9     2.9    12.5     2.7   330.0
SUMMERSIDE  2015  12  30  364     -5.4    -2.5     2.7  -999.9     0.0    15.0     3.6   330.0
SUMMERSIDE  2015  12  31  365     -3.1     1.6     3.4  -999.9     1.4    18.0     5.2   330.0
