SUMMERSIDE_A  1986   1   1    1     -9.7     3.9     5.8  -999.9     0.4    21.2     4.2   330.0
SUMMERSIDE_A  1986   1   2    2    -13.3    -3.7     4.9  -999.9     0.6    18.5     2.4   330.0
SUMMERSIDE_A  1986   1   3    3    -12.3    -2.9     4.9  -999.9     8.2    19.9     2.7   330.0
SUMMERSIDE_A  1986   1   4    4    -13.9    -2.1     5.5  -999.9    15.0    52.0     3.0   330.0
SUMMERSIDE_A  1986   1   5    5    -16.9    -3.4     5.9  -999.9    15.6    19.0     2.3   330.0
SUMMERSIDE_A  1986   1   6    6    -11.4    -3.2     4.7  -999.9     1.0    41.3     2.9   330.0
SUMMERSIDE_A  1986   1   7    7    -16.0   -11.2     3.6  -999.9     0.0    46.4     1.5   330.0
SUMMERSIDE_A  1986   1   8    8    -16.0    -7.7     4.8  -999.9     0.0    20.7     1.8   330.0
SUMMERSIDE_A  1986   1   9    9    -16.0    -4.5     5.7  -999.9     7.4    25.6     2.1   330.0
SUMMERSIDE_A  1986   1  10   10     -5.4     0.6     4.1  -999.9     1.2    16.0     4.4   330.0
SUMMERSIDE_A  1986   1  11   11    -15.5    -5.1     5.5  -999.9     0.0    11.6     2.1   330.0
SUMMERSIDE_A  1986   1  12   12    -14.6     2.6     7.1  -999.9     0.2    32.3     3.0   330.0
SUMMERSIDE_A  1986   1  13   13     -5.3     4.1     5.3  -999.9     0.6    19.7     5.4   330.0
SUMMERSIDE_A  1986   1  14   14    -21.8    -5.0     7.2  -999.9     7.4    43.6     1.8   330.0
SUMMERSIDE_A  1986   1  15   15    -25.7   -16.4     5.4  -999.9     0.0    27.8     0.8   330.0
SUMMERSIDE_A  1986   1  16   16    -17.2   -10.6     4.6  -999.9     0.0    38.7     1.6   330.0
SUMMERSIDE_A  1986   1  17   17    -13.2     2.4     7.1  -999.9     0.0    20.2     3.2   330.0
SUMMERSIDE_A  1986   1  18   18      0.0     5.3     4.2  -999.9     0.4    20.4     6.5   330.0
SUMMERSIDE_A  1986   1  19   19     -2.9     5.0     5.2  -999.9     4.2    13.0     5.5   330.0
SUMMERSIDE_A  1986   1  20   20      0.1     8.8     5.5  -999.9    20.4    21.0     8.3   330.0
SUMMERSIDE_A  1986   1  21   21     -5.8     0.8     4.9  -999.9    10.2    17.4     4.7   330.0
SUMMERSIDE_A  1986   1  22   22     -6.0     0.7     5.0  -999.9     1.0    17.4     4.1   330.0
SUMMERSIDE_A  1986   1  23   23    -15.3     2.6     8.2  -999.9     6.8    28.8     3.0   330.0
SUMMERSIDE_A  1986   1  24   24    -19.9   -15.2     4.3  -999.9     0.0    24.5     1.1   330.0
SUMMERSIDE_A  1986   1  25   25    -20.3    -9.0     6.7  -999.9     0.0    11.1     1.4   330.0
SUMMERSIDE_A  1986   1  26   26     -9.1     5.8     7.8  -999.9     0.0    33.9     4.8   330.0
SUMMERSIDE_A  1986   1  27   27      5.5    11.8     5.1  -999.9     4.0    32.6    10.8   330.0
SUMMERSIDE_A  1986   1  28   28    -10.9    10.6     9.6  -999.9     0.4    37.9     5.2   330.0
SUMMERSIDE_A  1986   1  29   29    -12.8    -5.8     5.5  -999.9     0.0    32.8     1.9   330.0
SUMMERSIDE_A  1986   1  30   30    -14.2    -7.7     5.4  -999.9     2.2     9.0     2.1   330.0
SUMMERSIDE_A  1986   1  31   31    -15.8    -8.5     5.8  -999.9     0.0    20.9     1.9   330.0
SUMMERSIDE_A  1986   2   1   32    -17.2   -11.4     5.2  -999.9     0.0    17.4     1.4   330.0
SUMMERSIDE_A  1986   2   2   33    -13.6    -3.8     6.9  -999.9     9.0    17.5     2.7   330.0
SUMMERSIDE_A  1986   2   3   34    -14.4    -4.1     7.2  -999.9     0.0    29.7     2.3   330.0
SUMMERSIDE_A  1986   2   4   35    -17.8   -13.5     4.7  -999.9     0.0    15.2     1.3   330.0
SUMMERSIDE_A  1986   2   5   36    -14.7    -4.8     7.2  -999.9     5.6    16.8     2.7   330.0
SUMMERSIDE_A  1986   2   6   37    -14.7    -5.9     6.9  -999.9     1.6    34.1     2.3   330.0
SUMMERSIDE_A  1986   2   7   38    -15.7    -6.9     7.0  -999.9     0.0    30.9     1.7   330.0
SUMMERSIDE_A  1986   2   8   39    -12.7    -3.0     7.5  -999.9     0.0    34.5     2.0   330.0
SUMMERSIDE_A  1986   2   9   40     -9.7    -2.1     6.7  -999.9     0.0    36.2     2.3   330.0
SUMMERSIDE_A  1986   2  10   41    -10.0    -2.1     7.0  -999.9     0.0    25.0     2.5   330.0
SUMMERSIDE_A  1986   2  11   42    -10.2    -3.0     6.7  -999.9     0.0     9.0     2.6   330.0
SUMMERSIDE_A  1986   2  12   43    -10.8    -5.8     5.7  -999.9     0.0    15.9     2.5   330.0
SUMMERSIDE_A  1986   2  13   44    -13.8    -6.8     6.8  -999.9     0.0    10.8     2.1   330.0
SUMMERSIDE_A  1986   2  14   45    -16.0    -5.8     8.4  -999.9     0.2    12.5     1.8   330.0
SUMMERSIDE_A  1986   2  15   46     -7.2    -2.5     5.8  -999.9     6.8    19.1     3.9   330.0
SUMMERSIDE_A  1986   2  16   47    -10.5    -4.2     6.8  -999.9     0.8    25.3     3.1   330.0
SUMMERSIDE_A  1986   2  17   48    -13.1    -6.7     6.9  -999.9     0.0    21.0     2.1   330.0
SUMMERSIDE_A  1986   2  18   49    -14.7    -3.5     9.3  -999.9     0.0     3.9     2.2   330.0
SUMMERSIDE_A  1986   2  19   50    -12.8    -4.4     8.1  -999.9     0.0    14.7     2.8   330.0
SUMMERSIDE_A  1986   2  20   51     -8.6     0.3     8.5  -999.9     0.0     8.9     4.1   330.0
SUMMERSIDE_A  1986   2  21   52     -6.4     2.1     8.4  -999.9     1.4     8.4     4.8   330.0
SUMMERSIDE_A  1986   2  22   53     -7.2    -0.4     7.6  -999.9     6.0    39.7     4.5   330.0
SUMMERSIDE_A  1986   2  23   54     -6.8    -3.5     5.4  -999.9     1.0    35.0     4.0   330.0
SUMMERSIDE_A  1986   2  24   55     -7.2    -1.4     7.3  -999.9     0.0    12.2     4.1   330.0
SUMMERSIDE_A  1986   2  25   56     -7.9    -0.6     8.3  -999.9     2.2     8.1     4.1   330.0
SUMMERSIDE_A  1986   2  26   57    -10.1    -3.5     8.0  -999.9     7.2    35.5     3.5   330.0
SUMMERSIDE_A  1986   2  27   58    -12.4    -2.3    10.0  -999.9     0.0    33.8     2.9   330.0
SUMMERSIDE_A  1986   2  28   59    -12.2    -4.7     8.7  -999.9     0.0    23.0     2.5   330.0
SUMMERSIDE_A  1986   3   1   60     -8.1     0.9     9.7  -999.9     0.0    19.5     3.9   330.0
SUMMERSIDE_A  1986   3   2   61     -9.6    -2.4     8.8  -999.9     0.0    13.9     3.4   330.0
SUMMERSIDE_A  1986   3   3   62     -8.5     2.0    10.7  -999.9     0.0    19.1     3.6   330.0
SUMMERSIDE_A  1986   3   4   63     -8.6     3.2    11.5  -999.9     0.0    14.8     4.0   330.0
SUMMERSIDE_A  1986   3   5   64     -4.1     4.0     9.7  -999.9     0.0    16.3     5.0   330.0
SUMMERSIDE_A  1986   3   6   65    -11.7    -1.5    11.0  -999.9     0.0    19.0     2.6   330.0
SUMMERSIDE_A  1986   3   7   66    -11.8    -4.4     9.5  -999.9    14.6    32.6     2.8   330.0
SUMMERSIDE_A  1986   3   8   67    -12.6    -5.7     9.3  -999.9     1.0    32.0     2.4   330.0
SUMMERSIDE_A  1986   3   9   68    -15.3    -5.2    11.4  -999.9     0.0    21.6     1.9   330.0
SUMMERSIDE_A  1986   3  10   69    -18.2   -12.6     8.6  -999.9    10.7    11.3     1.4   330.0
SUMMERSIDE_A  1986   3  11   70    -12.9     4.0    15.1  -999.9     3.8    26.1     4.0   330.0
SUMMERSIDE_A  1986   3  12   71    -14.0    -3.9    11.8  -999.9     0.0    19.5     2.3   330.0
SUMMERSIDE_A  1986   3  13   72    -17.8    -0.8    15.5  -999.9     0.0    11.5     2.4   330.0
SUMMERSIDE_A  1986   3  14   73     -3.6    -0.4     6.8  -999.9     0.0    11.5     4.6   330.0
SUMMERSIDE_A  1986   3  15   74     -5.9    -1.3     8.3  -999.9    18.1    29.2     4.6   330.0
SUMMERSIDE_A  1986   3  16   75     -9.3    -2.0    10.5  -999.9     0.6     3.5     3.6   330.0
SUMMERSIDE_A  1986   3  17   76     -7.7    -0.8    10.4  -999.9     0.2     4.2     4.2   330.0
SUMMERSIDE_A  1986   3  18   77     -8.0     3.7    13.7  -999.9     0.0    19.8     4.7   330.0
SUMMERSIDE_A  1986   3  19   78     -2.0     5.9    11.4  -999.9    10.8    39.8     6.4   330.0
SUMMERSIDE_A  1986   3  20   79    -13.5     5.1    17.6  -999.9     0.0    37.8     3.1   330.0
SUMMERSIDE_A  1986   3  21   80    -15.6    -5.6    13.1  -999.9     0.0    27.3     1.6   330.0
SUMMERSIDE_A  1986   3  22   81    -12.0     0.4    14.7  -999.9     0.0    20.9     2.6   330.0
SUMMERSIDE_A  1986   3  23   82     -7.4     3.4    13.9  -999.9     0.0    22.2     3.8   330.0
SUMMERSIDE_A  1986   3  24   83     -7.9     4.0    14.7  -999.9     0.0    28.2     4.0   330.0
SUMMERSIDE_A  1986   3  25   84     -9.8    -1.2    12.7  -999.9     0.6    25.2     2.6   330.0
SUMMERSIDE_A  1986   3  26   85     -3.0     7.0    13.8  -999.9     0.0    42.3     6.0   330.0
SUMMERSIDE_A  1986   3  27   86     -2.1     6.5    12.9  -999.9     9.2    30.9     6.6   330.0
SUMMERSIDE_A  1986   3  28   87     -8.7    -2.1    11.4  -999.9     8.2    36.6     3.8   330.0
SUMMERSIDE_A  1986   3  29   88     -7.0     5.5    15.9  -999.9     1.6    29.5     5.1   330.0
SUMMERSIDE_A  1986   3  30   89      0.3    12.0    15.6  -999.9     0.6    17.8     7.6   330.0
SUMMERSIDE_A  1986   3  31   90      2.7    12.6    14.4  -999.9     0.6    28.8     6.4   330.0
SUMMERSIDE_A  1986   4   1   91      1.0    10.6    14.4  -999.9     0.0    24.2     4.6   330.0
SUMMERSIDE_A  1986   4   2   92      1.0    14.9    17.5  -999.9     0.0    22.3     7.3   330.0
SUMMERSIDE_A  1986   4   3   93     -2.1     6.4    13.8  -999.9     0.0    23.8     4.2   330.0
SUMMERSIDE_A  1986   4   4   94     -3.4     8.4    16.4  -999.9     0.0    13.7     4.4   330.0
SUMMERSIDE_A  1986   4   5   95     -5.6    -0.7    10.7  -999.9     0.0    17.9     2.9   330.0
SUMMERSIDE_A  1986   4   6   96     -6.6     3.5    15.4  -999.9     0.0     8.0     3.3   330.0
SUMMERSIDE_A  1986   4   7   97     -3.7     5.7    15.0  -999.9     5.0    23.3     4.4   330.0
SUMMERSIDE_A  1986   4   8   98     -3.5     1.5    11.1  -999.9     8.6    19.1     5.2   330.0
SUMMERSIDE_A  1986   4   9   99      1.1     3.9     8.3  -999.9    21.2    20.2     6.7   330.0
SUMMERSIDE_A  1986   4  10  100      0.6     4.4     9.8  -999.9    13.0    22.0     6.5   330.0
SUMMERSIDE_A  1986   4  11  101      0.0     5.1    11.5  -999.9     3.0    11.8     6.8   330.0
SUMMERSIDE_A  1986   4  12  102      0.6     6.7    12.6  -999.9    13.8    18.4     7.4   330.0
SUMMERSIDE_A  1986   4  13  103      0.3    10.0    16.1  -999.9     0.0    16.8     7.2   330.0
SUMMERSIDE_A  1986   4  14  104      0.3    12.6    18.2  -999.9     0.0    10.5     6.1   330.0
SUMMERSIDE_A  1986   4  15  105     -1.6     4.5    12.9  -999.9     0.0    15.8     6.0   330.0
SUMMERSIDE_A  1986   4  16  106      1.0     3.6     8.5  -999.9    13.4    39.8     6.7   330.0
SUMMERSIDE_A  1986   4  17  107     -1.0     5.2    13.2  -999.9     5.4    34.0     6.0   330.0
SUMMERSIDE_A  1986   4  18  108     -2.2     3.8    13.1  -999.9     0.0    14.8     5.0   330.0
SUMMERSIDE_A  1986   4  19  109     -2.0     3.3    12.4  -999.9     0.0    17.3     4.7   330.0
SUMMERSIDE_A  1986   4  20  110     -1.0     5.9    14.3  -999.9     1.0    10.0     6.3   330.0
SUMMERSIDE_A  1986   4  21  111      2.6    13.1    17.7  -999.9     0.0     7.8     8.8   330.0
SUMMERSIDE_A  1986   4  22  112      5.7    13.1    15.0  -999.9     5.4    24.7    10.8   330.0
SUMMERSIDE_A  1986   4  23  113      1.2     5.9    12.0  -999.9    22.4    26.9     7.4   330.0
SUMMERSIDE_A  1986   4  24  114      1.5     4.0     8.8  -999.9     1.8    22.6     7.3   330.0
SUMMERSIDE_A  1986   4  25  115      2.0     9.5    15.4  -999.9     1.4    12.8     8.9   330.0
SUMMERSIDE_A  1986   4  26  116      4.3    12.0    15.7  -999.9     2.4    13.8    10.1   330.0
SUMMERSIDE_A  1986   4  27  117      3.0     6.5    10.7  -999.9     0.2    14.1     8.2   330.0
SUMMERSIDE_A  1986   4  28  118      2.7    11.5    17.0  -999.9     0.2     6.2     9.3   330.0
SUMMERSIDE_A  1986   4  29  119      1.7     7.1    13.4  -999.9     0.0    17.3     7.8   330.0
SUMMERSIDE_A  1986   4  30  120      1.6    11.8    18.5  -999.9     0.0    11.8     8.5   330.0
SUMMERSIDE_A  1986   5   1  121      6.5    17.8    19.6  -999.9     0.0    19.3    11.6   330.0
SUMMERSIDE_A  1986   5   2  122      4.2    12.7    17.1  -999.9     0.4    26.7     9.2   330.0
SUMMERSIDE_A  1986   5   3  123     -0.2     4.6    12.9  -999.9     0.0    19.3     4.4   330.0
SUMMERSIDE_A  1986   5   4  124     -1.3     5.3    15.2  -999.9     0.0    11.5     4.3   330.0
SUMMERSIDE_A  1986   5   5  125     -0.4    11.6    20.7  -999.9     1.2    16.0     5.3   330.0
SUMMERSIDE_A  1986   5   6  126      2.1     9.2    16.0  -999.9     1.0     6.4     6.2   330.0
SUMMERSIDE_A  1986   5   7  127      2.1    10.5    17.5  -999.9     0.0    15.8     6.0   330.0
SUMMERSIDE_A  1986   5   8  128      2.1     6.7    13.0  -999.9     0.0    31.1     6.7   330.0
SUMMERSIDE_A  1986   5   9  129      2.0     8.9    16.0  -999.9     0.0    19.4     6.2   330.0
SUMMERSIDE_A  1986   5  10  130      0.7    14.8    22.9  -999.9     0.0    11.4     5.7   330.0
SUMMERSIDE_A  1986   5  11  131      1.8     8.8    16.2  -999.9     0.0    30.5     6.7   330.0
SUMMERSIDE_A  1986   5  12  132      4.0     5.8     8.3  -999.9     0.0    42.3     6.7   330.0
SUMMERSIDE_A  1986   5  13  133      1.9     8.3    15.7  -999.9     0.0    22.5     6.4   330.0
SUMMERSIDE_A  1986   5  14  134      1.6    20.4    27.0  -999.9     0.0     5.2     5.6   330.0
SUMMERSIDE_A  1986   5  15  135      6.4    24.2    26.3  -999.9     0.0    19.0     6.8   330.0
SUMMERSIDE_A  1986   5  16  136      6.8    20.5    23.2  -999.9     0.0    26.5     7.6   330.0
SUMMERSIDE_A  1986   5  17  137      8.1    18.1    19.9  -999.9     0.0    23.9    11.9   330.0
SUMMERSIDE_A  1986   5  18  138     11.6    23.0    21.3  -999.9     0.0    24.5    16.4   330.0
SUMMERSIDE_A  1986   5  19  139      7.2    24.8    26.6  -999.9     0.0    25.6    15.3   330.0
SUMMERSIDE_A  1986   5  20  140      5.2     7.7    10.1  -999.9     0.0    25.5     8.7   330.0
SUMMERSIDE_A  1986   5  21  141      5.1    12.1    16.9  -999.9     0.0     9.5     9.8   330.0
SUMMERSIDE_A  1986   5  22  142      7.0    17.9    21.1  -999.9     1.2     8.5    12.9   330.0
SUMMERSIDE_A  1986   5  23  143      7.4    10.2    10.7  -999.9    12.2    18.7    10.8   330.0
SUMMERSIDE_A  1986   5  24  144      7.7    12.4    14.0  -999.9    37.2    17.0    12.0   330.0
SUMMERSIDE_A  1986   5  25  145      5.5    10.9    15.0  -999.9     4.4    27.7     9.2   330.0
SUMMERSIDE_A  1986   5  26  146      5.4    11.9    16.5  -999.9     0.0    12.0     8.1   330.0
SUMMERSIDE_A  1986   5  27  147      5.3    18.3    23.4  -999.9     0.0    16.2     9.1   330.0
SUMMERSIDE_A  1986   5  28  148      6.4    17.2    21.4  -999.9     0.2    23.7    11.3   330.0
SUMMERSIDE_A  1986   5  29  149      3.3    15.0    22.3  -999.9     0.0    12.9     8.4   330.0
SUMMERSIDE_A  1986   5  30  150      8.5    22.4    24.4  -999.9     0.0    17.9    11.8   330.0
SUMMERSIDE_A  1986   5  31  151      8.5    16.2    18.2  -999.9     4.2     9.8    10.5   330.0
SUMMERSIDE_A  1986   6   1  152      7.7    16.8    19.8  -999.9     2.0    18.3    12.0   330.0
SUMMERSIDE_A  1986   6   2  153      6.1    10.6    14.0  -999.9     7.0    15.8     9.8   330.0
SUMMERSIDE_A  1986   6   3  154      5.2    13.0    18.4  -999.9     2.6    18.0     8.4   330.0
SUMMERSIDE_A  1986   6   4  155      6.0    15.8    20.7  -999.9     0.0    31.9     9.5   330.0
SUMMERSIDE_A  1986   6   5  156      8.4    17.8    20.3  -999.9     3.0    14.5    13.3   330.0
SUMMERSIDE_A  1986   6   6  157      8.0    15.1    17.7  -999.9     0.0    11.2     8.1   330.0
SUMMERSIDE_A  1986   6   7  158      7.2    21.3    24.9  -999.9     0.0     8.0     9.9   330.0
SUMMERSIDE_A  1986   6   8  159     10.9    17.5    17.1  -999.9    10.8    26.7    15.0   330.0
SUMMERSIDE_A  1986   6   9  160     11.4    17.8    16.8  -999.9     0.0    31.0    10.5   330.0
SUMMERSIDE_A  1986   6  10  161     10.5    22.2    22.8  -999.9     0.0    26.2    10.1   330.0
SUMMERSIDE_A  1986   6  11  162      4.3    13.4    20.1  -999.9     0.2    14.8     7.7   330.0
SUMMERSIDE_A  1986   6  12  163      3.9    13.1    20.3  -999.9     0.0     9.5     6.7   330.0
SUMMERSIDE_A  1986   6  13  164      7.5    15.6    19.0  -999.9     3.2    13.9     8.6   330.0
SUMMERSIDE_A  1986   6  14  165      9.2    15.1    16.2  -999.9     3.4     4.2    12.6   330.0
SUMMERSIDE_A  1986   6  15  166     10.9    23.3    23.6  -999.9     0.0    18.1    14.4   330.0
SUMMERSIDE_A  1986   6  16  167     11.4    23.8    23.6  -999.9     0.0    18.0    14.6   330.0
SUMMERSIDE_A  1986   6  17  168     11.6    20.2    19.6  -999.9     1.2    35.4    11.4   330.0
SUMMERSIDE_A  1986   6  18  169     10.6    19.9    20.4  -999.9     0.0    24.5     8.4   330.0
SUMMERSIDE_A  1986   6  19  170      9.5    18.6    20.2  -999.9     0.0     8.8     8.3   330.0
SUMMERSIDE_A  1986   6  20  171      8.7    21.8    24.3  -999.9     0.0    10.5    10.0   330.0
SUMMERSIDE_A  1986   6  21  172      9.2    16.0    17.5  -999.9     0.0     8.1     9.1   330.0
SUMMERSIDE_A  1986   6  22  173      8.3    22.9    25.6  -999.9     0.0     7.5    11.7   330.0
SUMMERSIDE_A  1986   6  23  174     14.2    23.9    20.9  -999.9     2.4    20.2    17.8   330.0
SUMMERSIDE_A  1986   6  24  175     14.0    25.1    22.3  -999.9     4.0    25.4    16.7   330.0
SUMMERSIDE_A  1986   6  25  176      8.9    17.1    19.2  -999.9     0.2    27.3    10.9   330.0
SUMMERSIDE_A  1986   6  26  177      8.6    14.4    16.1  -999.9     0.0    14.0     8.1   330.0
SUMMERSIDE_A  1986   6  27  178      7.7    20.0    23.4  -999.9     0.4    10.1     8.3   330.0
SUMMERSIDE_A  1986   6  28  179     11.8    18.8    17.7  -999.9    10.0    18.0    16.0   330.0
SUMMERSIDE_A  1986   6  29  180     13.4    21.4    18.9  -999.9     8.6    11.5    18.3   330.0
SUMMERSIDE_A  1986   6  30  181     11.9    19.3    18.1  -999.9     0.2    11.0    14.5   330.0
SUMMERSIDE_A  1986   7   1  182     11.8    17.8    16.3  -999.9     0.0    12.0    13.2   330.0
SUMMERSIDE_A  1986   7   2  183     11.9    21.2    20.3  -999.9     1.8    15.5    13.5   330.0
SUMMERSIDE_A  1986   7   3  184     13.0    16.3    12.1  -999.9     0.0    10.6    13.2   330.0
SUMMERSIDE_A  1986   7   4  185     12.5    21.4    19.8  -999.9     3.2    19.7    14.4   330.0
SUMMERSIDE_A  1986   7   5  186     10.5    16.8    16.6  -999.9     4.4     7.8    13.7   330.0
SUMMERSIDE_A  1986   7   6  187      9.0    15.0    16.2  -999.9     0.0     9.8    11.6   330.0
SUMMERSIDE_A  1986   7   7  188     10.4    19.4    19.8  -999.9     0.0    17.4    13.7   330.0
SUMMERSIDE_A  1986   7   8  189     13.6    27.4    24.5  -999.9     0.4    13.9    18.4   330.0
SUMMERSIDE_A  1986   7   9  190     13.4    24.8    22.2  -999.9     0.4    15.1    14.8   330.0
SUMMERSIDE_A  1986   7  10  191     10.9    16.5    15.5  -999.9     1.2    18.0    11.5   330.0
SUMMERSIDE_A  1986   7  11  192     11.5    16.4    14.5  -999.9     4.4    14.9    12.2   330.0
SUMMERSIDE_A  1986   7  12  193     11.1    16.6    15.3  -999.9     0.0    13.6    11.5   330.0
SUMMERSIDE_A  1986   7  13  194     11.5    18.7    17.5  -999.9     0.0    13.2    12.4   330.0
SUMMERSIDE_A  1986   7  14  195     11.3    17.0    15.5  -999.9     4.2    12.8    13.5   330.0
SUMMERSIDE_A  1986   7  15  196     11.3    14.2    11.0  -999.9    15.6    15.3    13.3   330.0
SUMMERSIDE_A  1986   7  16  197     12.1    20.3    18.5  -999.9     0.2     9.8    14.7   330.0
SUMMERSIDE_A  1986   7  17  198     13.4    26.9    23.7  -999.9     0.0    16.8    16.6   330.0
SUMMERSIDE_A  1986   7  18  199     16.2    20.4    13.2  -999.9     4.4    22.2    17.3   330.0
SUMMERSIDE_A  1986   7  19  200     12.4    25.1    22.8  -999.9     0.0    14.5    15.4   330.0
SUMMERSIDE_A  1986   7  20  201     12.7    20.6    17.9  -999.9     0.0    13.2    14.0   330.0
SUMMERSIDE_A  1986   7  21  202     13.3    23.2    20.0  -999.9     3.0    20.4    17.2   330.0
SUMMERSIDE_A  1986   7  22  203     12.1    22.5    20.5  -999.9     0.0     7.2    13.5   330.0
SUMMERSIDE_A  1986   7  23  204     13.2    24.9    21.6  -999.9     0.0    17.7    14.4   330.0
SUMMERSIDE_A  1986   7  24  205     12.7    25.5    22.5  -999.9     0.0    19.1    13.0   330.0
SUMMERSIDE_A  1986   7  25  206     17.2    24.6    17.1  -999.9     0.0    42.4    19.6   330.0
SUMMERSIDE_A  1986   7  26  207     17.4    26.6    19.0  -999.9     3.8    23.9    21.8   330.0
SUMMERSIDE_A  1986   7  27  208     14.9    20.7    15.0  -999.9     0.8    14.4    16.6   330.0
SUMMERSIDE_A  1986   7  28  209     15.0    19.8    13.6  -999.9    45.6    14.9    15.9   330.0
SUMMERSIDE_A  1986   7  29  210     14.8    20.0    14.1  -999.9     0.2     8.5    18.5   330.0
SUMMERSIDE_A  1986   7  30  211     14.6    16.4     8.2  -999.9     0.4    35.1    15.5   330.0
SUMMERSIDE_A  1986   7  31  212     13.5    15.6     8.9  -999.9    44.5    23.7    14.9   330.0
SUMMERSIDE_A  1986   8   1  213     13.8    19.5    14.5  -999.9     0.0    10.5    17.6   330.0
SUMMERSIDE_A  1986   8   2  214     16.1    23.4    16.4  -999.9     0.0    11.3    18.8   330.0
SUMMERSIDE_A  1986   8   3  215     15.0    21.5    15.4  -999.9     7.8    19.9    18.6   330.0
SUMMERSIDE_A  1986   8   4  216     17.3    24.0    15.5  -999.9     7.4    21.0    21.2   330.0
SUMMERSIDE_A  1986   8   5  217     14.4    26.0    20.3  -999.9     0.0    16.2    16.6   330.0
SUMMERSIDE_A  1986   8   6  218     16.1    26.5    19.2  -999.9     0.0    15.9    18.3   330.0
SUMMERSIDE_A  1986   8   7  219     17.5    23.2    14.1  -999.9     5.4    24.1    20.4   330.0
SUMMERSIDE_A  1986   8   8  220     18.1    23.2    13.3  -999.9     0.0    19.4    20.6   330.0
SUMMERSIDE_A  1986   8   9  221     17.7    25.0    15.8  -999.9     2.2    14.3    22.6   330.0
SUMMERSIDE_A  1986   8  10  222     15.0    20.4    13.5  -999.9     0.0    14.7    17.6   330.0
SUMMERSIDE_A  1986   8  11  223     15.7    22.8    15.4  -999.9     2.0    19.8    19.2   330.0
SUMMERSIDE_A  1986   8  12  224     14.4    22.2    16.1  -999.9     0.0    18.4    14.2   330.0
SUMMERSIDE_A  1986   8  13  225     12.4    22.2    17.9  -999.9     0.0    14.2    12.6   330.0
SUMMERSIDE_A  1986   8  14  226     14.5    24.8    18.2  -999.9     0.0    16.9    15.1   330.0
SUMMERSIDE_A  1986   8  15  227     14.7    23.9    17.1  -999.9     0.0    16.5    15.4   330.0
SUMMERSIDE_A  1986   8  16  228     15.4    20.2    12.3  -999.9    14.0    17.4    17.1   330.0
SUMMERSIDE_A  1986   8  17  229     15.5    19.5    11.1  -999.9     0.8     9.8    18.0   330.0
SUMMERSIDE_A  1986   8  18  230     16.8    22.2    12.9  -999.9     1.2    12.0    19.1   330.0
SUMMERSIDE_A  1986   8  19  231     16.5    18.7     8.2  -999.9     2.0    19.1    19.1   330.0
SUMMERSIDE_A  1986   8  20  232     16.2    20.5    11.3  -999.9     0.0    29.9    17.1   330.0
SUMMERSIDE_A  1986   8  21  233     13.1    23.7    17.6  -999.9     0.0     9.9    15.8   330.0
SUMMERSIDE_A  1986   8  22  234     10.6    19.0    15.6  -999.9     1.6    17.2    13.8   330.0
SUMMERSIDE_A  1986   8  23  235     10.0    16.1    13.2  -999.9     0.0    13.8    10.4   330.0
SUMMERSIDE_A  1986   8  24  236     12.2    15.3     9.3  -999.9    16.8    21.0    12.9   330.0
SUMMERSIDE_A  1986   8  25  237     12.5    16.3    10.3  -999.9     4.8    18.8    14.3   330.0
SUMMERSIDE_A  1986   8  26  238     12.5    19.1    13.4  -999.9     0.6    19.5    13.6   330.0
SUMMERSIDE_A  1986   8  27  239     12.8    17.9    11.7  -999.9    11.6    27.4    15.0   330.0
SUMMERSIDE_A  1986   8  28  240      7.7    16.8    15.5  -999.9     1.2    14.5    11.0   330.0
SUMMERSIDE_A  1986   8  29  241      6.0    15.0    15.3  -999.9     0.0    16.5     7.6   330.0
SUMMERSIDE_A  1986   8  30  242      8.0    19.3    17.0  -999.9     0.0    27.9    10.3   330.0
SUMMERSIDE_A  1986   8  31  243      9.9    17.3    13.6  -999.9     0.0    10.2     9.7   330.0
SUMMERSIDE_A  1986   9   1  244      9.1    20.7    16.9  -999.9     0.0    15.5    11.3   330.0
SUMMERSIDE_A  1986   9   2  245     11.6    21.8    15.8  -999.9     1.6    26.8    15.2   330.0
SUMMERSIDE_A  1986   9   3  246      4.9    13.6    14.4  -999.9     0.0    25.9     7.9   330.0
SUMMERSIDE_A  1986   9   4  247      4.8    15.5    15.9  -999.9     0.0     3.5     8.7   330.0
SUMMERSIDE_A  1986   9   5  248      7.5    19.7    16.8  -999.9     0.0     5.5    10.2   330.0
SUMMERSIDE_A  1986   9   6  249     10.8    16.2    11.1  -999.9     1.6    15.0    12.2   330.0
SUMMERSIDE_A  1986   9   7  250      9.5    18.0    13.7  -999.9     0.4     9.6    12.7   330.0
SUMMERSIDE_A  1986   9   8  251      7.4    16.5    14.1  -999.9     0.0     5.4     9.4   330.0
SUMMERSIDE_A  1986   9   9  252      8.5    18.9    14.9  -999.9     0.4    14.7    10.6   330.0
SUMMERSIDE_A  1986   9  10  253     10.1    16.4    11.5  -999.9     0.4    12.8    10.0   330.0
SUMMERSIDE_A  1986   9  11  254     11.9    17.2    10.4  -999.9    23.6    23.2    14.7   330.0
SUMMERSIDE_A  1986   9  12  255     15.8    20.0     9.2  -999.9    12.8    27.8    19.3   330.0
SUMMERSIDE_A  1986   9  13  256     13.0    20.1    11.9  -999.9     0.0    29.1    13.2   330.0
SUMMERSIDE_A  1986   9  14  257      5.7    14.2    12.8  -999.9     0.0    22.8     6.7   330.0
SUMMERSIDE_A  1986   9  15  258      5.2    13.6    12.6  -999.9     0.0    23.5     6.1   330.0
SUMMERSIDE_A  1986   9  16  259      6.1    11.4     9.9  -999.9     0.0    16.8     7.5   330.0
SUMMERSIDE_A  1986   9  17  260      3.4    12.4    12.8  -999.9     0.0    29.4     7.3   330.0
SUMMERSIDE_A  1986   9  18  261      4.0    15.7    14.4  -999.9     0.0     8.3     8.0   330.0
SUMMERSIDE_A  1986   9  19  262      9.3    18.3    12.5  -999.9     0.0    13.9    11.6   330.0
SUMMERSIDE_A  1986   9  20  263      8.1    15.2    11.0  -999.9     0.0     7.4     9.4   330.0
SUMMERSIDE_A  1986   9  21  264      6.9    13.5    10.5  -999.9     0.0    10.3     8.4   330.0
SUMMERSIDE_A  1986   9  22  265      5.6    13.7    11.5  -999.9     0.0    11.5     8.3   330.0
SUMMERSIDE_A  1986   9  23  266      4.3    10.4     9.9  -999.9    11.8     9.6     7.1   330.0
SUMMERSIDE_A  1986   9  24  267      6.5    11.4     8.7  -999.9     4.8    13.2    10.4   330.0
SUMMERSIDE_A  1986   9  25  268     10.4    13.7     7.1  -999.9    23.2     7.8    13.0   330.0
SUMMERSIDE_A  1986   9  26  269      6.5    16.0    11.9  -999.9     3.0    12.5    10.5   330.0
SUMMERSIDE_A  1986   9  27  270      3.5    12.5    11.4  -999.9     0.4    26.2     7.4   330.0
SUMMERSIDE_A  1986   9  28  271      2.9    14.5    12.8  -999.9     0.0    12.1     7.5   330.0
SUMMERSIDE_A  1986   9  29  272      6.7    15.2    10.8  -999.9     0.4     8.0     8.0   330.0
SUMMERSIDE_A  1986   9  30  273     11.8    16.4     7.9  -999.9     7.0    20.8    15.0   330.0
SUMMERSIDE_A  1986  10   1  274      7.6    16.6    10.9  -999.9     1.6    15.1    11.7   330.0
SUMMERSIDE_A  1986  10   2  275      6.2    13.5     9.7  -999.9     0.0     6.0     9.6   330.0
SUMMERSIDE_A  1986  10   3  276      6.6    14.9    10.2  -999.9     0.0     7.0     9.0   330.0
SUMMERSIDE_A  1986  10   4  277      8.2    12.5     7.3  -999.9     8.0    21.4    11.1   330.0
SUMMERSIDE_A  1986  10   5  278      4.5    10.5     8.5  -999.9     0.8    20.8     7.9   330.0
SUMMERSIDE_A  1986  10   6  279      2.7     9.1     8.6  -999.9     0.4     8.2     6.9   330.0
SUMMERSIDE_A  1986  10   7  280      2.1     9.4     9.1  -999.9     2.6    18.7     6.9   330.0
SUMMERSIDE_A  1986  10   8  281      1.6    13.6    11.5  -999.9     0.0    31.9     6.6   330.0
SUMMERSIDE_A  1986  10   9  282      3.5    15.3    11.3  -999.9     8.4    25.0    10.0   330.0
SUMMERSIDE_A  1986  10  10  283      0.7     7.4     8.4  -999.9     0.0    16.3     4.9   330.0
SUMMERSIDE_A  1986  10  11  284      0.0     9.4     9.8  -999.9     0.0    18.2     5.1   330.0
SUMMERSIDE_A  1986  10  12  285      5.3    14.0     9.3  -999.9     0.0    21.4     8.2   330.0
SUMMERSIDE_A  1986  10  13  286      6.2    13.9     8.6  -999.9     0.4    15.5    10.2   330.0
SUMMERSIDE_A  1986  10  14  287     10.8    15.5     6.6  -999.9     1.6    18.1    13.9   330.0
SUMMERSIDE_A  1986  10  15  288      4.4    15.5    10.1  -999.9     0.2    34.4     7.9   330.0
SUMMERSIDE_A  1986  10  16  289      2.1    10.1     8.4  -999.9     0.0    10.7     6.1   330.0
SUMMERSIDE_A  1986  10  17  290      2.9     7.6     6.4  -999.9     0.0    17.0     6.2   330.0
SUMMERSIDE_A  1986  10  18  291     -0.4     6.0     7.3  -999.9     3.0    25.5     5.5   330.0
SUMMERSIDE_A  1986  10  19  292     -0.5    11.0     9.7  -999.9     0.0    10.9     6.0   330.0
SUMMERSIDE_A  1986  10  20  293      1.8     7.5     6.7  -999.9     0.0    17.1     5.2   330.0
SUMMERSIDE_A  1986  10  21  294      1.7    10.6     8.3  -999.9     5.0    20.2     6.7   330.0
SUMMERSIDE_A  1986  10  22  295      5.2     9.4     5.6  -999.9     0.0    14.3     7.5   330.0
SUMMERSIDE_A  1986  10  23  296      3.7    12.8     8.2  -999.9     2.4    18.2     9.1   330.0
SUMMERSIDE_A  1986  10  24  297      1.3     5.8     5.7  -999.9     2.8    21.5     6.2   330.0
SUMMERSIDE_A  1986  10  25  298     -1.5    10.1     9.0  -999.9     0.0    21.2     5.3   330.0
SUMMERSIDE_A  1986  10  26  299     -0.7     5.0     6.2  -999.9     0.0    15.4     4.4   330.0
SUMMERSIDE_A  1986  10  27  300     -0.7     6.8     7.0  -999.9     1.2    14.9     5.5   330.0
SUMMERSIDE_A  1986  10  28  301      5.6     8.3     4.1  -999.9     0.2     9.7     9.2   330.0
SUMMERSIDE_A  1986  10  29  302      5.1    10.5     5.8  -999.9     0.0    16.1     8.7   330.0
SUMMERSIDE_A  1986  10  30  303      1.5    10.9     7.5  -999.9     0.8    22.7     7.6   330.0
SUMMERSIDE_A  1986  10  31  304     -0.7     4.2     5.3  -999.9     0.0    13.7     4.1   330.0
SUMMERSIDE_A  1986  11   1  305      1.5    10.0     6.9  -999.9     0.0    28.4     6.5   330.0
SUMMERSIDE_A  1986  11   2  306     -2.9    10.0     8.4  -999.9    10.8    18.5     6.7   330.0
SUMMERSIDE_A  1986  11   3  307     -3.4     3.6     6.1  -999.9     0.0     7.8     3.8   330.0
SUMMERSIDE_A  1986  11   4  308     -3.7     6.2     7.2  -999.9     0.2    20.8     4.8   330.0
SUMMERSIDE_A  1986  11   5  309     -4.7     0.0     4.9  -999.9     0.0    20.0     3.0   330.0
SUMMERSIDE_A  1986  11   6  310     -4.9     3.9     6.6  -999.9     2.0     9.3     4.2   330.0
SUMMERSIDE_A  1986  11   7  311      0.5     5.9     5.1  -999.9     0.0    12.2     6.8   330.0
SUMMERSIDE_A  1986  11   8  312      1.0     8.5     5.9  -999.9     0.2    10.0     7.4   330.0
SUMMERSIDE_A  1986  11   9  313      7.2    13.2     5.2  -999.9     3.0    24.0    11.4   330.0
SUMMERSIDE_A  1986  11  10  314     -2.0     9.2     7.0  -999.9     0.0    31.5     4.6   330.0
SUMMERSIDE_A  1986  11  11  315     -5.0     0.3     4.8  -999.9     0.4    12.9     3.4   330.0
SUMMERSIDE_A  1986  11  12  316     -1.0     3.2     4.2  -999.9     0.0     6.5     5.7   330.0
SUMMERSIDE_A  1986  11  13  317     -9.4     6.9     8.2  -999.9     0.0    20.3     4.3   330.0
SUMMERSIDE_A  1986  11  14  318    -11.2    -3.2     5.7  -999.9     0.0    33.6     2.2   330.0
SUMMERSIDE_A  1986  11  15  319     -3.5     1.9     4.6  -999.9     1.4    21.6     3.8   330.0
SUMMERSIDE_A  1986  11  16  320     -1.9     3.6     4.6  -999.9     0.2     5.1     5.7   330.0
SUMMERSIDE_A  1986  11  17  321     -0.9     3.5     4.0  -999.9     0.0    10.2     5.7   330.0
SUMMERSIDE_A  1986  11  18  322     -7.1     6.7     7.1  -999.9     0.2    21.0     4.3   330.0
SUMMERSIDE_A  1986  11  19  323     -7.1    -2.0     4.2  -999.9     1.0    29.2     3.1   330.0
SUMMERSIDE_A  1986  11  20  324     -9.7    -4.5     4.2  -999.9     0.0    14.4     2.6   330.0
SUMMERSIDE_A  1986  11  21  325     -5.3     2.6     5.2  -999.9    35.7    27.3     4.9   330.0
SUMMERSIDE_A  1986  11  22  326     -5.3     0.0     4.2  -999.9    11.4    47.8     4.6   330.0
SUMMERSIDE_A  1986  11  23  327     -4.2    -1.1     3.2  -999.9     0.0    12.1     4.3   330.0
SUMMERSIDE_A  1986  11  24  328     -1.1     7.4     5.2  -999.9    10.0    24.6     6.8   330.0
SUMMERSIDE_A  1986  11  25  329     -3.7     2.6     4.4  -999.9     0.0    28.5     3.9   330.0
SUMMERSIDE_A  1986  11  26  330     -6.2     1.2     4.7  -999.9     8.0    16.5     3.6   330.0
SUMMERSIDE_A  1986  11  27  331     -3.3     8.8     6.0  -999.9     7.2    27.6     6.3   330.0
SUMMERSIDE_A  1986  11  28  332     -4.6     4.2     5.1  -999.9     0.0    16.0     4.8   330.0
SUMMERSIDE_A  1986  11  29  333     -1.5     4.6     4.2  -999.9     4.4    13.1     5.9   330.0
SUMMERSIDE_A  1986  11  30  334     -7.0    -0.5     4.3  -999.9     2.6    28.7     3.7   330.0
SUMMERSIDE_A  1986  12   1  335     -7.1    -1.6     3.9  -999.9     0.8    23.4     3.2   330.0
SUMMERSIDE_A  1986  12   2  336     -8.7     0.3     5.0  -999.9     0.0    13.2     2.8   330.0
SUMMERSIDE_A  1986  12   3  337     -3.9     9.1     5.9  -999.9    10.4    27.9     5.7   330.0
SUMMERSIDE_A  1986  12   4  338      0.8     7.1     4.1  -999.9     0.0    29.6     5.7   330.0
SUMMERSIDE_A  1986  12   5  339     -3.8     3.2     4.3  -999.9     0.0    28.8     3.7   330.0
SUMMERSIDE_A  1986  12   6  340     -5.7     0.6     4.0  -999.9     0.6    26.5     3.5   330.0
SUMMERSIDE_A  1986  12   7  341     -9.9     0.3     5.1  -999.9     0.8    24.5     2.7   330.0
SUMMERSIDE_A  1986  12   8  342    -17.6    -1.5     6.4  -999.9     1.6    34.2     2.0   330.0
SUMMERSIDE_A  1986  12   9  343    -16.9   -10.0     4.1  -999.9     7.2    12.9     1.6   330.0
SUMMERSIDE_A  1986  12  10  344    -10.0     0.3     5.0  -999.9     6.8    20.8     3.7   330.0
SUMMERSIDE_A  1986  12  11  345     -6.7    -2.6     3.2  -999.9     0.0    20.9     2.9   330.0
SUMMERSIDE_A  1986  12  12  346     -6.8     0.8     4.3  -999.9     0.8    18.8     4.1   330.0
SUMMERSIDE_A  1986  12  13  347    -13.6    -3.3     5.0  -999.9     0.0    29.4     2.2   330.0
SUMMERSIDE_A  1986  12  14  348    -14.0    -0.7     5.6  -999.9     0.0    30.5     2.2   330.0
SUMMERSIDE_A  1986  12  15  349     -7.9    -0.4     4.2  -999.9     0.0    24.8     3.4   330.0
SUMMERSIDE_A  1986  12  16  350    -13.6    -7.5     3.8  -999.9     0.2    13.4     2.0   330.0
SUMMERSIDE_A  1986  12  17  351    -14.1    -6.8     4.1  -999.9     0.0     6.5     2.1   330.0
SUMMERSIDE_A  1986  12  18  352    -11.4    -3.2     4.4  -999.9     0.0    12.9     2.8   330.0
SUMMERSIDE_A  1986  12  19  353     -3.7    -0.3     2.8  -999.9     0.8    12.9     4.6   330.0
SUMMERSIDE_A  1986  12  20  354     -3.5     0.3     3.0  -999.9     0.0    19.0     4.8   330.0
SUMMERSIDE_A  1986  12  21  355    -11.6    -3.0     4.5  -999.9     0.2    17.6     2.7   330.0
SUMMERSIDE_A  1986  12  22  356    -13.5    -6.5     4.1  -999.9     0.0    10.2     2.2   330.0
SUMMERSIDE_A  1986  12  23  357     -6.8     1.3     4.4  -999.9     0.8    20.2     4.2   330.0
SUMMERSIDE_A  1986  12  24  358     -7.8    -1.0     4.0  -999.9     0.0    13.6     3.3   330.0
SUMMERSIDE_A  1986  12  25  359     -7.1     6.3     5.6  -999.9     9.2    21.4     5.0   330.0
SUMMERSIDE_A  1986  12  26  360     -3.5     6.8     4.9  -999.9     0.6    21.3     6.2   330.0
SUMMERSIDE_A  1986  12  27  361     -8.9    -3.4     3.6  -999.9     0.2    19.0     2.8   330.0
SUMMERSIDE_A  1986  12  28  362    -11.5    -4.5     4.1  -999.9     0.0    10.2     2.5   330.0
SUMMERSIDE_A  1986  12  29  363     -6.3     1.6     4.4  -999.9     0.0    14.5     4.0   330.0
SUMMERSIDE_A  1986  12  30  364     -5.6    -0.7     3.5  -999.9     0.0     6.5     4.1   330.0
SUMMERSIDE_A  1986  12  31  365     -5.3    -1.4     3.1  -999.9     0.0    38.0     3.8   330.0
