SUMMERSIDE_A  1990   1   1    1     -7.2     4.8     5.5  -999.9     5.8    30.3     5.1   330.0
SUMMERSIDE_A  1990   1   2    2    -12.2    -2.5     4.9  -999.9     0.0    33.7     2.3   330.0
SUMMERSIDE_A  1990   1   3    3     -8.5     0.7     4.8  -999.9     0.0    22.3     3.3   330.0
SUMMERSIDE_A  1990   1   4    4     -7.3     2.7     5.1  -999.9     2.8    22.2     4.4   330.0
SUMMERSIDE_A  1990   1   5    5    -11.0     3.8     6.2  -999.9     0.0    26.5     3.4   330.0
SUMMERSIDE_A  1990   1   6    6    -13.1    -6.5     4.2  -999.9     4.2    10.1     2.3   330.0
SUMMERSIDE_A  1990   1   7    7    -15.0    -5.9     5.0  -999.9     1.0    18.5     2.1   330.0
SUMMERSIDE_A  1990   1   8    8     -6.0     0.5     4.2  -999.9     0.2    18.5     4.3   330.0
SUMMERSIDE_A  1990   1   9    9     -9.1    -2.9     4.2  -999.9     0.0    16.3     3.2   330.0
SUMMERSIDE_A  1990   1  10   10     -3.1     1.8     3.7  -999.9    21.8    29.6     5.5   330.0
SUMMERSIDE_A  1990   1  11   11    -10.6    -2.5     4.8  -999.9     6.8    27.3     3.3   330.0
SUMMERSIDE_A  1990   1  12   12     -8.4    -0.9     4.7  -999.9     7.2    16.2     3.9   330.0
SUMMERSIDE_A  1990   1  13   13    -10.2    -4.5     4.1  -999.9     1.8    15.5     3.1   330.0
SUMMERSIDE_A  1990   1  14   14    -17.7   -10.1     4.8  -999.9     0.2    21.2     1.6   330.0
SUMMERSIDE_A  1990   1  15   15    -18.5    -4.3     6.7  -999.9     1.8    12.2     2.1   330.0
SUMMERSIDE_A  1990   1  16   16    -13.4    -1.8     6.1  -999.9     5.8    17.9     3.1   330.0
SUMMERSIDE_A  1990   1  17   17    -13.7     1.3     7.0  -999.9     4.4    13.9     3.4   330.0
SUMMERSIDE_A  1990   1  18   18      0.9     4.5     3.5  -999.9     4.6    29.3     7.0   330.0
SUMMERSIDE_A  1990   1  19   19    -14.9     0.9     7.3  -999.9     1.0    32.0     2.6   330.0
SUMMERSIDE_A  1990   1  20   20    -15.2    -4.9     6.0  -999.9     0.0    19.1     2.1   330.0
SUMMERSIDE_A  1990   1  21   21    -15.4    -8.5     5.0  -999.9     1.4    22.6     1.8   330.0
SUMMERSIDE_A  1990   1  22   22    -14.6    -9.5     4.3  -999.9     0.4    18.3     1.8   330.0
SUMMERSIDE_A  1990   1  23   23    -10.0    -1.0     5.8  -999.9     4.2    19.8     3.5   330.0
SUMMERSIDE_A  1990   1  24   24    -10.0     2.1     6.8  -999.9     2.4    17.3     4.1   330.0
SUMMERSIDE_A  1990   1  25   25     -0.7     2.8     3.7  -999.9     1.0    17.5     6.1   330.0
SUMMERSIDE_A  1990   1  26   26      2.2     9.4     5.4  -999.9    26.0    24.4     9.1   330.0
SUMMERSIDE_A  1990   1  27   27     -3.8     2.2     5.0  -999.9     2.4    28.4     4.6   330.0
SUMMERSIDE_A  1990   1  28   28     -4.3     4.0     6.0  -999.9     0.0    29.0     4.6   330.0
SUMMERSIDE_A  1990   1  29   29     -5.2    -0.7     4.4  -999.9     0.0    18.1     3.1   330.0
SUMMERSIDE_A  1990   1  30   30     -7.1    -2.5     4.5  -999.9    29.3    44.2     3.9   330.0
SUMMERSIDE_A  1990   1  31   31     -7.4    -4.4     3.7  -999.9     0.2    15.8     3.5   330.0
SUMMERSIDE_A  1990   2   1   32     -6.9     2.2     6.6  -999.9     0.0    23.0     4.5   330.0
SUMMERSIDE_A  1990   2   2   33    -18.2     3.8    10.4  -999.9     0.2    32.0     2.6   330.0
SUMMERSIDE_A  1990   2   3   34    -22.2   -18.0     4.6  -999.9     0.0    21.7     0.8   330.0
SUMMERSIDE_A  1990   2   4   35    -20.4   -14.1     5.7  -999.9     0.0     9.4     1.1   330.0
SUMMERSIDE_A  1990   2   5   36    -20.4   -13.4     6.1  -999.9     0.0    17.0     1.2   330.0
SUMMERSIDE_A  1990   2   6   37    -19.9    -3.6     9.4  -999.9     1.8    17.7     2.1   330.0
SUMMERSIDE_A  1990   2   7   38    -12.2     1.0     8.6  -999.9     0.0    21.5     3.1   330.0
SUMMERSIDE_A  1990   2   8   39     -4.2    -0.1     4.9  -999.9     0.0    18.7     3.9   330.0
SUMMERSIDE_A  1990   2   9   40     -1.3     6.5     6.8  -999.9     0.2    31.4     6.5   330.0
SUMMERSIDE_A  1990   2  10   41     -2.4     4.5     6.5  -999.9    25.8    17.9     6.2   330.0
SUMMERSIDE_A  1990   2  11   42     -6.5    -1.1     5.8  -999.9     0.2    19.9     3.9   330.0
SUMMERSIDE_A  1990   2  12   43    -11.7    -6.2     6.0  -999.9     0.0     9.1     2.3   330.0
SUMMERSIDE_A  1990   2  13   44    -13.8     0.2     9.7  -999.9     3.2    14.8     2.9   330.0
SUMMERSIDE_A  1990   2  14   45    -13.4     1.2    10.0  -999.9     0.2    24.1     2.9   330.0
SUMMERSIDE_A  1990   2  15   46    -15.1    -9.7     6.2  -999.9     0.0    10.8     1.6   330.0
SUMMERSIDE_A  1990   2  16   47     -9.7    -7.3     4.2  -999.9     1.8    14.0     2.6   330.0
SUMMERSIDE_A  1990   2  17   48    -18.4    -5.4     9.9  -999.9     8.4    18.8     2.1   330.0
SUMMERSIDE_A  1990   2  18   49    -19.0   -11.9     7.4  -999.9     0.0    25.0     1.3   330.0
SUMMERSIDE_A  1990   2  19   50    -12.1     0.2     9.9  -999.9     1.0    18.3     3.1   330.0
SUMMERSIDE_A  1990   2  20   51    -18.8    -3.7    11.1  -999.9     1.2    36.1     2.0   330.0
SUMMERSIDE_A  1990   2  21   52    -18.6    -7.4     9.7  -999.9     0.0    20.6     1.5   330.0
SUMMERSIDE_A  1990   2  22   53     -7.6     4.6    10.2  -999.9     1.8    28.0     4.4   330.0
SUMMERSIDE_A  1990   2  23   54     -4.9     2.9     8.3  -999.9     9.0    15.4     5.4   330.0
SUMMERSIDE_A  1990   2  24   55    -14.9    -4.7     9.6  -999.9    40.2    33.4     2.6   330.0
SUMMERSIDE_A  1990   2  25   56    -20.2   -10.7     9.4  -999.9     0.0     9.8     1.5   330.0
SUMMERSIDE_A  1990   2  26   57    -22.8   -15.1     8.6  -999.9     0.0    10.3     1.0   330.0
SUMMERSIDE_A  1990   2  27   58    -23.6    -4.7    13.7  -999.9     2.2    21.8     1.5   330.0
SUMMERSIDE_A  1990   2  28   59    -17.4    -3.0    12.1  -999.9     2.0    18.0     2.2   330.0
SUMMERSIDE_A  1990   3   1   60    -17.5    -5.5    11.2  -999.9     0.6    16.7     1.8   330.0
SUMMERSIDE_A  1990   3   2   61     -5.7     2.8     9.5  -999.9     0.0    33.0     4.3   330.0
SUMMERSIDE_A  1990   3   3   62     -7.7     2.0    10.3  -999.9     0.0    19.8     3.9   330.0
SUMMERSIDE_A  1990   3   4   63    -10.1    -4.8     7.7  -999.9     1.4    21.8     2.8   330.0
SUMMERSIDE_A  1990   3   5   64    -15.3    -7.5     9.5  -999.9     0.8    11.4     1.9   330.0
SUMMERSIDE_A  1990   3   6   65    -19.6    -8.6    11.4  -999.9     0.0    10.5     1.5   330.0
SUMMERSIDE_A  1990   3   7   66    -17.0    -9.4     9.6  -999.9     0.0    14.1     1.5   330.0
SUMMERSIDE_A  1990   3   8   67    -16.5    -3.5    12.8  -999.9     0.0    12.9     1.9   330.0
SUMMERSIDE_A  1990   3   9   68     -8.1     0.3    10.4  -999.9     0.0    10.5     3.5   330.0
SUMMERSIDE_A  1990   3  10   69     -6.4     4.2    11.8  -999.9     0.0    15.1     4.4   330.0
SUMMERSIDE_A  1990   3  11   70     -0.2     7.2    10.0  -999.9     0.0    20.9     6.2   330.0
SUMMERSIDE_A  1990   3  12   71     -3.6     5.1    11.0  -999.9     0.0    15.4     3.9   330.0
SUMMERSIDE_A  1990   3  13   72     -7.3     1.4    11.1  -999.9     0.0     8.7     3.8   330.0
SUMMERSIDE_A  1990   3  14   73     -9.5    -3.7     9.2  -999.9     3.2    11.8     2.8   330.0
SUMMERSIDE_A  1990   3  15   74     -6.5    -0.2     9.7  -999.9     2.8    15.2     4.4   330.0
SUMMERSIDE_A  1990   3  16   75     -1.3     2.3     7.4  -999.9     0.6    17.2     6.2   330.0
SUMMERSIDE_A  1990   3  17   76      0.7     7.8    10.5  -999.9     0.2    23.1     8.2   330.0
SUMMERSIDE_A  1990   3  18   77      0.9     6.5     9.5  -999.9     7.6    20.9     7.8   330.0
SUMMERSIDE_A  1990   3  19   78     -1.8     5.8    11.1  -999.9     0.0    25.2     4.7   330.0
SUMMERSIDE_A  1990   3  20   79     -3.2     5.4    12.0  -999.9     2.6     9.5     4.6   330.0
SUMMERSIDE_A  1990   3  21   80     -1.6     1.1     6.8  -999.9    14.0    26.6     5.7   330.0
SUMMERSIDE_A  1990   3  22   81     -3.8     1.2     9.3  -999.9     0.0    16.1     4.0   330.0
SUMMERSIDE_A  1990   3  23   82     -7.0     9.1    17.0  -999.9     5.4    34.4     5.3   330.0
SUMMERSIDE_A  1990   3  24   83     -9.3    -2.3    11.3  -999.9     0.0    23.6     2.4   330.0
SUMMERSIDE_A  1990   3  25   84     -6.1     2.5    12.7  -999.9     0.0    19.1     4.1   330.0
SUMMERSIDE_A  1990   3  26   85     -9.3     5.1    16.6  -999.9     1.0    24.3     4.1   330.0
SUMMERSIDE_A  1990   3  27   86    -12.8    -7.5    10.2  -999.9     0.0    19.8     1.7   330.0
SUMMERSIDE_A  1990   3  28   87    -12.8    -1.2    15.2  -999.9     3.4    21.6     2.4   330.0
SUMMERSIDE_A  1990   3  29   88    -11.2    -3.5    12.5  -999.9     0.0    20.8     2.1   330.0
SUMMERSIDE_A  1990   3  30   89    -10.1     2.7    16.3  -999.9     0.0    10.8     2.4   330.0
SUMMERSIDE_A  1990   3  31   90     -3.3     1.1     9.6  -999.9     1.8    16.2     4.8   330.0
SUMMERSIDE_A  1990   4   1   91     -0.9     3.0     9.2  -999.9     7.0    17.8     6.0   330.0
SUMMERSIDE_A  1990   4   2   92     -0.1     4.7    10.3  -999.9    10.0    17.2     6.8   330.0
SUMMERSIDE_A  1990   4   3   93      0.9     6.1    10.8  -999.9     1.6     8.2     7.8   330.0
SUMMERSIDE_A  1990   4   4   94      3.6    11.8    13.7  -999.9     6.4    23.8    10.1   330.0
SUMMERSIDE_A  1990   4   5   95      2.9     7.4    10.2  -999.9     0.0    23.9     7.3   330.0
SUMMERSIDE_A  1990   4   6   96      0.3     6.0    11.6  -999.9     0.0    22.3     6.3   330.0
SUMMERSIDE_A  1990   4   7   97     -3.3     1.8    11.1  -999.9     7.0    12.3     4.8   330.0
SUMMERSIDE_A  1990   4   8   98     -4.5     1.9    12.5  -999.9     0.6    16.7     4.4   330.0
SUMMERSIDE_A  1990   4   9   99     -5.1     5.6    16.3  -999.9     0.0    14.3     3.9   330.0
SUMMERSIDE_A  1990   4  10  100     -0.9     3.3    10.3  -999.9     9.6    12.9     5.5   330.0
SUMMERSIDE_A  1990   4  11  101     -1.8     0.7     8.0  -999.9    20.4    18.2     5.7   330.0
SUMMERSIDE_A  1990   4  12  102     -2.5     2.2    11.1  -999.9     0.4    22.5     5.1   330.0
SUMMERSIDE_A  1990   4  13  103     -2.3     3.7    12.6  -999.9     0.2    18.4     4.6   330.0
SUMMERSIDE_A  1990   4  14  104     -1.3     8.4    16.2  -999.9     0.0    23.8     5.3   330.0
SUMMERSIDE_A  1990   4  15  105      1.0    10.5    16.2  -999.9     5.6    27.9     7.0   330.0
SUMMERSIDE_A  1990   4  16  106      1.7    14.6    19.0  -999.9    13.4    21.9     8.9   330.0
SUMMERSIDE_A  1990   4  17  107     -0.2    12.6    19.0  -999.9     5.2    21.7     6.2   330.0
SUMMERSIDE_A  1990   4  18  108     -2.7     5.4    15.3  -999.9     2.0    26.2     4.0   330.0
SUMMERSIDE_A  1990   4  19  109     -4.1     6.4    17.5  -999.9     0.0    17.1     3.5   330.0
SUMMERSIDE_A  1990   4  20  110      1.5    10.6    16.4  -999.9     0.0    31.3     6.5   330.0
SUMMERSIDE_A  1990   4  21  111      2.6     7.5    12.1  -999.9     8.2    16.7     7.5   330.0
SUMMERSIDE_A  1990   4  22  112     -0.1     2.7     9.2  -999.9     0.0    21.0     6.3   330.0
SUMMERSIDE_A  1990   4  23  113      0.1     2.5     8.6  -999.9     0.0    27.3     6.0   330.0
SUMMERSIDE_A  1990   4  24  114     -2.1     2.1    11.5  -999.9     0.0    36.5     5.0   330.0
SUMMERSIDE_A  1990   4  25  115     -2.4     4.2    14.5  -999.9     0.0    15.2     4.6   330.0
SUMMERSIDE_A  1990   4  26  116      2.2     9.3    15.1  -999.9     0.0    10.7     6.9   330.0
SUMMERSIDE_A  1990   4  27  117      4.0    19.0    22.1  -999.9     1.8    17.6    11.4   330.0
SUMMERSIDE_A  1990   4  28  118     -2.6     4.7    15.5  -999.9     0.0    26.5     5.3   330.0
SUMMERSIDE_A  1990   4  29  119     -3.8     7.3    19.2  -999.9     0.0     7.0     4.9   330.0
SUMMERSIDE_A  1990   4  30  120      4.6    15.3    19.0  -999.9     0.0    19.7     8.5   330.0
SUMMERSIDE_A  1990   5   1  121      7.1    21.0    21.8  -999.9     0.0    22.2    12.9   330.0
SUMMERSIDE_A  1990   5   2  122      3.2    14.0    19.3  -999.9     2.0    19.6     8.8   330.0
SUMMERSIDE_A  1990   5   3  123      2.2    13.0    19.4  -999.9     0.0    11.8     5.3   330.0
SUMMERSIDE_A  1990   5   4  124      1.3    10.1    17.6  -999.9     0.0    14.2     4.6   330.0
SUMMERSIDE_A  1990   5   5  125      1.1    14.2    21.6  -999.9     9.2    20.6     6.6   330.0
SUMMERSIDE_A  1990   5   6  126      0.2     1.5     6.8  -999.9    16.6    42.0     6.2   330.0
SUMMERSIDE_A  1990   5   7  127      0.9    10.7    18.9  -999.9     1.6    19.1     6.5   330.0
SUMMERSIDE_A  1990   5   8  128      2.5    13.3    19.9  -999.9     0.0    13.3     8.0   330.0
SUMMERSIDE_A  1990   5   9  129      4.8    14.9    19.3  -999.9     1.6    29.2     9.4   330.0
SUMMERSIDE_A  1990   5  10  130      6.0    13.0    16.2  -999.9     1.0    20.8     9.0   330.0
SUMMERSIDE_A  1990   5  11  131      7.8    17.0    18.6  -999.9     1.8    33.5    12.2   330.0
SUMMERSIDE_A  1990   5  12  132      5.7    14.7    18.5  -999.9     0.0    23.3     7.4   330.0
SUMMERSIDE_A  1990   5  13  133      5.9    15.2    18.9  -999.9     7.6    17.8     9.4   330.0
SUMMERSIDE_A  1990   5  14  134      2.6    10.1    17.0  -999.9    37.0    21.4     9.3   330.0
SUMMERSIDE_A  1990   5  15  135      2.2     6.8    13.4  -999.9     0.2    18.9     7.8   330.0
SUMMERSIDE_A  1990   5  16  136      4.9     9.9    14.0  -999.9     1.4    14.6     9.6   330.0
SUMMERSIDE_A  1990   5  17  137      3.5     8.3    13.8  -999.9     0.2    18.2     8.3   330.0
SUMMERSIDE_A  1990   5  18  138      2.7     4.5     8.5  -999.9    12.2    21.6     7.0   330.0
SUMMERSIDE_A  1990   5  19  139      3.1     7.3    13.0  -999.9     1.6    11.4     8.3   330.0
SUMMERSIDE_A  1990   5  20  140      2.1     4.1     9.0  -999.9     1.8    34.4     7.2   330.0
SUMMERSIDE_A  1990   5  21  141      2.0     3.5     7.8  -999.9     1.2    32.0     6.8   330.0
SUMMERSIDE_A  1990   5  22  142      2.5     5.0    10.1  -999.9    26.2    23.0     7.4   330.0
SUMMERSIDE_A  1990   5  23  143      1.4     4.1    10.6  -999.9    16.0    27.8     6.9   330.0
SUMMERSIDE_A  1990   5  24  144      1.4     5.7    13.4  -999.9     0.0    27.3     6.5   330.0
SUMMERSIDE_A  1990   5  25  145      1.2     7.1    15.7  -999.9     0.0    17.7     6.1   330.0
SUMMERSIDE_A  1990   5  26  146      2.1    19.2    26.8  -999.9     0.0     9.5     6.7   330.0
SUMMERSIDE_A  1990   5  27  147      5.3    16.6    21.8  -999.9     0.0    12.4     7.1   330.0
SUMMERSIDE_A  1990   5  28  148      8.4    24.2    25.9  -999.9     0.0    20.2    11.2   330.0
SUMMERSIDE_A  1990   5  29  149      8.9    21.7    23.4  -999.9     0.4    19.5    11.7   330.0
SUMMERSIDE_A  1990   5  30  150      4.7    11.7    17.3  -999.9    45.0    35.4    10.3   330.0
SUMMERSIDE_A  1990   5  31  151      3.6    12.2    19.2  -999.9     0.0    22.7     6.0   330.0
SUMMERSIDE_A  1990   6   1  152      2.5    19.3    26.9  -999.9     0.0    15.7     7.6   330.0
SUMMERSIDE_A  1990   6   2  153      9.9    25.6    26.1  -999.9     0.0    25.6    11.5   330.0
SUMMERSIDE_A  1990   6   3  154     10.7    21.3    21.5  -999.9     0.0    31.3    14.2   330.0
SUMMERSIDE_A  1990   6   4  155     11.2    17.3    16.3  -999.9     2.8    33.0    14.8   330.0
SUMMERSIDE_A  1990   6   5  156      7.6    16.7    20.0  -999.9     1.0    21.6     9.8   330.0
SUMMERSIDE_A  1990   6   6  157      6.4    17.8    22.4  -999.9     0.0    20.5     9.1   330.0
SUMMERSIDE_A  1990   6   7  158      9.8    19.7    20.9  -999.9     3.8    15.0    12.7   330.0
SUMMERSIDE_A  1990   6   8  159     10.9    19.2    19.2  -999.9     0.0    10.5    13.6   330.0
SUMMERSIDE_A  1990   6   9  160     12.2    23.0    21.9  -999.9     0.0    14.2    13.9   330.0
SUMMERSIDE_A  1990   6  10  161      8.8    16.3    18.3  -999.9     0.0    23.8    11.7   330.0
SUMMERSIDE_A  1990   6  11  162      8.4    13.0    14.3  -999.9     0.0    20.8    11.0   330.0
SUMMERSIDE_A  1990   6  12  163      8.3    18.2    21.0  -999.9     0.0    14.8     8.8   330.0
SUMMERSIDE_A  1990   6  13  164     10.5    25.9    26.2  -999.9     0.0    18.4    10.3   330.0
SUMMERSIDE_A  1990   6  14  165     11.1    24.5    24.5  -999.9     0.0    18.4    13.2   330.0
SUMMERSIDE_A  1990   6  15  166     12.6    24.5    23.1  -999.9     0.0    29.7    17.1   330.0
SUMMERSIDE_A  1990   6  16  167     15.6    26.8    22.4  -999.9     0.0    19.8    20.0   330.0
SUMMERSIDE_A  1990   6  17  168     14.8    26.2    22.6  -999.9     0.0    16.8    18.4   330.0
SUMMERSIDE_A  1990   6  18  169     14.6    23.5    20.0  -999.9     0.0    34.9    18.0   330.0
SUMMERSIDE_A  1990   6  19  170     12.1    24.4    23.5  -999.9     2.0    24.3    18.4   330.0
SUMMERSIDE_A  1990   6  20  171     11.0    12.9     9.2  -999.9     0.4    17.5    13.1   330.0
SUMMERSIDE_A  1990   6  21  172     11.2    12.7     8.2  -999.9     2.8    12.7    12.7   330.0
SUMMERSIDE_A  1990   6  22  173     11.5    13.5     9.5  -999.9    23.8     6.9    13.7   330.0
SUMMERSIDE_A  1990   6  23  174     11.6    17.9    16.8  -999.9     0.2    14.0    14.8   330.0
SUMMERSIDE_A  1990   6  24  175     11.5    18.3    17.5  -999.9     9.6    25.1    15.3   330.0
SUMMERSIDE_A  1990   6  25  176     13.8    23.5    20.8  -999.9     0.0    18.0    19.2   330.0
SUMMERSIDE_A  1990   6  26  177     13.5    25.5    23.2  -999.9     0.0    20.5    17.2   330.0
SUMMERSIDE_A  1990   6  27  178     14.9    24.8    21.0  -999.9     0.0    27.0    17.8   330.0
SUMMERSIDE_A  1990   6  28  179     12.3    23.5    22.4  -999.9     0.8    12.4    16.2   330.0
SUMMERSIDE_A  1990   6  29  180     10.2    22.9    23.8  -999.9     0.0    14.1    11.4   330.0
SUMMERSIDE_A  1990   6  30  181     12.6    22.3    20.8  -999.9     0.2    14.2    16.2   330.0
SUMMERSIDE_A  1990   7   1  182     11.8    18.3    17.0  -999.9     0.0    10.3    13.2   330.0
SUMMERSIDE_A  1990   7   2  183     11.8    20.2    19.3  -999.9     0.0     8.0    11.8   330.0
SUMMERSIDE_A  1990   7   3  184     10.4    22.6    23.2  -999.9     9.8    13.7    11.9   330.0
SUMMERSIDE_A  1990   7   4  185     15.0    19.6    14.2  -999.9     1.2    13.8    17.4   330.0
SUMMERSIDE_A  1990   7   5  186     12.2    21.3    20.0  -999.9     0.0    18.2    12.7   330.0
SUMMERSIDE_A  1990   7   6  187     11.1    19.7    19.4  -999.9     0.4    12.2    11.3   330.0
SUMMERSIDE_A  1990   7   7  188     10.9    19.3    19.1  -999.9     0.4     9.8    13.0   330.0
SUMMERSIDE_A  1990   7   8  189     10.3    22.0    22.5  -999.9     0.0    10.8    13.5   330.0
SUMMERSIDE_A  1990   7   9  190     14.1    16.8    10.8  -999.9     4.8    22.8    15.1   330.0
SUMMERSIDE_A  1990   7  10  191     14.1    23.8    20.4  -999.9     0.2    18.7    19.0   330.0
SUMMERSIDE_A  1990   7  11  192     13.0    21.6    19.2  -999.9     0.0    17.8    13.8   330.0
SUMMERSIDE_A  1990   7  12  193     12.9    23.4    21.2  -999.9     0.0    13.0    13.9   330.0
SUMMERSIDE_A  1990   7  13  194     11.3    24.3    23.5  -999.9     0.0    10.0    13.9   330.0
SUMMERSIDE_A  1990   7  14  195     12.9    28.2    25.4  -999.9     0.0    24.1    16.5   330.0
SUMMERSIDE_A  1990   7  15  196     17.0    29.5    22.9  -999.9     0.0    15.8    20.3   330.0
SUMMERSIDE_A  1990   7  16  197     18.6    27.4    19.2  -999.9     0.0    19.8    24.6   330.0
SUMMERSIDE_A  1990   7  17  198     18.6    29.7    21.5  -999.9     0.0    15.8    23.7   330.0
SUMMERSIDE_A  1990   7  18  199     18.6    29.5    21.2  -999.9     0.0    13.5    22.8   330.0
SUMMERSIDE_A  1990   7  19  200     18.6    27.2    18.8  -999.9     1.0    18.1    24.0   330.0
SUMMERSIDE_A  1990   7  20  201     17.9    25.3    17.4  -999.9     0.0    16.8    19.2   330.0
SUMMERSIDE_A  1990   7  21  202     15.8    26.5    20.8  -999.9     0.0    14.8    16.9   330.0
SUMMERSIDE_A  1990   7  22  203     14.9    26.0    21.1  -999.9     0.0     8.0    14.6   330.0
SUMMERSIDE_A  1990   7  23  204     17.4    20.7    11.5  -999.9    35.2    15.2    19.3   330.0
SUMMERSIDE_A  1990   7  24  205     20.2    27.5    17.0  -999.9    12.6    18.0    26.9   330.0
SUMMERSIDE_A  1990   7  25  206     21.0    28.4    17.1  -999.9     1.8    22.5    27.3   330.0
SUMMERSIDE_A  1990   7  26  207     18.7    24.0    14.4  -999.9     8.4    11.5    23.2   330.0
SUMMERSIDE_A  1990   7  27  208     18.1    25.5    16.9  -999.9     0.0     8.1    23.9   330.0
SUMMERSIDE_A  1990   7  28  209     18.0    23.1    14.0  -999.9     0.0     5.3    21.4   330.0
SUMMERSIDE_A  1990   7  29  210     18.1    29.9    21.2  -999.9     0.0    12.8    24.1   330.0
SUMMERSIDE_A  1990   7  30  211     18.7    30.4    21.0  -999.9     0.0    13.0    22.9   330.0
SUMMERSIDE_A  1990   7  31  212     18.6    24.5    14.9  -999.9     4.4    17.8    20.5   330.0
SUMMERSIDE_A  1990   8   1  213     15.6    22.9    16.5  -999.9    33.4    17.6    21.2   330.0
SUMMERSIDE_A  1990   8   2  214     15.2    18.7    11.3  -999.9    25.6    26.2    17.7   330.0
SUMMERSIDE_A  1990   8   3  215     16.3    23.3    16.0  -999.9     0.0    11.7    15.1   330.0
SUMMERSIDE_A  1990   8   4  216     16.2    29.7    22.1  -999.9     0.0     8.5    19.1   330.0
SUMMERSIDE_A  1990   8   5  217     18.2    29.7    20.3  -999.9     0.0    12.0    20.1   330.0
SUMMERSIDE_A  1990   8   6  218     18.1    27.4    18.1  -999.9     0.0    13.8    20.5   330.0
SUMMERSIDE_A  1990   8   7  219     19.2    27.6    17.1  -999.9     0.0     8.5    22.6   330.0
SUMMERSIDE_A  1990   8   8  220     19.4    27.9    17.1  -999.9     0.6    13.9    24.3   330.0
SUMMERSIDE_A  1990   8   9  221     19.1    26.0    15.4  -999.9     0.0    12.8    22.7   330.0
SUMMERSIDE_A  1990   8  10  222     18.5    27.8    17.7  -999.9     0.0    16.3    23.1   330.0
SUMMERSIDE_A  1990   8  11  223     19.1    27.7    17.0  -999.9     3.6    20.2    24.6   330.0
SUMMERSIDE_A  1990   8  12  224     18.8    23.0    11.8  -999.9    40.0    20.4    23.3   330.0
SUMMERSIDE_A  1990   8  13  225     18.8    27.3    16.7  -999.9     0.0    13.6    23.3   330.0
SUMMERSIDE_A  1990   8  14  226     15.9    24.2    16.4  -999.9     2.6    21.7    20.0   330.0
SUMMERSIDE_A  1990   8  15  227     13.8    25.5    19.3  -999.9     0.0    16.3    16.9   330.0
SUMMERSIDE_A  1990   8  16  228     16.9    22.6    13.4  -999.9     0.0    13.1    17.4   330.0
SUMMERSIDE_A  1990   8  17  229     17.5    26.2    16.4  -999.9     0.0    20.8    21.2   330.0
SUMMERSIDE_A  1990   8  18  230     15.9    24.9    16.6  -999.9     6.6    24.5    20.8   330.0
SUMMERSIDE_A  1990   8  19  231     10.2    18.0    15.3  -999.9    14.4    18.5    12.0   330.0
SUMMERSIDE_A  1990   8  20  232     10.0    18.9    16.3  -999.9     0.0    10.9     9.6   330.0
SUMMERSIDE_A  1990   8  21  233     14.1    22.0    15.2  -999.9     0.0    17.7    12.1   330.0
SUMMERSIDE_A  1990   8  22  234     13.7    24.3    17.5  -999.9     0.0    21.1    15.0   330.0
SUMMERSIDE_A  1990   8  23  235     16.2    26.6    17.2  -999.9     0.0    21.3    19.0   330.0
SUMMERSIDE_A  1990   8  24  236     16.5    22.9    13.4  -999.9     0.0    12.2    18.0   330.0
SUMMERSIDE_A  1990   8  25  237     17.3    26.5    16.0  -999.9     0.0    16.3    21.1   330.0
SUMMERSIDE_A  1990   8  26  238     18.2    26.9    15.4  -999.9     0.0     9.0    22.5   330.0
SUMMERSIDE_A  1990   8  27  239     19.2    29.0    16.2  -999.9     0.0    14.9    22.9   330.0
SUMMERSIDE_A  1990   8  28  240     16.9    25.2    14.8  -999.9     0.4    13.7    21.8   330.0
SUMMERSIDE_A  1990   8  29  241     17.4    22.7    11.7  -999.9     0.2    12.3    21.9   330.0
SUMMERSIDE_A  1990   8  30  242     14.7    22.7    14.3  -999.9     0.0     8.7    15.2   330.0
SUMMERSIDE_A  1990   8  31  243     12.7    23.2    16.3  -999.9     0.0    11.3    14.0   330.0
SUMMERSIDE_A  1990   9   1  244     14.2    23.8    15.4  -999.9     0.0    12.7    15.9   330.0
SUMMERSIDE_A  1990   9   2  245     15.2    23.5    14.2  -999.9    13.8    22.2    17.3   330.0
SUMMERSIDE_A  1990   9   3  246     12.2    17.2    10.9  -999.9     0.0    26.8    10.6   330.0
SUMMERSIDE_A  1990   9   4  247      9.2    18.0    14.4  -999.9     0.0    11.4     9.7   330.0
SUMMERSIDE_A  1990   9   5  248     12.4    18.6    12.0  -999.9     0.0    16.2    13.1   330.0
SUMMERSIDE_A  1990   9   6  249     13.0    22.1    14.4  -999.9     0.0    12.0    16.8   330.0
SUMMERSIDE_A  1990   9   7  250     11.7    22.3    15.4  -999.9    17.4    24.1    16.9   330.0
SUMMERSIDE_A  1990   9   8  251      9.5    15.0    11.0  -999.9     0.0    21.2     9.0   330.0
SUMMERSIDE_A  1990   9   9  252      9.3    19.1    14.5  -999.9     0.0    20.1    11.2   330.0
SUMMERSIDE_A  1990   9  10  253     12.2    18.5    11.5  -999.9     0.4    12.3    15.0   330.0
SUMMERSIDE_A  1990   9  11  254      7.4    18.9    15.4  -999.9     0.0    13.4    12.6   330.0
SUMMERSIDE_A  1990   9  12  255      8.8    20.1    15.1  -999.9     0.0    14.8    11.3   330.0
SUMMERSIDE_A  1990   9  13  256      6.3    18.7    15.7  -999.9     0.4    22.1    10.9   330.0
SUMMERSIDE_A  1990   9  14  257      6.4    19.7    16.1  -999.9     0.0    18.6    11.3   330.0
SUMMERSIDE_A  1990   9  15  258     15.1    21.7    11.2  -999.9     4.4    29.4    18.1   330.0
SUMMERSIDE_A  1990   9  16  259     11.0    19.3    12.4  -999.9     0.0    20.2    14.0   330.0
SUMMERSIDE_A  1990   9  17  260      8.6    15.4    11.1  -999.9     0.0     8.8    10.2   330.0
SUMMERSIDE_A  1990   9  18  261      4.8    11.7    11.1  -999.9     0.0     8.2     7.4   330.0
SUMMERSIDE_A  1990   9  19  262      6.9    12.1     9.5  -999.9     0.6     7.7     9.3   330.0
SUMMERSIDE_A  1990   9  20  263      8.9    12.3     7.6  -999.9    34.0    18.7    11.2   330.0
SUMMERSIDE_A  1990   9  21  264      8.6    17.2    12.0  -999.9     0.4    17.2    11.2   330.0
SUMMERSIDE_A  1990   9  22  265      7.9    15.9    11.4  -999.9     0.0     7.4    11.1   330.0
SUMMERSIDE_A  1990   9  23  266     11.9    18.5    10.3  -999.9    13.8    24.3    15.9   330.0
SUMMERSIDE_A  1990   9  24  267     10.8    18.4    10.9  -999.9     0.0    22.8    13.1   330.0
SUMMERSIDE_A  1990   9  25  268      8.1    16.7    11.4  -999.9     0.0    12.8    10.2   330.0
SUMMERSIDE_A  1990   9  26  269     10.5    18.7    11.0  -999.9     0.0    13.7    12.6   330.0
SUMMERSIDE_A  1990   9  27  270     11.0    18.9    10.7  -999.9     0.0    14.0    14.6   330.0
SUMMERSIDE_A  1990   9  28  271     12.8    21.2    10.9  -999.9     0.0    17.4    16.9   330.0
SUMMERSIDE_A  1990   9  29  272     10.8    14.7     7.3  -999.9     2.4    12.8    14.2   330.0
SUMMERSIDE_A  1990   9  30  273      7.8    14.5     9.5  -999.9     0.0     9.2    10.9   330.0
SUMMERSIDE_A  1990  10   1  274      7.2    16.5    11.1  -999.9     1.4    17.6    11.5   330.0
SUMMERSIDE_A  1990  10   2  275      5.2    13.6    10.4  -999.9     6.8     8.2     9.4   330.0
SUMMERSIDE_A  1990  10   3  276      4.2    10.7     9.0  -999.9     0.0    19.6     6.8   330.0
SUMMERSIDE_A  1990  10   4  277      3.7    14.8    11.7  -999.9     0.2    20.3     8.3   330.0
SUMMERSIDE_A  1990  10   5  278      8.9    16.9     9.8  -999.9     2.8    26.9    11.6   330.0
SUMMERSIDE_A  1990  10   6  279      8.9    19.0    10.8  -999.9     0.0    23.2    11.9   330.0
SUMMERSIDE_A  1990  10   7  280     11.1    15.7     7.2  -999.9     0.0    14.6    12.9   330.0
SUMMERSIDE_A  1990  10   8  281      8.7    11.4     5.5  -999.9     1.2    16.5    10.6   330.0
SUMMERSIDE_A  1990  10   9  282      8.2    12.3     6.6  -999.9    11.2    11.3    12.1   330.0
SUMMERSIDE_A  1990  10  10  283      7.9    10.3     5.0  -999.9     2.6    22.2     9.0   330.0
SUMMERSIDE_A  1990  10  11  284      7.9    13.6     7.6  -999.9     0.0    15.5     9.9   330.0
SUMMERSIDE_A  1990  10  12  285     13.1    20.0     8.3  -999.9     0.6    16.3    17.4   330.0
SUMMERSIDE_A  1990  10  13  286     16.6    21.7     7.0  -999.9     3.4    20.0    20.9   330.0
SUMMERSIDE_A  1990  10  14  287     12.9    21.4     8.9  -999.9     9.2    19.2    18.3   330.0
SUMMERSIDE_A  1990  10  15  288     10.4    19.0     8.9  -999.9     0.0    16.4    14.1   330.0
SUMMERSIDE_A  1990  10  16  289      6.3    14.0     8.3  -999.9     0.0    17.5     7.8   330.0
SUMMERSIDE_A  1990  10  17  290      3.8    14.1     9.4  -999.9     0.2    15.7     8.0   330.0
SUMMERSIDE_A  1990  10  18  291     11.9    17.5     6.9  -999.9     0.2    16.9    15.0   330.0
SUMMERSIDE_A  1990  10  19  292      4.5    18.5    10.7  -999.9     7.4    40.2    11.0   330.0
SUMMERSIDE_A  1990  10  20  293      0.2     8.6     8.2  -999.9     0.0    32.1     4.7   330.0
SUMMERSIDE_A  1990  10  21  294     -0.3    10.2     9.0  -999.9     0.0    13.7     6.5   330.0
SUMMERSIDE_A  1990  10  22  295      7.1    14.6     7.5  -999.9     1.0    24.6    11.2   330.0
SUMMERSIDE_A  1990  10  23  296      5.6    11.2     6.4  -999.9     0.8    13.2     8.9   330.0
SUMMERSIDE_A  1990  10  24  297      5.7    15.7     8.4  -999.9    14.2    27.6    12.5   330.0
SUMMERSIDE_A  1990  10  25  298      4.9     7.1     3.9  -999.9     0.0    13.5     8.0   330.0
SUMMERSIDE_A  1990  10  26  299      4.1     6.6     4.1  -999.9     6.0    23.8     7.5   330.0
SUMMERSIDE_A  1990  10  27  300      0.8     5.7     5.7  -999.9     7.2    40.3     6.5   330.0
SUMMERSIDE_A  1990  10  28  301      0.4     6.0     6.0  -999.9     0.0    12.9     5.4   330.0
SUMMERSIDE_A  1990  10  29  302      3.7     7.6     4.9  -999.9    20.6    25.4     7.8   330.0
SUMMERSIDE_A  1990  10  30  303      0.8     6.9     6.1  -999.9     4.2    35.6     6.7   330.0
SUMMERSIDE_A  1990  10  31  304      0.0     6.4     6.1  -999.9     0.0    32.5     4.7   330.0
SUMMERSIDE_A  1990  11   1  305     -1.9     2.2     4.8  -999.9     0.0    28.9     3.6   330.0
SUMMERSIDE_A  1990  11   2  306     -2.1     4.4     6.0  -999.9     0.0    16.5     4.3   330.0
SUMMERSIDE_A  1990  11   3  307     -0.5     4.8     5.3  -999.9     1.2    10.1     5.8   330.0
SUMMERSIDE_A  1990  11   4  308      2.4    12.9     7.4  -999.9     5.2    22.6     9.1   330.0
SUMMERSIDE_A  1990  11   5  309     -1.2     5.5     5.8  -999.9     0.0    23.8     4.8   330.0
SUMMERSIDE_A  1990  11   6  310      1.4     3.2     3.0  -999.9    39.6    25.1     5.7   330.0
SUMMERSIDE_A  1990  11   7  311     -1.5     3.0     4.7  -999.9     5.8    28.7     5.9   330.0
SUMMERSIDE_A  1990  11   8  312     -2.9     0.5     4.0  -999.9     0.2    20.4     4.6   330.0
SUMMERSIDE_A  1990  11   9  313     -2.2     3.9     5.3  -999.9     0.0    26.7     5.0   330.0
SUMMERSIDE_A  1990  11  10  314     -1.2     5.5     5.4  -999.9     0.4    10.0     6.2   330.0
SUMMERSIDE_A  1990  11  11  315     -1.3    12.1     7.6  -999.9     5.0    47.0     7.4   330.0
SUMMERSIDE_A  1990  11  12  316     -4.3     0.9     4.7  -999.9     0.0    47.5     3.6   330.0
SUMMERSIDE_A  1990  11  13  317     -5.2     2.1     5.5  -999.9     2.0    36.7     3.8   330.0
SUMMERSIDE_A  1990  11  14  318     -2.1     4.1     5.0  -999.9     0.0    20.4     5.0   330.0
SUMMERSIDE_A  1990  11  15  319     -1.8     4.8     5.1  -999.9     0.0    20.7     4.7   330.0
SUMMERSIDE_A  1990  11  16  320     -0.4     6.6     5.2  -999.9     0.0     8.1     6.3   330.0
SUMMERSIDE_A  1990  11  17  321      2.7     8.3     4.6  -999.9     1.4    21.8     8.2   330.0
SUMMERSIDE_A  1990  11  18  322      0.4     2.9     3.0  -999.9    31.0    33.5     6.5   330.0
SUMMERSIDE_A  1990  11  19  323      1.0     3.9     3.2  -999.9    19.8    34.5     7.0   330.0
SUMMERSIDE_A  1990  11  20  324      0.7     3.7     3.2  -999.9     0.4    22.0     6.8   330.0
SUMMERSIDE_A  1990  11  21  325      1.1     3.1     2.6  -999.9     1.8    24.4     6.8   330.0
SUMMERSIDE_A  1990  11  22  326      2.2     4.6     2.8  -999.9     0.6    17.0     7.4   330.0
SUMMERSIDE_A  1990  11  23  327      1.1     4.0     3.1  -999.9     0.0     3.2     6.8   330.0
SUMMERSIDE_A  1990  11  24  328      2.7     8.1     4.1  -999.9    10.6    17.5     8.5   330.0
SUMMERSIDE_A  1990  11  25  329      1.2     7.9     4.6  -999.9     0.6    32.2     6.6   330.0
SUMMERSIDE_A  1990  11  26  330     -3.7     3.8     4.8  -999.9     0.0    42.1     3.7   330.0
SUMMERSIDE_A  1990  11  27  331     -5.8     3.3     5.2  -999.9     2.8    18.9     4.1   330.0
SUMMERSIDE_A  1990  11  28  332      3.0    10.1     4.6  -999.9     0.0    21.7     9.2   330.0
SUMMERSIDE_A  1990  11  29  333      1.6    10.9     5.2  -999.9     0.2    18.6     8.1   330.0
SUMMERSIDE_A  1990  11  30  334     -5.4     1.7     4.5  -999.9     0.0    18.3     3.5   330.0
SUMMERSIDE_A  1990  12   1  335     -6.0     4.7     5.4  -999.9     0.0    19.2     4.0   330.0
SUMMERSIDE_A  1990  12   2  336     -1.6     7.9     5.1  -999.9     0.0    15.4     5.9   330.0
SUMMERSIDE_A  1990  12   3  337     -5.3    -1.3     3.3  -999.9     0.0    19.2     3.2   330.0
SUMMERSIDE_A  1990  12   4  338     -4.2     5.3     5.0  -999.9    45.4    29.7     5.5   330.0
SUMMERSIDE_A  1990  12   5  339     -2.1     8.1     5.2  -999.9    12.0    27.0     7.1   330.0
SUMMERSIDE_A  1990  12   6  340     -5.3    -0.1     3.7  -999.9     0.0    24.8     3.8   330.0
SUMMERSIDE_A  1990  12   7  341     -2.6     1.2     3.1  -999.9     0.0    13.9     4.5   330.0
SUMMERSIDE_A  1990  12   8  342      0.0     1.9     2.2  -999.9    26.4     7.8     6.1   330.0
SUMMERSIDE_A  1990  12   9  343     -6.4     0.8     4.2  -999.9     9.8    22.8     4.7   330.0
SUMMERSIDE_A  1990  12  10  344     -5.6     1.1     4.1  -999.9     0.0    18.2     4.4   330.0
SUMMERSIDE_A  1990  12  11  345     -9.9    -5.3     3.3  -999.9     0.2    31.8     2.2   330.0
SUMMERSIDE_A  1990  12  12  346     -9.6    -6.0     3.0  -999.9     0.2    24.0     2.3   330.0
SUMMERSIDE_A  1990  12  13  347     -8.0     5.4     5.7  -999.9     2.2    22.3     4.4   330.0
SUMMERSIDE_A  1990  12  14  348    -12.1     2.0     5.8  -999.9     0.2    30.3     2.7   330.0
SUMMERSIDE_A  1990  12  15  349    -12.0     0.6     5.5  -999.9     1.8    18.8     2.8   330.0
SUMMERSIDE_A  1990  12  16  350     -0.8     3.5     3.2  -999.9    19.4    17.7     6.5   330.0
SUMMERSIDE_A  1990  12  17  351     -1.6     1.4     2.7  -999.9     2.4    22.1     5.8   330.0
SUMMERSIDE_A  1990  12  18  352     -4.9     7.9     5.5  -999.9     9.4    22.8     6.1   330.0
SUMMERSIDE_A  1990  12  19  353     -3.4     8.5     5.3  -999.9     7.2    23.4     6.3   330.0
SUMMERSIDE_A  1990  12  20  354    -10.0    -3.4     3.9  -999.9     0.4    20.7     2.8   330.0
SUMMERSIDE_A  1990  12  21  355     -9.3     3.4     5.5  -999.9    14.2    18.1     4.3   330.0
SUMMERSIDE_A  1990  12  22  356      0.2     5.0     3.4  -999.9    33.2    14.5     7.2   330.0
SUMMERSIDE_A  1990  12  23  357      0.0    11.4     5.2  -999.9     3.0    21.1     8.8   330.0
SUMMERSIDE_A  1990  12  24  358     -5.6     3.5     4.6  -999.9    40.2    19.9     5.1   330.0
SUMMERSIDE_A  1990  12  25  359     -8.9    -4.3     3.3  -999.9     0.0    19.0     2.5   330.0
SUMMERSIDE_A  1990  12  26  360    -12.0     1.9     5.7  -999.9     0.6    30.1     2.9   330.0
SUMMERSIDE_A  1990  12  27  361    -15.6   -11.6     3.1  -999.9     0.0    23.6     1.3   330.0
SUMMERSIDE_A  1990  12  28  362    -15.1    -7.3     4.3  -999.9     0.0     8.7     1.9   330.0
SUMMERSIDE_A  1990  12  29  363     -7.4     3.8     5.2  -999.9     5.2    21.9     4.5   330.0
SUMMERSIDE_A  1990  12  30  364      3.3     5.5     2.3  -999.9     6.8    19.2     8.3   330.0
SUMMERSIDE_A  1990  12  31  365    -14.8     4.2     6.9  -999.9     7.8    26.5     3.6   330.0
