SUMMERSIDE_A  1993   1   1    1     -4.5    -0.8     1.0  -999.9     2.4     3.6     4.9   330.0
SUMMERSIDE_A  1993   1   2    2    -14.5    -6.3     2.5  -999.9     0.6    10.9     2.1   330.0
SUMMERSIDE_A  1993   1   3    3    -12.2    -8.6     5.8  -999.9     0.2     6.7     2.4   330.0
SUMMERSIDE_A  1993   1   4    4     -7.8     2.4     2.6  -999.9     2.1     7.1     5.6   330.0
SUMMERSIDE_A  1993   1   5    5     -3.0     7.8     1.1  -999.9    12.9     7.1     7.3   330.0
SUMMERSIDE_A  1993   1   6    6     -5.6    -2.4     2.9  -999.9     0.1     4.2     3.7   330.0
SUMMERSIDE_A  1993   1   7    7     -5.9     0.8     6.9  -999.9     0.0     4.0     4.3   330.0
SUMMERSIDE_A  1993   1   8    8     -8.5    -0.9     1.3  -999.9     1.3     5.4     4.4   330.0
SUMMERSIDE_A  1993   1   9    9    -14.3    -9.4     2.5  -999.9     0.0     7.2     1.9   330.0
SUMMERSIDE_A  1993   1  10   10    -15.9   -12.2     3.8  -999.9     0.1     4.2     1.7   330.0
SUMMERSIDE_A  1993   1  11   11    -16.1    -9.2     6.3  -999.9     0.0     5.2     2.0   330.0
SUMMERSIDE_A  1993   1  12   12    -14.9    -8.2     7.4  -999.9     0.0     4.4     2.3   330.0
SUMMERSIDE_A  1993   1  13   13    -12.2    -8.6     4.8  -999.9     0.1     5.3     2.4   330.0
SUMMERSIDE_A  1993   1  14   14    -12.6    -9.6     5.7  -999.9     0.1     7.3     2.2   330.0
SUMMERSIDE_A  1993   1  15   15    -15.4    -7.8     5.7  -999.9     0.2     3.9     2.1   330.0
SUMMERSIDE_A  1993   1  16   16     -9.3    -3.9     6.0  -999.9     0.5     3.7     3.4   330.0
SUMMERSIDE_A  1993   1  17   17     -9.6    -4.3     3.4  -999.9     0.0     3.0     3.6   330.0
SUMMERSIDE_A  1993   1  18   18    -12.3    -4.0     6.4  -999.9     0.1     8.8     2.9   330.0
SUMMERSIDE_A  1993   1  19   19    -18.4   -12.4     2.6  -999.9     0.1     9.6     1.4   330.0
SUMMERSIDE_A  1993   1  20   20    -17.5    -9.5     4.1  -999.9     0.1     5.6     2.0   330.0
SUMMERSIDE_A  1993   1  21   21    -13.1    -7.3     3.9  -999.9     0.0     4.4     2.4   330.0
SUMMERSIDE_A  1993   1  22   22    -10.1     1.3     8.2  -999.9     0.1     3.9     4.2   330.0
SUMMERSIDE_A  1993   1  23   23     -2.9     3.8     1.1  -999.9     7.1     6.5     6.5   330.0
SUMMERSIDE_A  1993   1  24   24     -1.0     3.0     4.3  -999.9     0.2     4.9     5.8   330.0
SUMMERSIDE_A  1993   1  25   25     -8.0     6.8     6.9  -999.9     1.4    11.6     4.7   330.0
SUMMERSIDE_A  1993   1  26   26    -15.5    -8.9     4.6  -999.9     0.0     8.3     1.7   330.0
SUMMERSIDE_A  1993   1  27   27    -15.2    -3.9     3.7  -999.9     7.0     5.2     2.7   330.0
SUMMERSIDE_A  1993   1  28   28     -9.9    -2.4     4.0  -999.9     1.3     6.9     3.8   330.0
SUMMERSIDE_A  1993   1  29   29    -12.5    -2.5     2.0  -999.9     2.7     6.0     3.0   330.0
SUMMERSIDE_A  1993   1  30   30    -22.9    -9.9     2.4  -999.9     0.3    10.4     1.3   330.0
SUMMERSIDE_A  1993   1  31   31    -24.5   -18.9     4.9  -999.9     0.0     5.3     0.9   330.0
SUMMERSIDE_A  1993   2   1   32    -18.3   -11.8     1.3  -999.9     0.2     8.3     1.8   330.0
SUMMERSIDE_A  1993   2   2   33    -17.6   -11.9     2.9  -999.9     0.0     5.7     1.7   330.0
SUMMERSIDE_A  1993   2   3   34    -16.9    -6.9     9.7  -999.9     0.1     3.4     2.2   330.0
SUMMERSIDE_A  1993   2   4   35    -12.4    -7.2     8.4  -999.9     0.3     6.8     2.7   330.0
SUMMERSIDE_A  1993   2   5   36    -15.5    -6.1     2.5  -999.9     0.9     6.5     2.2   330.0
SUMMERSIDE_A  1993   2   6   37    -21.7   -13.5    10.2  -999.9     0.1     6.7     1.1   330.0
SUMMERSIDE_A  1993   2   7   38    -19.5   -13.4     5.0  -999.9     0.0     2.8     1.4   330.0
SUMMERSIDE_A  1993   2   8   39    -14.5    -5.1     1.9  -999.9     1.4     6.4     2.7   330.0
SUMMERSIDE_A  1993   2   9   40    -17.0   -13.2     2.6  -999.9     0.0     7.6     1.5   330.0
SUMMERSIDE_A  1993   2  10   41    -17.1    -1.4     7.2  -999.9     2.0     6.2     2.9   330.0
SUMMERSIDE_A  1993   2  11   42    -16.1    -5.3     9.4  -999.9     0.0     6.4     2.2   330.0
SUMMERSIDE_A  1993   2  12   43    -18.2    -9.0     6.0  -999.9     0.0     3.4     1.9   330.0
SUMMERSIDE_A  1993   2  13   44    -11.4     4.7     7.2  -999.9    10.5     8.2     5.0   330.0
SUMMERSIDE_A  1993   2  14   45     -5.4     1.8     4.2  -999.9     0.3     6.7     5.2   330.0
SUMMERSIDE_A  1993   2  15   46    -10.1    -3.8     5.4  -999.9     0.0     5.1     3.0   330.0
SUMMERSIDE_A  1993   2  16   47    -12.8    -4.3     8.6  -999.9     0.2     3.4     2.6   330.0
SUMMERSIDE_A  1993   2  17   48     -6.0     6.3     2.8  -999.9    15.3    11.5     5.4   330.0
SUMMERSIDE_A  1993   2  18   49    -13.2    -4.9    11.5  -999.9     0.0     5.9     2.3   330.0
SUMMERSIDE_A  1993   2  19   50    -13.5   -11.4     3.3  -999.9     0.5     8.9     1.9   330.0
SUMMERSIDE_A  1993   2  20   51    -16.9   -10.0     8.0  -999.9     0.0     6.4     1.7   330.0
SUMMERSIDE_A  1993   2  21   52    -18.6   -13.0    10.6  -999.9     0.0     4.6     1.4   330.0
SUMMERSIDE_A  1993   2  22   53    -17.7    -5.2     2.6  -999.9     5.8     6.5     2.5   330.0
SUMMERSIDE_A  1993   2  23   54    -10.4    -7.3     4.2  -999.9     0.2     4.3     3.0   330.0
SUMMERSIDE_A  1993   2  24   55    -10.5    -2.3    12.2  -999.9     0.2     3.7     3.5   330.0
SUMMERSIDE_A  1993   2  25   56     -9.2    -6.3    10.1  -999.9     0.1     4.6     2.9   330.0
SUMMERSIDE_A  1993   2  26   57    -14.8    -7.2    11.8  -999.9     0.0     4.9     2.4   330.0
SUMMERSIDE_A  1993   2  27   58    -15.6    -9.3    12.3  -999.9     0.0     4.3     2.1   330.0
SUMMERSIDE_A  1993   2  28   59    -16.7    -8.0     7.0  -999.9     0.9     7.5     2.3   330.0
SUMMERSIDE_A  1993   3   1   60     -8.0    -5.0     8.5  -999.9     7.6    12.1     3.6   330.0
SUMMERSIDE_A  1993   3   2   61     -6.2    -1.4    11.9  -999.9     0.7     7.3     4.0   330.0
SUMMERSIDE_A  1993   3   3   62     -8.3    -0.1    14.0  -999.9     0.1     5.5     3.8   330.0
SUMMERSIDE_A  1993   3   4   63    -12.3    -6.4     9.3  -999.9     0.0     4.9     2.7   330.0
SUMMERSIDE_A  1993   3   5   64    -12.3    -5.6     9.4  -999.9     0.2     8.7     3.0   330.0
SUMMERSIDE_A  1993   3   6   65     -5.5    -2.5     9.7  -999.9     8.5    11.8     4.2   330.0
SUMMERSIDE_A  1993   3   7   66     -7.7    -3.8     5.2  -999.9     2.3     7.8     3.8   330.0
SUMMERSIDE_A  1993   3   8   67     -9.7    -0.7    13.9  -999.9     0.0     6.0     3.7   330.0
SUMMERSIDE_A  1993   3   9   68    -10.5    -2.4    10.9  -999.9     0.2     5.0     3.5   330.0
SUMMERSIDE_A  1993   3  10   69    -12.9    -6.1    13.4  -999.9     0.0     4.1     2.6   330.0
SUMMERSIDE_A  1993   3  11   70    -13.4    -7.5     9.6  -999.9     2.5     6.3     2.8   330.0
SUMMERSIDE_A  1993   3  12   71    -13.8    -6.5    12.3  -999.9     0.1     6.9     2.6   330.0
SUMMERSIDE_A  1993   3  13   72    -18.9    -3.9    12.6  -999.9     5.3     5.1     2.4   330.0
SUMMERSIDE_A  1993   3  14   73     -8.0     3.5    12.4  -999.9    14.2    10.8     5.1   330.0
SUMMERSIDE_A  1993   3  15   74    -14.5    -8.0    11.8  -999.9     0.1     9.0     1.9   330.0
SUMMERSIDE_A  1993   3  16   75    -14.1     0.3    16.3  -999.9     0.0     7.5     3.0   330.0
SUMMERSIDE_A  1993   3  17   76     -5.6     7.0     9.6  -999.9     4.8    11.5     6.6   330.0
SUMMERSIDE_A  1993   3  18   77    -13.5    -5.5     8.1  -999.9     6.6    11.1     2.1   330.0
SUMMERSIDE_A  1993   3  19   78    -13.8    -4.0    17.2  -999.9     0.0     4.2     2.4   330.0
SUMMERSIDE_A  1993   3  20   79    -11.5     1.6    16.1  -999.9     0.0     3.4     3.7   330.0
SUMMERSIDE_A  1993   3  21   80     -5.8     3.6     9.3  -999.9     1.0     4.6     4.9   330.0
SUMMERSIDE_A  1993   3  22   81     -1.6     3.6    12.1  -999.9     0.4     5.0     5.6   330.0
SUMMERSIDE_A  1993   3  23   82     -6.7    -0.6    12.8  -999.9     0.0     6.1     3.7   330.0
SUMMERSIDE_A  1993   3  24   83     -8.8     4.6    20.8  -999.9     0.0     2.8     3.7   330.0
SUMMERSIDE_A  1993   3  25   84     -3.1     7.8    18.0  -999.9     0.0     4.9     5.8   330.0
SUMMERSIDE_A  1993   3  26   85      0.6    11.2    21.0  -999.9     0.0     3.8     7.3   330.0
SUMMERSIDE_A  1993   3  27   86     -0.5    13.7    21.1  -999.9     0.0     2.5     7.3   330.0
SUMMERSIDE_A  1993   3  28   87     -1.5     9.9    21.2  -999.9     0.0     3.3     6.5   330.0
SUMMERSIDE_A  1993   3  29   88     -0.4     6.5    14.4  -999.9     0.0     3.6     6.3   330.0
SUMMERSIDE_A  1993   3  30   89     -2.0     2.9    16.1  -999.9     0.0     5.6     5.5   330.0
SUMMERSIDE_A  1993   3  31   90     -6.0    -0.7    19.7  -999.9     0.0     7.9     3.4   330.0
SUMMERSIDE_A  1993   4   1   91     -5.9     0.7    20.3  -999.9     0.7     3.5     3.4   330.0
SUMMERSIDE_A  1993   4   2   92     -3.9    -1.1    10.7  -999.9     9.8     9.2     4.4   330.0
SUMMERSIDE_A  1993   4   3   93     -4.1    -0.3     1.1  -999.9     5.3     7.9     4.6   330.0
SUMMERSIDE_A  1993   4   4   94     -4.3     0.5    16.5  -999.9     0.2     5.2     4.7   330.0
SUMMERSIDE_A  1993   4   5   95     -6.6     4.0    16.6  -999.9     0.0     3.0     4.7   330.0
SUMMERSIDE_A  1993   4   6   96     -3.3     7.9    20.0  -999.9     0.0     2.0     4.9   330.0
SUMMERSIDE_A  1993   4   7   97     -3.1    11.2    21.1  -999.9     0.0     3.3     5.6   330.0
SUMMERSIDE_A  1993   4   8   98     -2.2     9.0    17.0  -999.9     0.0     3.6     6.4   330.0
SUMMERSIDE_A  1993   4   9   99     -0.6    11.6    23.6  -999.9     0.0     3.3     6.5   330.0
SUMMERSIDE_A  1993   4  10  100     -1.4    11.2    21.8  -999.9     0.0     5.4     7.2   330.0
SUMMERSIDE_A  1993   4  11  101      2.6    10.8    17.9  -999.9     0.0     7.3     8.7   330.0
SUMMERSIDE_A  1993   4  12  102     -2.3     5.2    19.2  -999.9     1.4     5.3     6.3   330.0
SUMMERSIDE_A  1993   4  13  103     -0.6     2.4    14.6  -999.9     2.5    10.9     5.8   330.0
SUMMERSIDE_A  1993   4  14  104     -2.2    -0.1    16.0  -999.9     3.0     8.5     5.0   330.0
SUMMERSIDE_A  1993   4  15  105     -3.7     2.2    15.6  -999.9     0.2     5.7     5.1   330.0
SUMMERSIDE_A  1993   4  16  106     -3.8     4.5    17.8  -999.9     0.0     3.7     5.5   330.0
SUMMERSIDE_A  1993   4  17  107      1.8    10.3    15.5  -999.9     0.2     7.3     7.8   330.0
SUMMERSIDE_A  1993   4  18  108      3.4     9.2    17.4  -999.9     1.1     6.7     9.2   330.0
SUMMERSIDE_A  1993   4  19  109      1.5    10.4    25.2  -999.9     2.4     4.4     6.8   330.0
SUMMERSIDE_A  1993   4  20  110      1.2     9.2    20.2  -999.9     0.5     4.2     5.9   330.0
SUMMERSIDE_A  1993   4  21  111      3.2    14.6    22.1  -999.9     0.1     6.9     9.8   330.0
SUMMERSIDE_A  1993   4  22  112      6.9    10.7     4.1  -999.9    12.3     2.8    11.1   330.0
SUMMERSIDE_A  1993   4  23  113      3.7    13.0    13.8  -999.9     1.1     6.8     9.6   330.0
SUMMERSIDE_A  1993   4  24  114      0.2     4.9    14.8  -999.9     1.3     6.9     6.2   330.0
SUMMERSIDE_A  1993   4  25  115     -1.3    10.2    21.0  -999.9     1.1     5.1     5.9   330.0
SUMMERSIDE_A  1993   4  26  116      1.0     8.7     6.1  -999.9     2.5     5.3     8.3   330.0
SUMMERSIDE_A  1993   4  27  117     -2.8     0.6     5.7  -999.9     3.5     6.0     4.6   330.0
SUMMERSIDE_A  1993   4  28  118     -3.3     4.8    25.6  -999.9     0.0     3.9     4.6   330.0
SUMMERSIDE_A  1993   4  29  119     -3.4     5.2    15.1  -999.9     0.2     4.8     6.1   330.0
SUMMERSIDE_A  1993   4  30  120      0.7     2.6    23.7  -999.9     0.8     6.0     6.6   330.0
SUMMERSIDE_A  1993   5   1  121      0.5     7.2     7.8  -999.9     1.6     2.3     7.3   330.0
SUMMERSIDE_A  1993   5   2  122      0.8     8.1    21.8  -999.9     0.1     4.8     6.9   330.0
SUMMERSIDE_A  1993   5   3  123     -1.4    10.8    26.4  -999.9     0.0     4.7     6.2   330.0
SUMMERSIDE_A  1993   5   4  124      1.2    13.2    15.7  -999.9     0.1     7.7     8.4   330.0
SUMMERSIDE_A  1993   5   5  125      5.8    15.7    20.6  -999.9     0.0     6.8    11.2   330.0
SUMMERSIDE_A  1993   5   6  126      5.0    14.6    13.5  -999.9     2.0     6.9    11.6   330.0
SUMMERSIDE_A  1993   5   7  127      1.2     8.0    19.3  -999.9     0.1     3.7     7.5   330.0
SUMMERSIDE_A  1993   5   8  128      0.1    15.0    27.8  -999.9     0.0     5.4     8.3   330.0
SUMMERSIDE_A  1993   5   9  129     -0.7     6.6    24.9  -999.9     0.1     4.7     5.7   330.0
SUMMERSIDE_A  1993   5  10  130     -1.9     4.3    26.5  -999.9     0.0     4.3     4.1   330.0
SUMMERSIDE_A  1993   5  11  131     -1.9     6.8    22.3  -999.9     1.5     4.0     5.9   330.0
SUMMERSIDE_A  1993   5  12  132      0.3     8.1     9.1  -999.9     1.4     4.4     7.1   330.0
SUMMERSIDE_A  1993   5  13  133      1.1     8.7     8.5  -999.9     6.2     6.0     8.2   330.0
SUMMERSIDE_A  1993   5  14  134      2.2    10.2    18.4  -999.9     0.0     3.2     7.9   330.0
SUMMERSIDE_A  1993   5  15  135      2.8     7.0    14.6  -999.9     0.1     4.1     7.9   330.0
SUMMERSIDE_A  1993   5  16  136      3.1    16.9    19.7  -999.9     0.0     5.1    10.2   330.0
SUMMERSIDE_A  1993   5  17  137      7.4    13.7    12.8  -999.9     1.4     4.3    10.2   330.0
SUMMERSIDE_A  1993   5  18  138      5.3    13.8    28.1  -999.9     0.0     5.1     8.5   330.0
SUMMERSIDE_A  1993   5  19  139      5.0    11.8    22.6  -999.9     0.7     3.9     8.8   330.0
SUMMERSIDE_A  1993   5  20  140      4.4    11.8    23.1  -999.9     2.6     3.3     9.0   330.0
SUMMERSIDE_A  1993   5  21  141      6.6    15.5    23.2  -999.9     6.7     4.9    12.8   330.0
SUMMERSIDE_A  1993   5  22  142      7.0    18.1    23.5  -999.9     1.4     3.0    11.2   330.0
SUMMERSIDE_A  1993   5  23  143      6.0    10.1    22.6  -999.9     5.6     6.4     9.5   330.0
SUMMERSIDE_A  1993   5  24  144      6.4    13.3    24.6  -999.9     1.7     5.5     9.5   330.0
SUMMERSIDE_A  1993   5  25  145      6.3    16.2    22.1  -999.9     1.2     3.0    11.0   330.0
SUMMERSIDE_A  1993   5  26  146      9.4    16.7    24.7  -999.9     1.4     2.3    12.9   330.0
SUMMERSIDE_A  1993   5  27  147      6.4    11.9     7.9  -999.9     0.9     4.0    10.5   330.0
SUMMERSIDE_A  1993   5  28  148      6.4    12.6    24.2  -999.9     0.2     3.8     9.7   330.0
SUMMERSIDE_A  1993   5  29  149      5.9    14.4    26.4  -999.9    12.2     6.0    10.3   330.0
SUMMERSIDE_A  1993   5  30  150      4.2     6.3    25.1  -999.9     9.8    10.7     8.4   330.0
SUMMERSIDE_A  1993   5  31  151      4.0     8.7    24.4  -999.9     0.4     5.9     8.1   330.0
SUMMERSIDE_A  1993   6   1  152      3.8    11.5     7.7  -999.9     2.1     5.5     8.5   330.0
SUMMERSIDE_A  1993   6   2  153      6.3    13.9    20.5  -999.9     1.2     8.6     9.8   330.0
SUMMERSIDE_A  1993   6   3  154      7.8    14.5    28.1  -999.9     0.7     4.7    10.7   330.0
SUMMERSIDE_A  1993   6   4  155      5.2    13.0    17.8  -999.9     1.2     3.5    10.2   330.0
SUMMERSIDE_A  1993   6   5  156      4.8    16.6    30.6  -999.9     0.0     3.5     9.5   330.0
SUMMERSIDE_A  1993   6   6  157      8.2    16.5    21.8  -999.9     1.1     4.8     9.5   330.0
SUMMERSIDE_A  1993   6   7  158      6.4    10.7     3.4  -999.9    15.4     8.3    10.1   330.0
SUMMERSIDE_A  1993   6   8  159      6.0    13.6    15.8  -999.9     0.6     7.2     9.6   330.0
SUMMERSIDE_A  1993   6   9  160      8.0    15.3    30.3  -999.9     0.0     4.1     9.9   330.0
SUMMERSIDE_A  1993   6  10  161      8.1    13.9    11.4  -999.9     8.4     4.2    11.4   330.0
SUMMERSIDE_A  1993   6  11  162      5.7    13.1    27.0  -999.9     0.6     5.6     9.4   330.0
SUMMERSIDE_A  1993   6  12  163      6.1    11.3    21.1  -999.9     0.0     5.5     9.1   330.0
SUMMERSIDE_A  1993   6  13  164      5.2    19.5    27.5  -999.9     0.0     3.2    10.8   330.0
SUMMERSIDE_A  1993   6  14  165     10.5    21.9     9.9  -999.9     1.3     3.0    15.4   330.0
SUMMERSIDE_A  1993   6  15  166     13.4    24.2    29.3  -999.9     0.1     4.3    17.1   330.0
SUMMERSIDE_A  1993   6  16  167     11.5    20.3    28.7  -999.9     0.1     6.5    15.3   330.0
SUMMERSIDE_A  1993   6  17  168     11.6    21.6    25.5  -999.9     0.2     2.9    15.3   330.0
SUMMERSIDE_A  1993   6  18  169     12.3    20.0    19.0  -999.9     0.0     4.4    14.9   330.0
SUMMERSIDE_A  1993   6  19  170     12.0    18.7    17.3  -999.9     0.7     2.3    15.3   330.0
SUMMERSIDE_A  1993   6  20  171     11.6    18.4    29.9  -999.9     0.0     4.0    11.3   330.0
SUMMERSIDE_A  1993   6  21  172     10.8    19.0    17.3  -999.9     5.0     4.5    14.2   330.0
SUMMERSIDE_A  1993   6  22  173     12.3    19.9     3.4  -999.9    18.7     4.2    16.6   330.0
SUMMERSIDE_A  1993   6  23  174      9.0    12.0     4.2  -999.9    13.9    10.5    11.7   330.0
SUMMERSIDE_A  1993   6  24  175      9.0    13.3    20.8  -999.9     0.0     7.4    10.3   330.0
SUMMERSIDE_A  1993   6  25  176      8.3    19.7    23.1  -999.9     0.0     4.4    12.4   330.0
SUMMERSIDE_A  1993   6  26  177     11.4    23.1    27.6  -999.9     0.0     7.0    14.9   330.0
SUMMERSIDE_A  1993   6  27  178     14.0    21.7    21.9  -999.9     0.2     5.2    16.8   330.0
SUMMERSIDE_A  1993   6  28  179     13.0    20.5     7.7  -999.9     8.1     5.9    17.4   330.0
SUMMERSIDE_A  1993   6  29  180     14.4    19.1    10.2  -999.9     4.6     4.3    16.5   330.0
SUMMERSIDE_A  1993   6  30  181     10.6    18.5    16.0  -999.9     3.4     3.4    15.2   330.0
SUMMERSIDE_A  1993   7   1  182      9.8    20.6    27.0  -999.9     0.1     3.2    13.7   330.0
SUMMERSIDE_A  1993   7   2  183     11.5    22.7    28.9  -999.9     0.0     3.0    15.0   330.0
SUMMERSIDE_A  1993   7   3  184     11.4    20.0    23.4  -999.9    10.4     5.7    13.8   330.0
SUMMERSIDE_A  1993   7   4  185     12.2    19.7    15.2  -999.9     6.9     5.0    16.5   330.0
SUMMERSIDE_A  1993   7   5  186     11.5    15.2    22.2  -999.9     0.2     7.5    11.8   330.0
SUMMERSIDE_A  1993   7   6  187     10.0    18.0    26.9  -999.9     0.0     3.7    12.3   330.0
SUMMERSIDE_A  1993   7   7  188     11.4    16.6    18.6  -999.9     2.2     2.2    13.6   330.0
SUMMERSIDE_A  1993   7   8  189     11.8    25.3    27.5  -999.9     0.0     2.3    16.4   330.0
SUMMERSIDE_A  1993   7   9  190     13.7    21.4    28.7  -999.9     0.0     2.2    15.0   330.0
SUMMERSIDE_A  1993   7  10  191     13.9    23.3    19.9  -999.9     1.8     2.5    16.2   330.0
SUMMERSIDE_A  1993   7  11  192     16.3    23.6    23.8  -999.9     1.3     5.0    18.9   330.0
SUMMERSIDE_A  1993   7  12  193     13.4    18.4    22.4  -999.9     0.2     3.3    15.4   330.0
SUMMERSIDE_A  1993   7  13  194     14.9    24.2    17.3  -999.9     0.7     3.7    18.4   330.0
SUMMERSIDE_A  1993   7  14  195     15.4    23.1    24.2  -999.9     0.1     3.0    17.8   330.0
SUMMERSIDE_A  1993   7  15  196     14.0    21.3     7.5  -999.9     5.5     4.0    18.0   330.0
SUMMERSIDE_A  1993   7  16  197     12.7    18.0    16.5  -999.9     2.9     5.7    14.6   330.0
SUMMERSIDE_A  1993   7  17  198     12.1    13.2    10.5  -999.9     5.4     9.6    12.6   330.0
SUMMERSIDE_A  1993   7  18  199     10.6    14.3    15.2  -999.9     0.9     7.5    11.9   330.0
SUMMERSIDE_A  1993   7  19  200     10.1    19.5    23.0  -999.9     0.0     2.8    13.2   330.0
SUMMERSIDE_A  1993   7  20  201     11.8    21.2    20.2  -999.9     0.0     4.5    15.5   330.0
SUMMERSIDE_A  1993   7  21  202     14.6    21.6     8.8  -999.9    16.8     4.6    17.6   330.0
SUMMERSIDE_A  1993   7  22  203     12.8    20.7    15.2  -999.9     1.9     3.2    15.9   330.0
SUMMERSIDE_A  1993   7  23  204     13.3    17.5    12.4  -999.9     3.8     3.2    15.4   330.0
SUMMERSIDE_A  1993   7  24  205     11.4    17.6    15.3  -999.9     3.5     4.9    14.2   330.0
SUMMERSIDE_A  1993   7  25  206     11.0    14.6    16.4  -999.9     1.6     5.6    12.2   330.0
SUMMERSIDE_A  1993   7  26  207     10.8    20.9    28.2  -999.9     0.0     2.6    13.8   330.0
SUMMERSIDE_A  1993   7  27  208     11.1    20.0    27.3  -999.9     0.0     4.9    13.9   330.0
SUMMERSIDE_A  1993   7  28  209     14.4    20.4     6.5  -999.9     4.4     5.7    17.8   330.0
SUMMERSIDE_A  1993   7  29  210     16.1    22.3    13.0  -999.9     3.3     3.3    19.6   330.0
SUMMERSIDE_A  1993   7  30  211     17.0    23.3    12.2  -999.9     0.7     5.5    20.8   330.0
SUMMERSIDE_A  1993   7  31  212     16.8    22.8    15.1  -999.9     2.8     4.5    20.4   330.0
SUMMERSIDE_A  1993   8   1  213     15.4    24.6    22.3  -999.9     0.0     3.6    19.5   330.0
SUMMERSIDE_A  1993   8   2  214     16.2    20.2     7.9  -999.9     4.5     3.2    19.2   330.0
SUMMERSIDE_A  1993   8   3  215     17.3    24.5    22.4  -999.9     0.3     5.6    20.9   330.0
SUMMERSIDE_A  1993   8   4  216     17.2    24.9    17.1  -999.9     0.5     4.4    20.6   330.0
SUMMERSIDE_A  1993   8   5  217     18.4    23.3    15.3  -999.9     2.2     2.8    20.2   330.0
SUMMERSIDE_A  1993   8   6  218     15.6    21.6    24.3  -999.9     0.1     3.3    16.6   330.0
SUMMERSIDE_A  1993   8   7  219     13.7    21.6    21.9  -999.9     0.0     2.6    15.1   330.0
SUMMERSIDE_A  1993   8   8  220     14.9    22.9    26.4  -999.9     0.0     2.3    16.4   330.0
SUMMERSIDE_A  1993   8   9  221     14.7    24.9    26.4  -999.9     0.1     3.2    17.4   330.0
SUMMERSIDE_A  1993   8  10  222     14.8    22.9    25.2  -999.9     0.0     4.3    15.8   330.0
SUMMERSIDE_A  1993   8  11  223     14.8    22.2    24.8  -999.9     0.0     4.2    15.5   330.0
SUMMERSIDE_A  1993   8  12  224     14.9    21.4    21.9  -999.9     0.0     3.7    16.9   330.0
SUMMERSIDE_A  1993   8  13  225     14.6    22.8    22.0  -999.9     0.1     2.3    18.2   330.0
SUMMERSIDE_A  1993   8  14  226     15.6    21.2    20.0  -999.9     0.1     3.9    18.2   330.0
SUMMERSIDE_A  1993   8  15  227     15.2    22.5    17.1  -999.9     0.1     4.2    17.6   330.0
SUMMERSIDE_A  1993   8  16  228     15.1    25.2    24.2  -999.9     0.0     1.9    14.7   330.0
SUMMERSIDE_A  1993   8  17  229     15.7    24.0    22.6  -999.9     0.0     5.8    16.5   330.0
SUMMERSIDE_A  1993   8  18  230     16.0    22.1    13.1  -999.9     0.4     4.0    18.3   330.0
SUMMERSIDE_A  1993   8  19  231     15.7    23.9    15.9  -999.9     0.2     3.6    17.8   330.0
SUMMERSIDE_A  1993   8  20  232     16.0    24.6    21.0  -999.9     0.0     5.1    17.0   330.0
SUMMERSIDE_A  1993   8  21  233     15.5    18.6    11.1  -999.9     5.3     6.4    14.9   330.0
SUMMERSIDE_A  1993   8  22  234     13.5    20.9    24.2  -999.9     0.0     3.6    13.2   330.0
SUMMERSIDE_A  1993   8  23  235     12.2    22.2    22.5  -999.9     0.0     5.4    14.5   330.0
SUMMERSIDE_A  1993   8  24  236     13.7    23.1    20.5  -999.9     0.0     3.4    17.0   330.0
SUMMERSIDE_A  1993   8  25  237     17.1    23.9     5.2  -999.9     2.6     7.1    19.6   330.0
SUMMERSIDE_A  1993   8  26  238     17.5    26.2    23.2  -999.9     0.0     6.1    19.1   330.0
SUMMERSIDE_A  1993   8  27  239     14.7    21.8    19.9  -999.9     0.1     4.0    15.2   330.0
SUMMERSIDE_A  1993   8  28  240     15.8    26.5    12.9  -999.9     1.6     5.9    20.0   330.0
SUMMERSIDE_A  1993   8  29  241     14.5    20.2    21.1  -999.9     0.0     5.7    12.6   330.0
SUMMERSIDE_A  1993   8  30  242     13.4    19.5    22.2  -999.9     0.0     4.9    13.0   330.0
SUMMERSIDE_A  1993   8  31  243     14.2    21.7    12.1  -999.9     0.2     5.6    12.7   330.0
SUMMERSIDE_A  1993   9   1  244     13.6    19.1    13.1  -999.9     0.9     6.1    14.1   330.0
SUMMERSIDE_A  1993   9   2  245     12.7    20.4    22.3  -999.9     0.0     2.8    12.7   330.0
SUMMERSIDE_A  1993   9   3  246     13.6    22.9     4.0  -999.9     1.1     6.8    16.4   330.0
SUMMERSIDE_A  1993   9   4  247     13.8    20.3     3.5  -999.9     3.2     5.5    18.0   330.0
SUMMERSIDE_A  1993   9   5  248     13.4    22.6    14.8  -999.9     0.0     3.0    15.7   330.0
SUMMERSIDE_A  1993   9   6  249     14.8    21.1    18.9  -999.9     0.2     3.3    16.9   330.0
SUMMERSIDE_A  1993   9   7  250     14.6    20.3     7.2  -999.9     0.3     4.8    15.5   330.0
SUMMERSIDE_A  1993   9   8  251     13.5    20.7    15.7  -999.9     0.6     3.0    14.0   330.0
SUMMERSIDE_A  1993   9   9  252     15.4    20.8     8.1  -999.9     1.8     2.6    16.1   330.0
SUMMERSIDE_A  1993   9  10  253     13.8    23.4     8.9  -999.9    10.8     7.8    18.2   330.0
SUMMERSIDE_A  1993   9  11  254     13.2    20.0    17.0  -999.9     4.8     6.4    15.3   330.0
SUMMERSIDE_A  1993   9  12  255     10.8    15.9    19.6  -999.9     0.0     6.9     9.6   330.0
SUMMERSIDE_A  1993   9  13  256     10.5    20.7    17.3  -999.9     0.0     7.7    13.7   330.0
SUMMERSIDE_A  1993   9  14  257     15.6    23.5     7.1  -999.9     0.0     8.0    17.6   330.0
SUMMERSIDE_A  1993   9  15  258     14.2    24.1    17.5  -999.9     2.3     9.1    17.6   330.0
SUMMERSIDE_A  1993   9  16  259     10.5    15.3    18.2  -999.9     0.1     6.0     9.9   330.0
SUMMERSIDE_A  1993   9  17  260     10.2    17.2    19.4  -999.9     0.0     3.4     9.2   330.0
SUMMERSIDE_A  1993   9  18  261     10.9    17.1     7.2  -999.9     3.5     5.1    14.6   330.0
SUMMERSIDE_A  1993   9  19  262      9.4    16.6    13.5  -999.9     0.3     6.2    11.0   330.0
SUMMERSIDE_A  1993   9  20  263      7.4    14.7    16.9  -999.9     0.0     7.4     7.7   330.0
SUMMERSIDE_A  1993   9  21  264      7.7    17.1    18.9  -999.9     0.0     7.0     9.3   330.0
SUMMERSIDE_A  1993   9  22  265      7.4    18.3    17.9  -999.9     0.0     2.6    10.2   330.0
SUMMERSIDE_A  1993   9  23  266      8.1    18.8    17.8  -999.9     1.5     4.8    13.1   330.0
SUMMERSIDE_A  1993   9  24  267     11.2    16.1     9.3  -999.9     2.4     7.6    11.8   330.0
SUMMERSIDE_A  1993   9  25  268      8.2    18.2    17.2  -999.9     0.0     7.1    10.8   330.0
SUMMERSIDE_A  1993   9  26  269     10.8    17.1     8.3  -999.9     2.0     3.2    13.1   330.0
SUMMERSIDE_A  1993   9  27  270     12.1    20.9     6.7  -999.9     7.0     6.5    17.5   330.0
SUMMERSIDE_A  1993   9  28  271     13.2    22.0    11.5  -999.9     2.8    10.3    16.5   330.0
SUMMERSIDE_A  1993   9  29  272     10.8    17.9    16.1  -999.9     0.0     6.8    11.9   330.0
SUMMERSIDE_A  1993   9  30  273      8.4    13.4     8.0  -999.9     0.0     5.6    10.3   330.0
SUMMERSIDE_A  1993  10   1  274      7.0    11.2    10.1  -999.9     0.0     5.3     6.4   330.0
SUMMERSIDE_A  1993  10   2  275      5.6    17.0    15.3  -999.9     0.0     7.3    10.1   330.0
SUMMERSIDE_A  1993  10   3  276      4.9    18.9     7.8  -999.9     8.5     8.3    12.7   330.0
SUMMERSIDE_A  1993  10   4  277      5.5    16.7    12.0  -999.9     0.6     9.2    10.3   330.0
SUMMERSIDE_A  1993  10   5  278      4.6    11.8     8.0  -999.9     8.4     5.9     8.0   330.0
SUMMERSIDE_A  1993  10   6  279      4.8     9.2    12.4  -999.9     0.1     6.4     6.4   330.0
SUMMERSIDE_A  1993  10   7  280      6.0    15.1     2.6  -999.9     1.4     7.5    10.8   330.0
SUMMERSIDE_A  1993  10   8  281      5.0    10.6     8.1  -999.9     1.3     4.3     7.1   330.0
SUMMERSIDE_A  1993  10   9  282      4.8    13.6     2.9  -999.9     0.6     4.6    10.3   330.0
SUMMERSIDE_A  1993  10  10  283      3.1    11.6     5.8  -999.9     1.1     6.7     8.1   330.0
SUMMERSIDE_A  1993  10  11  284      2.8     8.1    14.3  -999.9     0.0     5.9     4.5   330.0
SUMMERSIDE_A  1993  10  12  285      3.0    12.4    12.2  -999.9     0.8     5.2     6.4   330.0
SUMMERSIDE_A  1993  10  13  286      4.1    14.0     4.5  -999.9     4.1    10.3     9.1   330.0
SUMMERSIDE_A  1993  10  14  287      1.8     9.2    11.4  -999.9     0.0     5.4     5.6   330.0
SUMMERSIDE_A  1993  10  15  288      2.3    11.5    12.6  -999.9     0.0     2.9     6.9   330.0
SUMMERSIDE_A  1993  10  16  289      4.4    13.9    13.7  -999.9     0.0     4.8     9.4   330.0
SUMMERSIDE_A  1993  10  17  290      7.3    14.0     8.9  -999.9     1.0     5.7    10.3   330.0
SUMMERSIDE_A  1993  10  18  291      8.8    16.6     7.7  -999.9     7.3     8.2    13.6   330.0
SUMMERSIDE_A  1993  10  19  292      4.7     8.7     8.5  -999.9     0.0     7.0     5.9   330.0
SUMMERSIDE_A  1993  10  20  293      3.3     8.1    11.9  -999.9     0.0     4.1     5.7   330.0
SUMMERSIDE_A  1993  10  21  294      2.3    10.4     6.6  -999.9     4.6     6.5     7.1   330.0
SUMMERSIDE_A  1993  10  22  295      6.5    12.6     8.5  -999.9     5.3     9.1     9.5   330.0
SUMMERSIDE_A  1993  10  23  296      3.9     6.4     4.6  -999.9     5.2     7.9     7.4   330.0
SUMMERSIDE_A  1993  10  24  297      1.2     8.7     7.5  -999.9     2.7     6.9     6.0   330.0
SUMMERSIDE_A  1993  10  25  298      1.3     8.9     6.1  -999.9     0.4     8.5     6.2   330.0
SUMMERSIDE_A  1993  10  26  299      0.0     4.6     8.6  -999.9     0.0     3.9     4.3   330.0
SUMMERSIDE_A  1993  10  27  300      0.6     7.3     4.5  -999.9    13.2     6.3     6.9   330.0
SUMMERSIDE_A  1993  10  28  301      3.8     7.8     6.3  -999.9    11.1     9.6     8.7   330.0
SUMMERSIDE_A  1993  10  29  302      1.9     7.1     5.4  -999.9     0.0     6.3     6.5   330.0
SUMMERSIDE_A  1993  10  30  303      5.7    11.2     3.5  -999.9     0.4     5.0     8.7   330.0
SUMMERSIDE_A  1993  10  31  304      3.6     7.9     4.0  -999.9     3.0     5.4     7.2   330.0
SUMMERSIDE_A  1993  11   1  305      3.8     6.9     2.4  -999.9     5.0     7.7     7.9   330.0
SUMMERSIDE_A  1993  11   2  306      1.0     6.5     4.5  -999.9     1.0     9.9     6.7   330.0
SUMMERSIDE_A  1993  11   3  307     -0.0     5.6     8.8  -999.9     0.1     5.1     5.8   330.0
SUMMERSIDE_A  1993  11   4  308      3.1     7.5     3.1  -999.9     1.5     6.0     7.9   330.0
SUMMERSIDE_A  1993  11   5  309      3.1     9.7     6.2  -999.9     2.9     5.4     8.6   330.0
SUMMERSIDE_A  1993  11   6  310      7.4    12.7     5.0  -999.9     9.5     7.5    12.3   330.0
SUMMERSIDE_A  1993  11   7  311     -0.0     7.1     3.9  -999.9     0.1     5.6     6.0   330.0
SUMMERSIDE_A  1993  11   8  312     -2.0     4.5     9.2  -999.9     0.0     4.7     4.3   330.0
SUMMERSIDE_A  1993  11   9  313     -0.8     9.0     8.9  -999.9     0.0     6.1     6.6   330.0
SUMMERSIDE_A  1993  11  10  314      2.8     7.2     7.7  -999.9     0.2     3.1     7.2   330.0
SUMMERSIDE_A  1993  11  11  315      1.2     3.6     7.9  -999.9     0.2     5.1     5.8   330.0
SUMMERSIDE_A  1993  11  12  316     -0.4     8.3     5.3  -999.9     3.5     8.2     7.4   330.0
SUMMERSIDE_A  1993  11  13  317     -1.5     1.6     8.2  -999.9     0.0     6.4     3.9   330.0
SUMMERSIDE_A  1993  11  14  318     -0.4     8.8     3.0  -999.9     4.7     5.8     8.2   330.0
SUMMERSIDE_A  1993  11  15  319      1.6     4.2     3.3  -999.9     4.8     4.7     6.8   330.0
SUMMERSIDE_A  1993  11  16  320     -0.8     2.7     3.3  -999.9     0.1     5.8     5.0   330.0
SUMMERSIDE_A  1993  11  17  321     -1.2     6.8     2.8  -999.9     1.0     5.9     7.2   330.0
SUMMERSIDE_A  1993  11  18  322     -1.7     5.1     5.4  -999.9     3.5     7.0     5.7   330.0
SUMMERSIDE_A  1993  11  19  323     -2.6     4.2     7.3  -999.9     0.0     5.6     4.8   330.0
SUMMERSIDE_A  1993  11  20  324      2.6    11.7     3.2  -999.9     8.7     8.6    10.2   330.0
SUMMERSIDE_A  1993  11  21  325     -1.9     2.5     5.4  -999.9     0.0    10.7     3.7   330.0
SUMMERSIDE_A  1993  11  22  326     -1.2     9.3     3.8  -999.9     0.2     7.9     6.7   330.0
SUMMERSIDE_A  1993  11  23  327     -3.4     0.6     7.0  -999.9     0.0     5.2     3.1   330.0
SUMMERSIDE_A  1993  11  24  328     -7.5     0.9     2.8  -999.9     5.0     8.3     4.0   330.0
SUMMERSIDE_A  1993  11  25  329     -7.6    -4.0     4.2  -999.9     0.0     9.1     2.8   330.0
SUMMERSIDE_A  1993  11  26  330     -4.6    -1.8     5.7  -999.9     0.0     9.9     3.3   330.0
SUMMERSIDE_A  1993  11  27  331     -5.0     2.3     6.5  -999.9     0.0     4.8     3.9   330.0
SUMMERSIDE_A  1993  11  28  332     -2.4     6.1     4.3  -999.9     0.2     6.3     6.4   330.0
SUMMERSIDE_A  1993  11  29  333     -1.9    10.8     2.2  -999.9     2.6     8.4     7.8   330.0
SUMMERSIDE_A  1993  11  30  334     -2.7     1.4     5.6  -999.9     0.1     6.7     4.3   330.0
SUMMERSIDE_A  1993  12   1  335     -3.9    -1.5     6.4  -999.9     0.1     5.2     3.0   330.0
SUMMERSIDE_A  1993  12   2  336     -3.2     4.4     6.5  -999.9     0.0     6.6     4.9   330.0
SUMMERSIDE_A  1993  12   3  337      1.2     5.4     2.0  -999.9     1.4     6.0     7.7   330.0
SUMMERSIDE_A  1993  12   4  338      0.2     2.7     1.9  -999.9     0.2     2.7     6.4   330.0
SUMMERSIDE_A  1993  12   5  339      0.5     1.3     1.2  -999.9    12.3     6.5     6.5   330.0
SUMMERSIDE_A  1993  12   6  340     -0.7     1.3     0.4  -999.9     6.5    11.6     5.8   330.0
SUMMERSIDE_A  1993  12   7  341     -2.1     1.9     1.5  -999.9     0.5     3.4     5.5   330.0
SUMMERSIDE_A  1993  12   8  342     -1.9     0.9     2.5  -999.9     0.1     2.7     5.3   330.0
SUMMERSIDE_A  1993  12   9  343     -2.0     1.5     5.6  -999.9     0.0     1.4     4.6   330.0
SUMMERSIDE_A  1993  12  10  344     -2.1     2.1     5.2  -999.9     0.1     4.8     5.4   330.0
SUMMERSIDE_A  1993  12  11  345      0.5     9.8     2.1  -999.9     4.9    11.1     8.2   330.0
SUMMERSIDE_A  1993  12  12  346      0.8    10.9     3.4  -999.9     2.8     7.0     9.4   330.0
SUMMERSIDE_A  1993  12  13  347      0.2     2.4     3.6  -999.9     0.9     8.7     5.7   330.0
SUMMERSIDE_A  1993  12  14  348      1.6     2.8     3.5  -999.9     1.9     7.9     7.0   330.0
SUMMERSIDE_A  1993  12  15  349      0.2     2.7     3.2  -999.9     4.8     8.5     6.6   330.0
SUMMERSIDE_A  1993  12  16  350     -0.9     0.6     2.1  -999.9     0.5    12.2     4.4   330.0
SUMMERSIDE_A  1993  12  17  351     -2.4    -0.1     6.0  -999.9     0.0     6.4     4.1   330.0
SUMMERSIDE_A  1993  12  18  352     -2.7     0.1     2.9  -999.9     0.0     3.2     4.1   330.0
SUMMERSIDE_A  1993  12  19  353     -2.3     3.9     2.3  -999.9     7.9     5.9     5.9   330.0
SUMMERSIDE_A  1993  12  20  354     -1.2     3.9     5.2  -999.9     4.4     6.6     6.4   330.0
SUMMERSIDE_A  1993  12  21  355     -1.4     3.6     3.3  -999.9     4.0     6.5     6.0   330.0
SUMMERSIDE_A  1993  12  22  356     -1.2     9.7     4.6  -999.9     1.3    12.0     6.7   330.0
SUMMERSIDE_A  1993  12  23  357     -6.6    -1.7     4.5  -999.9     0.0     7.9     3.0   330.0
SUMMERSIDE_A  1993  12  24  358     -9.1    -5.5     3.2  -999.9     0.1     7.1     2.4   330.0
SUMMERSIDE_A  1993  12  25  359     -7.5    -1.1     1.2  -999.9     2.8     5.7     3.7   330.0
SUMMERSIDE_A  1993  12  26  360    -10.6     0.4     2.6  -999.9     4.3     5.0     4.6   330.0
SUMMERSIDE_A  1993  12  27  361    -18.6   -11.6     2.5  -999.9     0.2    13.8     1.6   330.0
SUMMERSIDE_A  1993  12  28  362    -20.2   -16.1     2.5  -999.9     0.0    10.3     1.4   330.0
SUMMERSIDE_A  1993  12  29  363    -20.3   -16.4     3.8  -999.9     0.0     6.0     1.3   330.0
SUMMERSIDE_A  1993  12  30  364    -16.1    -5.4     0.2  -999.9     7.5     9.9     2.5   330.0
SUMMERSIDE_A  1993  12  31  365    -14.6    -7.7     4.2  -999.9     0.1     8.2     2.2   330.0
