SUMMERSIDE  2018   1   1    1    -17.2   -12.5     3.4  -999.9     0.0    15.2     1.6   330.0
SUMMERSIDE  2018   1   2    2    -17.9   -11.6     4.0  -999.9     0.0    17.8     1.5   330.0
SUMMERSIDE  2018   1   3    3    -16.3    -5.0     5.4  -999.9     0.0    16.8     2.0   330.0
SUMMERSIDE  2018   1   4    4     -5.7     7.2     5.8  -999.9     5.6    33.0     5.9   330.0
SUMMERSIDE  2018   1   5    5    -16.3     6.7     7.8  -999.9     0.0    45.9     3.4   330.0
SUMMERSIDE  2018   1   6    6    -18.4   -16.1     2.5  -999.9     0.2    41.2     1.0   330.0
SUMMERSIDE  2018   1   7    7    -20.3   -13.1     4.4  -999.9     0.0    31.4     1.0   330.0
SUMMERSIDE  2018   1   8    8    -13.1    -5.2     4.7  -999.9     3.1    15.5     2.5   330.0
SUMMERSIDE  2018   1   9    9     -8.1    -3.0     3.8  -999.9     0.5    15.8     3.7   330.0
SUMMERSIDE  2018   1  10   10    -12.8    -5.5     4.6  -999.9     0.0    20.9     2.3   330.0
SUMMERSIDE  2018   1  11   11     -7.0     5.0     5.9  -999.9     0.2    26.2     5.1   330.0
SUMMERSIDE  2018   1  12   12      4.2    11.5     4.6  -999.9     1.1    35.4     9.7   330.0
SUMMERSIDE  2018   1  13   13     -5.6    13.8     7.6  -999.9     9.3    23.5     7.9   330.0
SUMMERSIDE  2018   1  14   14    -10.7    -5.3     4.1  -999.9     0.0     9.1     2.9   330.0
SUMMERSIDE  2018   1  15   15    -10.0    -5.4     3.8  -999.9     0.0    23.4     2.9   330.0
SUMMERSIDE  2018   1  16   16     -9.1    -4.0     4.0  -999.9     0.2    20.3     3.4   330.0
SUMMERSIDE  2018   1  17   17     -8.6    -3.3     4.2  -999.9     9.3     9.9     3.6   330.0
SUMMERSIDE  2018   1  18   18    -13.8    -2.9     6.0  -999.9     0.7    11.1     3.1   330.0
SUMMERSIDE  2018   1  19   19    -18.9    -6.8     6.4  -999.9     0.0    10.1     2.1   330.0
SUMMERSIDE  2018   1  20   20    -10.2     2.6     6.7  -999.9     0.2    27.9     4.1   330.0
SUMMERSIDE  2018   1  21   21    -10.5    -0.6     5.9  -999.9     0.0    20.8     2.8   330.0
SUMMERSIDE  2018   1  22   22    -19.1    -8.6     6.2  -999.9     0.0    18.2     1.4   330.0
SUMMERSIDE  2018   1  23   23    -12.3     6.9     8.5  -999.9    12.9    20.6     4.6   330.0
SUMMERSIDE  2018   1  24   24     -9.1     7.6     8.0  -999.9     0.2    33.3     4.9   330.0
SUMMERSIDE  2018   1  25   25    -13.1    -8.5     4.3  -999.9     0.0    25.4     1.9   330.0
SUMMERSIDE  2018   1  26   26    -15.3    -8.5     5.2  -999.9     0.0    16.2     1.8   330.0
SUMMERSIDE  2018   1  27   27    -14.6     4.2     8.8  -999.9     0.0    21.9     3.4   330.0
SUMMERSIDE  2018   1  28   28     -4.1     6.0     6.6  -999.9     2.3    21.3     5.7   330.0
SUMMERSIDE  2018   1  29   29     -8.3    -4.1     4.3  -999.9     0.0    23.9     2.9   330.0
SUMMERSIDE  2018   1  30   30    -10.3    -5.2     4.8  -999.9     2.8    47.0     3.0   330.0
SUMMERSIDE  2018   1  31   31    -12.6    -8.0     4.6  -999.9     0.2    33.0     2.1   330.0
SUMMERSIDE  2018   2   1   32     -9.0     2.4     7.4  -999.9     1.7    17.6     4.3   330.0
SUMMERSIDE  2018   2   2   33    -15.3     2.6     9.4  -999.9     7.1    22.4     3.6   330.0
SUMMERSIDE  2018   2   3   34    -18.2   -15.0     4.0  -999.9     0.0    25.6     1.2   330.0
SUMMERSIDE  2018   2   4   35    -16.4     3.4    10.1  -999.9     1.5    29.8     3.3   330.0
SUMMERSIDE  2018   2   5   36     -7.5     8.3     9.2  -999.9    12.1    31.3     5.7   330.0
SUMMERSIDE  2018   2   6   37    -10.6    -4.6     5.7  -999.9     0.0    17.0     2.4   330.0
SUMMERSIDE  2018   2   7   38     -9.5    -1.9     6.5  -999.9    10.4    10.6     3.5   330.0
SUMMERSIDE  2018   2   8   39    -14.0    -0.6     8.8  -999.9     0.9    14.2     3.2   330.0
SUMMERSIDE  2018   2   9   40    -17.0    -5.8     8.2  -999.9     0.0    11.7     2.1   330.0
SUMMERSIDE  2018   2  10   41    -12.3     1.4     9.2  -999.9    11.9    12.0     3.8   330.0
SUMMERSIDE  2018   2  11   42     -5.8     0.6     6.3  -999.9     2.4    21.2     4.8   330.0
SUMMERSIDE  2018   2  12   43     -8.7     3.2     8.8  -999.9     3.1    23.0     4.1   330.0
SUMMERSIDE  2018   2  13   44    -16.2    -8.5     7.2  -999.9     0.0    21.8     1.4   330.0
SUMMERSIDE  2018   2  14   45    -11.2     2.5     9.7  -999.9     0.0    25.3     3.6   330.0
SUMMERSIDE  2018   2  15   46     -6.3     4.1     8.6  -999.9     0.0    11.6     4.9   330.0
SUMMERSIDE  2018   2  16   47      0.9     5.1     5.5  -999.9     0.6    18.5     5.8   330.0
SUMMERSIDE  2018   2  17   48    -12.8    -7.0     6.6  -999.9     0.0    23.2     1.7   330.0
SUMMERSIDE  2018   2  18   49    -11.0    -1.3     8.6  -999.9     0.0    10.2     3.2   330.0
SUMMERSIDE  2018   2  19   50    -11.8     2.1    10.5  -999.9     0.0    17.0     3.6   330.0
SUMMERSIDE  2018   2  20   51     -3.2     2.0     6.5  -999.9     0.0    19.9     5.4   330.0
SUMMERSIDE  2018   2  21   52     -3.3     4.5     8.1  -999.9     0.0    23.8     6.2   330.0
SUMMERSIDE  2018   2  22   53     -6.6    -4.9     3.8  -999.9     0.0     7.3     2.8   330.0
SUMMERSIDE  2018   2  23   54    -10.4    -3.3     7.9  -999.9     0.5    13.4     2.5   330.0
SUMMERSIDE  2018   2  24   55     -3.8     2.9     7.8  -999.9     0.0    22.3     4.6   330.0
SUMMERSIDE  2018   2  25   56     -7.3    -3.6     5.9  -999.9     1.8    17.8     2.8   330.0
SUMMERSIDE  2018   2  26   57     -4.0     1.7     7.4  -999.9     2.3    16.5     5.3   330.0
SUMMERSIDE  2018   2  27   58     -4.8     2.7     8.6  -999.9     0.0    15.0     4.2   330.0
SUMMERSIDE  2018   2  28   59     -5.7     0.1     7.7  -999.9     0.2    12.3     4.4   330.0
SUMMERSIDE  2018   3   1   60     -5.7     0.4     8.0  -999.9     2.5    17.1     4.3   330.0
SUMMERSIDE  2018   3   2   61     -2.2     1.9     6.6  -999.9     0.0    25.0     5.5   330.0
SUMMERSIDE  2018   3   3   62     -2.6     1.7     6.9  -999.9     0.0    38.3     5.4   330.0
SUMMERSIDE  2018   3   4   63     -2.8     0.3     5.9  -999.9     0.0    33.2     5.2   330.0
SUMMERSIDE  2018   3   5   64     -3.1     0.6     6.5  -999.9     0.0    34.3     5.1   330.0
SUMMERSIDE  2018   3   6   65     -2.3    -0.1     5.1  -999.9     0.0    33.9     5.0   330.0
SUMMERSIDE  2018   3   7   66     -1.7     0.1     4.7  -999.9     0.0    23.2     5.1   330.0
SUMMERSIDE  2018   3   8   67     -1.6     1.6     6.3  -999.9     1.3    35.6     5.6   330.0
SUMMERSIDE  2018   3   9   68     -1.4     1.8     6.4  -999.9     3.0    22.5     5.9   330.0
SUMMERSIDE  2018   3  10   69     -1.9     1.2     6.4  -999.9     1.9    21.8     5.9   330.0
SUMMERSIDE  2018   3  11   70     -2.1    -0.1     5.2  -999.9     1.1    18.9     5.5   330.0
SUMMERSIDE  2018   3  12   71     -6.3    -0.1     9.3  -999.9     0.0    18.8     4.4   330.0
SUMMERSIDE  2018   3  13   72     -2.6     0.9     7.0  -999.9     0.0    35.7     5.3   330.0
SUMMERSIDE  2018   3  14   73     -0.6     1.9     6.0  -999.9     0.7    50.5     5.9   330.0
SUMMERSIDE  2018   3  15   74     -2.1     2.5     8.3  -999.9     0.7    23.5     5.3   330.0
SUMMERSIDE  2018   3  16   75     -5.6     1.0    10.0  -999.9     0.0    25.9     3.9   330.0
SUMMERSIDE  2018   3  17   76     -9.3    -5.6     7.6  -999.9     0.0    25.0     2.5   330.0
SUMMERSIDE  2018   3  18   77    -10.2    -5.7     8.5  -999.9     0.0    19.9     2.2   330.0
SUMMERSIDE  2018   3  19   78    -11.1    -3.5    11.1  -999.9     0.0    19.8     2.3   330.0
SUMMERSIDE  2018   3  20   79     -6.6    -0.7     9.9  -999.9     0.0    19.8     3.3   330.0
SUMMERSIDE  2018   3  21   80    -10.0     0.0    13.1  -999.9     0.0    19.5     3.6   330.0
SUMMERSIDE  2018   3  22   81     -3.1    -0.7     6.5  -999.9     1.9    44.4     5.0   330.0
SUMMERSIDE  2018   3  23   82     -1.7     0.0     5.5  -999.9     0.0    35.2     5.4   330.0
SUMMERSIDE  2018   3  24   83     -1.5    -0.6     4.1  -999.9     0.7    33.0     5.1   330.0
SUMMERSIDE  2018   3  25   84    -13.1    -1.9    14.5  -999.9     0.0    32.9     2.9   330.0
SUMMERSIDE  2018   3  26   85    -14.3    -0.6    16.2  -999.9     0.0     9.1     3.1   330.0
SUMMERSIDE  2018   3  27   86    -11.8    -0.2    15.0  -999.9     0.0    12.7     3.5   330.0
SUMMERSIDE  2018   3  28   87     -0.6     2.9     8.3  -999.9     2.5    12.8     5.8   330.0
SUMMERSIDE  2018   3  29   88     -1.5     4.9    11.4  -999.9     0.0    12.7     5.8   330.0
SUMMERSIDE  2018   3  30   89     -0.6     5.0    10.8  -999.9     3.7    21.1     6.6   330.0
SUMMERSIDE  2018   3  31   90     -2.2     3.8    11.2  -999.9     0.0    20.2     4.7   330.0
SUMMERSIDE  2018   4   1   91     -1.0     5.1    11.5  -999.9     0.9    23.9     5.8   330.0
SUMMERSIDE  2018   4   2   92     -6.2     1.3    12.8  -999.9     0.0    16.5     3.1   330.0
SUMMERSIDE  2018   4   3   93     -7.1     4.3    16.0  -999.9     0.0    10.8     3.9   330.0
SUMMERSIDE  2018   4   4   94      0.3     7.2    12.5  -999.9    15.6    17.4     7.5   330.0
SUMMERSIDE  2018   4   5   95     -6.9     1.2    13.7  -999.9     0.0    32.7     3.8   330.0
SUMMERSIDE  2018   4   6   96     -8.4     1.1    15.0  -999.9     0.5    29.4     2.9   330.0
SUMMERSIDE  2018   4   7   97     -3.0     3.4    12.4  -999.9     3.0    15.0     5.8   330.0
SUMMERSIDE  2018   4   8   98     -3.0     1.5    10.5  -999.9     0.0    13.9     5.5   330.0
SUMMERSIDE  2018   4   9   99     -5.1     0.0    11.3  -999.9     0.0    30.6     3.0   330.0
SUMMERSIDE  2018   4  10  100     -5.6     4.7    16.1  -999.9     0.0    16.9     3.5   330.0
SUMMERSIDE  2018   4  11  101     -4.8     5.3    16.1  -999.9     0.0    10.8     3.9   330.0
SUMMERSIDE  2018   4  12  102     -2.2     7.9    16.3  -999.9     0.0    14.4     4.8   330.0
SUMMERSIDE  2018   4  13  103      0.8     8.0    13.8  -999.9     6.6    24.5     7.2   330.0
SUMMERSIDE  2018   4  14  104     -5.9     4.1    16.4  -999.9     0.0    26.7     3.4   330.0
SUMMERSIDE  2018   4  15  105     -6.7    -0.8    12.7  -999.9     0.0    17.7     2.8   330.0
SUMMERSIDE  2018   4  16  106     -6.8     3.1    16.6  -999.9     0.0    12.3     4.2   330.0
SUMMERSIDE  2018   4  17  107      0.8     7.0    13.2  -999.9     7.7    30.1     7.1   330.0
SUMMERSIDE  2018   4  18  108      2.2     6.9    11.6  -999.9     0.2    22.7     7.3   330.0
SUMMERSIDE  2018   4  19  109      0.4     9.2    16.0  -999.9     5.3    14.5     7.0   330.0
SUMMERSIDE  2018   4  20  110     -0.8     0.9     7.1  -999.9     2.8    21.4     6.0   330.0
SUMMERSIDE  2018   4  21  111     -0.8     6.6    14.9  -999.9     0.0    13.4     5.5   330.0
SUMMERSIDE  2018   4  22  112     -1.5     6.7    15.8  -999.9     0.0    12.4     4.7   330.0
SUMMERSIDE  2018   4  23  113     -2.1    14.4    22.6  -999.9     0.0    10.8     4.8   330.0
SUMMERSIDE  2018   4  24  114      1.8    17.0    21.8  -999.9     0.0    26.1     7.4   330.0
SUMMERSIDE  2018   4  25  115      4.1    15.0    18.6  -999.9     0.0    24.5     7.9   330.0
SUMMERSIDE  2018   4  26  116      7.3    13.8    14.4  -999.9     4.8    30.4    11.3   330.0
SUMMERSIDE  2018   4  27  117      5.8    18.0    19.9  -999.9     0.2    21.3    10.7   330.0
SUMMERSIDE  2018   4  28  118      8.0    18.1    18.2  -999.9     8.0    21.8    13.2   330.0
SUMMERSIDE  2018   4  29  119      3.5     8.8    13.3  -999.9     0.5    17.1     9.1   330.0
SUMMERSIDE  2018   4  30  120      3.0     8.7    13.9  -999.9    12.2    18.9     8.8   330.0
SUMMERSIDE  2018   5   1  121      4.2    10.0    14.1  -999.9     0.0     9.1     9.2   330.0
SUMMERSIDE  2018   5   2  122      2.7    19.5    24.1  -999.9     8.8    21.0    10.5   330.0
SUMMERSIDE  2018   5   3  123      2.1     5.2    10.4  -999.9     5.2    21.5     7.1   330.0
SUMMERSIDE  2018   5   4  124      3.1     8.3    13.5  -999.9    13.3    11.2     8.5   330.0
SUMMERSIDE  2018   5   5  125      4.5    17.5    21.5  -999.9    11.9    29.3     9.0   330.0
SUMMERSIDE  2018   5   6  126      4.1    16.6    21.2  -999.9     0.9    14.1     9.1   330.0
SUMMERSIDE  2018   5   7  127      0.6    12.4    20.7  -999.9     3.6    21.2     7.2   330.0
SUMMERSIDE  2018   5   8  128      1.3    17.2    24.1  -999.9     0.0    27.9     7.9   330.0
SUMMERSIDE  2018   5   9  129      3.1    10.8    16.9  -999.9     0.0    19.4     5.6   330.0
SUMMERSIDE  2018   5  10  130      2.9    18.1    23.8  -999.9     0.0    17.8     8.0   330.0
SUMMERSIDE  2018   5  11  131      2.2    12.6    19.8  -999.9     0.0    26.1     6.3   330.0
SUMMERSIDE  2018   5  12  132      0.6    12.2    21.0  -999.9     0.0    20.0     5.0   330.0
SUMMERSIDE  2018   5  13  133      4.3    15.0    20.3  -999.9     0.0    19.5     6.7   330.0
SUMMERSIDE  2018   5  14  134      5.6    16.9    20.9  -999.9     0.0    33.0     9.7   330.0
SUMMERSIDE  2018   5  15  135      5.8    20.2    23.7  -999.9     5.0    23.6    13.0   330.0
SUMMERSIDE  2018   5  16  136      2.8    11.2    18.2  -999.9     0.0    21.1     6.1   330.0
SUMMERSIDE  2018   5  17  137     -1.5    16.1    26.4  -999.9     0.0    24.8     7.8   330.0
SUMMERSIDE  2018   5  18  138     -2.0     9.5    21.4  -999.9     0.0    14.4     5.3   330.0
SUMMERSIDE  2018   5  19  139      2.6    19.0    25.7  -999.9     0.0    17.3     6.9   330.0
SUMMERSIDE  2018   5  20  140      5.0    16.7    21.8  -999.9    13.5    21.1    11.1   330.0
SUMMERSIDE  2018   5  21  141      4.3    20.6    25.8  -999.9     0.0    21.2     7.6   330.0
SUMMERSIDE  2018   5  22  142      1.6    19.2    26.9  -999.9     0.0    20.5     6.5   330.0
SUMMERSIDE  2018   5  23  143      0.3    12.2    22.2  -999.9     8.9    24.9     8.7   330.0
SUMMERSIDE  2018   5  24  144     -0.1    12.7    23.0  -999.9     0.2    16.4     6.4   330.0
SUMMERSIDE  2018   5  25  145      7.4    17.6    20.6  -999.9     2.2    19.5    12.0   330.0
SUMMERSIDE  2018   5  26  146      4.5    10.7    16.1  -999.9     0.0    20.6     9.2   330.0
SUMMERSIDE  2018   5  27  147      1.5    14.1    23.1  -999.9     0.0    13.0     7.3   330.0
SUMMERSIDE  2018   5  28  148      5.8    18.4    23.1  -999.9     1.2    24.1     8.4   330.0
SUMMERSIDE  2018   5  29  149      5.6    17.0    22.0  -999.9     3.1    22.2    11.1   330.0
SUMMERSIDE  2018   5  30  150      5.4    14.9    20.2  -999.9     0.0    17.3     7.2   330.0
SUMMERSIDE  2018   5  31  151      8.3    25.5    27.2  -999.9     0.0    17.3    11.3   330.0
SUMMERSIDE  2018   6   1  152     11.5    26.3    25.3  -999.9     3.0    18.4    16.3   330.0
SUMMERSIDE  2018   6   2  153      5.0    15.6    21.4  -999.9    24.5    35.8    12.0   330.0
SUMMERSIDE  2018   6   3  154     -1.3     6.9    18.9  -999.9     0.0    30.2     5.7   330.0
SUMMERSIDE  2018   6   4  155     -1.9    11.4    24.1  -999.9     0.0    10.2     5.8   330.0
SUMMERSIDE  2018   6   5  156      5.6     9.6    13.2  -999.9     0.2    15.3     7.9   330.0
SUMMERSIDE  2018   6   6  157      4.4    12.3    18.6  -999.9     1.8    12.8     8.7   330.0
SUMMERSIDE  2018   6   7  158      7.0    20.8    24.7  -999.9     0.0    19.5    11.1   330.0
SUMMERSIDE  2018   6   8  159      8.0    16.4    19.3  -999.9     4.3    26.0    11.6   330.0
SUMMERSIDE  2018   6   9  160      7.5    19.2    22.8  -999.9     0.0     9.4    11.4   330.0
SUMMERSIDE  2018   6  10  161      5.3    12.7    18.1  -999.9     0.0    16.0     8.0   330.0
SUMMERSIDE  2018   6  11  162      2.1    12.7    21.7  -999.9     0.0    12.5     7.5   330.0
SUMMERSIDE  2018   6  12  163      3.1    21.0    28.3  -999.9     0.0    27.7     9.8   330.0
SUMMERSIDE  2018   6  13  164      9.0    20.1    22.3  -999.9     0.0    21.1    11.4   330.0
SUMMERSIDE  2018   6  14  165      6.5     9.5    11.6  -999.9    26.0    26.7     9.2   330.0
SUMMERSIDE  2018   6  15  166      5.6    19.8    25.2  -999.9     0.0    19.1    10.1   330.0
SUMMERSIDE  2018   6  16  167      6.7    20.6    25.0  -999.9     0.0    17.6    12.9   330.0
SUMMERSIDE  2018   6  17  168      5.8    17.9    23.3  -999.9     0.0    16.7     8.5   330.0
SUMMERSIDE  2018   6  18  169     11.5    15.6    13.6  -999.9     3.4    32.7    13.2   330.0
SUMMERSIDE  2018   6  19  170     12.1    20.3    19.2  -999.9    11.0    22.7    13.6   330.0
SUMMERSIDE  2018   6  20  171     11.2    24.7    24.6  -999.9     3.4    21.7    13.0   330.0
SUMMERSIDE  2018   6  21  172      6.4    17.5    22.3  -999.9     0.5    15.6    10.1   330.0
SUMMERSIDE  2018   6  22  173      5.6    21.3    26.6  -999.9     0.0    13.0     9.6   330.0
SUMMERSIDE  2018   6  23  174     12.0    22.4    21.6  -999.9     0.0    24.7    12.4   330.0
SUMMERSIDE  2018   6  24  175     10.5    20.8    21.5  -999.9     8.9    13.2    15.5   330.0
SUMMERSIDE  2018   6  25  176      7.4    10.6    12.0  -999.9    12.3    31.2    10.5   330.0
SUMMERSIDE  2018   6  26  177      8.0    17.2    20.3  -999.9     0.0    17.8    10.0   330.0
SUMMERSIDE  2018   6  27  178     12.5    27.1    25.5  -999.9     0.0    26.3    14.5   330.0
SUMMERSIDE  2018   6  28  179     13.8    21.8    18.9  -999.9     8.2    29.2    16.8   330.0
SUMMERSIDE  2018   6  29  180     16.3    23.8    18.3  -999.9    15.5    21.0    20.5   330.0
SUMMERSIDE  2018   6  30  181     15.2    25.4    21.3  -999.9     0.8    11.9    17.4   330.0
SUMMERSIDE  2018   7   1  182     11.6    19.9    19.2  -999.9     0.0    19.5    15.0   330.0
SUMMERSIDE  2018   7   2  183     11.7    23.0    22.4  -999.9     0.0    12.3    17.0   330.0
SUMMERSIDE  2018   7   3  184     16.9    27.3    21.4  -999.9     0.0    27.6    22.0   330.0
SUMMERSIDE  2018   7   4  185     17.2    30.1    23.8  -999.9     0.0    11.0    20.9   330.0
SUMMERSIDE  2018   7   5  186     15.3    29.6    25.0  -999.9     0.0    17.2    17.8   330.0
SUMMERSIDE  2018   7   6  187     13.5    21.5    18.7  -999.9     8.5    27.9    17.7   330.0
SUMMERSIDE  2018   7   7  188     12.6    22.5    20.8  -999.9     0.0    20.9    11.8   330.0
SUMMERSIDE  2018   7   8  189     15.1    27.3    23.0  -999.9     0.0    26.2    15.9   330.0
SUMMERSIDE  2018   7   9  190     15.7    25.8    20.9  -999.9     0.0    29.9    17.0   330.0
SUMMERSIDE  2018   7  10  191     14.6    27.2    23.3  -999.9     0.2    19.5    18.8   330.0
SUMMERSIDE  2018   7  11  192     11.1    21.2    20.8  -999.9     0.0    12.7    13.4   330.0
SUMMERSIDE  2018   7  12  193     10.5    20.1    20.2  -999.9     0.0    15.2    12.8   330.0
SUMMERSIDE  2018   7  13  194     10.5    22.9    22.9  -999.9     0.0     8.8    13.5   330.0
SUMMERSIDE  2018   7  14  195     13.1    24.2    21.6  -999.9     0.0    13.2    14.8   330.0
SUMMERSIDE  2018   7  15  196     15.8    25.0    19.7  -999.9     0.0    12.1    17.8   330.0
SUMMERSIDE  2018   7  16  197     15.6    27.0    21.8  -999.9     0.0     9.2    19.0   330.0
SUMMERSIDE  2018   7  17  198     16.5    27.3    21.2  -999.9     6.3    17.5    21.1   330.0
SUMMERSIDE  2018   7  18  199     16.3    23.4    17.1  -999.9     2.2    13.8    20.3   330.0
SUMMERSIDE  2018   7  19  200     13.3    22.6    19.5  -999.9     0.0    10.7    15.1   330.0
SUMMERSIDE  2018   7  20  201     14.9    27.7    22.8  -999.9     0.0    14.7    16.3   330.0
SUMMERSIDE  2018   7  21  202     14.4    25.0    20.7  -999.9     0.0    10.4    18.6   330.0
SUMMERSIDE  2018   7  22  203     18.8    28.2    19.4  -999.9     0.0    15.4    23.0   330.0
SUMMERSIDE  2018   7  23  204     20.1    29.6    19.5  -999.9     0.5    20.6    25.6   330.0
SUMMERSIDE  2018   7  24  205     20.0    29.1    19.0  -999.9     0.3    19.9    22.8   330.0
SUMMERSIDE  2018   7  25  206     20.8    29.0    18.0  -999.9     0.2    25.5    22.4   330.0
SUMMERSIDE  2018   7  26  207     20.9    24.9    12.5  -999.9    11.5    25.0    25.0   330.0
SUMMERSIDE  2018   7  27  208     19.6    27.7    17.7  -999.9     0.0    20.2    24.6   330.0
SUMMERSIDE  2018   7  28  209     19.1    28.4    18.9  -999.9     0.0    20.1    24.6   330.0
SUMMERSIDE  2018   7  29  210     19.1    27.1    17.5  -999.9    10.4    15.0    25.7   330.0
SUMMERSIDE  2018   7  30  211     17.2    27.7    19.9  -999.9     0.0    14.2    20.0   330.0
SUMMERSIDE  2018   7  31  212     17.9    29.0    20.4  -999.9     0.0    14.0    21.3   330.0
SUMMERSIDE  2018   8   1  213     18.1    30.4    21.4  -999.9     0.0    15.4    21.3   330.0
SUMMERSIDE  2018   8   2  214     18.7    26.6    17.0  -999.9     3.4    24.4    22.9   330.0
SUMMERSIDE  2018   8   3  215     19.5    28.5    18.1  -999.9     0.0    11.9    22.5   330.0
SUMMERSIDE  2018   8   4  216     20.3    25.7    14.0  -999.9     3.0    12.1    23.7   330.0
SUMMERSIDE  2018   8   5  217     16.8    22.3    14.0  -999.9    20.7    13.8    20.7   330.0
SUMMERSIDE  2018   8   6  218     17.1    29.7    21.1  -999.9     0.0    13.2    22.9   330.0
SUMMERSIDE  2018   8   7  219     19.6    28.9    18.0  -999.9     9.0    13.7    26.2   330.0
SUMMERSIDE  2018   8   8  220     18.8    25.4    15.1  -999.9     0.0    12.4    22.0   330.0
SUMMERSIDE  2018   8   9  221     19.7    23.5    11.4  -999.9    49.3    20.0    24.2   330.0
SUMMERSIDE  2018   8  10  222     14.3    24.2    18.3  -999.9     4.6    15.5    17.9   330.0
SUMMERSIDE  2018   8  11  223     14.5    26.0    19.6  -999.9     0.0    14.6    15.6   330.0
SUMMERSIDE  2018   8  12  224     16.2    27.5    19.3  -999.9     0.0     9.7    18.9   330.0
SUMMERSIDE  2018   8  13  225     17.5    27.8    18.3  -999.9     0.0    14.7    19.3   330.0
SUMMERSIDE  2018   8  14  226     18.4    25.7    15.3  -999.9     0.0    16.4    21.0   330.0
SUMMERSIDE  2018   8  15  227     20.0    27.0    14.9  -999.9     0.0    21.4    24.5   330.0
SUMMERSIDE  2018   8  16  228     15.2    21.0    13.5  -999.9     1.3    17.0    18.7   330.0
SUMMERSIDE  2018   8  17  229     13.0    21.6    16.3  -999.9     0.2    10.8    14.3   330.0
SUMMERSIDE  2018   8  18  230     14.7    18.4    10.6  -999.9    37.5    18.5    16.7   330.0
SUMMERSIDE  2018   8  19  231     10.5    21.5    18.2  -999.9     0.0    22.9    14.8   330.0
SUMMERSIDE  2018   8  20  232      9.9    22.9    19.7  -999.9     0.0     6.1    15.2   330.0
SUMMERSIDE  2018   8  21  233     12.6    22.3    16.9  -999.9     0.0    10.3    15.6   330.0
SUMMERSIDE  2018   8  22  234     16.6    22.7    13.3  -999.9     0.5    20.9    20.1   330.0
SUMMERSIDE  2018   8  23  235     15.0    23.3    15.4  -999.9     0.0    22.8    17.6   330.0
SUMMERSIDE  2018   8  24  236     13.1    23.7    17.3  -999.9     0.0    16.2    16.6   330.0
SUMMERSIDE  2018   8  25  237     16.6    25.7    15.9  -999.9     0.0    18.0    19.9   330.0
SUMMERSIDE  2018   8  26  238     15.8    23.4    14.4  -999.9     0.0    19.4    15.2   330.0
SUMMERSIDE  2018   8  27  239     15.3    25.8    16.8  -999.9     0.0    12.8    19.9   330.0
SUMMERSIDE  2018   8  28  240     16.8    27.4    16.7  -999.9     0.0    20.5    21.9   330.0
SUMMERSIDE  2018   8  29  241     19.7    23.9    10.5  -999.9     0.0    17.5    18.9   330.0
SUMMERSIDE  2018   8  30  242     12.1    22.2    16.1  -999.9     0.0    16.3    16.3   330.0
SUMMERSIDE  2018   8  31  243     11.2    20.3    15.1  -999.9     0.0    14.2    14.2   330.0
SUMMERSIDE  2018   9   1  244      8.0    22.0    18.6  -999.9     0.0    10.0    12.1   330.0
SUMMERSIDE  2018   9   2  245     15.5    23.5    14.0  -999.9     0.0    21.9    17.4   330.0
SUMMERSIDE  2018   9   3  246     16.5    24.9    14.2  -999.9     4.5    23.2    20.2   330.0
SUMMERSIDE  2018   9   4  247     11.6    23.5    16.7  -999.9     0.0    15.5    14.6   330.0
SUMMERSIDE  2018   9   5  248     10.7    23.5    17.2  -999.9     0.0    11.6    13.7   330.0
SUMMERSIDE  2018   9   6  249     11.1    27.6    19.3  -999.9     0.0    23.0    16.6   330.0
SUMMERSIDE  2018   9   7  250      9.8    20.1    15.1  -999.9     0.0    10.0    12.0   330.0
SUMMERSIDE  2018   9   8  251      6.7    16.3    14.5  -999.9     0.0    14.7     9.1   330.0
SUMMERSIDE  2018   9   9  252      3.6    16.7    16.7  -999.9     0.0     9.1     8.9   330.0
SUMMERSIDE  2018   9  10  253      2.7    18.2    18.0  -999.9     0.0     7.0     9.1   330.0
SUMMERSIDE  2018   9  11  254     13.5    18.7    10.3  -999.9     4.9    23.0    14.9   330.0
SUMMERSIDE  2018   9  12  255      9.7    18.4    13.3  -999.9     0.0    13.4    14.2   330.0
SUMMERSIDE  2018   9  13  256     10.7    23.7    16.0  -999.9     0.4     7.9    16.4   330.0
SUMMERSIDE  2018   9  14  257     10.6    25.5    17.0  -999.9     0.0     7.4    16.5   330.0
SUMMERSIDE  2018   9  15  258     16.7    27.1    14.1  -999.9     0.0    20.3    19.8   330.0
SUMMERSIDE  2018   9  16  259     14.0    20.3    10.8  -999.9     0.0    13.5    16.0   330.0
SUMMERSIDE  2018   9  17  260     15.4    26.1    14.0  -999.9     0.0    23.7    19.8   330.0
SUMMERSIDE  2018   9  18  261     12.0    20.4    12.2  -999.9     3.9    25.6    16.9   330.0
SUMMERSIDE  2018   9  19  262     11.1    13.9     7.0  -999.9     1.8    29.0    12.7   330.0
SUMMERSIDE  2018   9  20  263      5.2    15.4    13.2  -999.9     0.0    14.0     8.6   330.0
SUMMERSIDE  2018   9  21  264      4.1    17.9    15.2  -999.9     0.0    18.4     9.6   330.0
SUMMERSIDE  2018   9  22  265      4.6    19.7    15.7  -999.9     0.5    29.7     9.4   330.0
SUMMERSIDE  2018   9  23  266      1.2    17.8    16.3  -999.9     0.2    15.3     7.8   330.0
SUMMERSIDE  2018   9  24  267      0.3    11.2    13.0  -999.9     0.0    11.8     5.8   330.0
SUMMERSIDE  2018   9  25  268     -0.8    14.4    15.2  -999.9     0.2    16.9     6.3   330.0
SUMMERSIDE  2018   9  26  269     11.3    21.1    12.1  -999.9    13.2    33.9    16.3   330.0
SUMMERSIDE  2018   9  27  270      7.9    20.8    13.7  -999.9     4.2    18.4    13.1   330.0
SUMMERSIDE  2018   9  28  271      8.6    12.4     7.3  -999.9    28.4    15.5    12.1   330.0
SUMMERSIDE  2018   9  29  272      3.5    16.0    13.2  -999.9     0.2    10.7    10.6   330.0
SUMMERSIDE  2018   9  30  273      1.2    15.2    13.8  -999.9     0.0     8.9     7.8   330.0
SUMMERSIDE  2018  10   1  274      4.8    13.8    10.9  -999.9     1.1    12.0     9.1   330.0
SUMMERSIDE  2018  10   2  275      4.6    14.3    11.2  -999.9     1.3     7.5     9.2   330.0
SUMMERSIDE  2018  10   3  276      9.0    16.5     9.7  -999.9    30.9    19.5    13.8   330.0
SUMMERSIDE  2018  10   4  277     13.7    17.9     7.2  -999.9     2.5    18.7    16.5   330.0
SUMMERSIDE  2018  10   5  278      2.6    11.6    10.4  -999.9     0.2    14.6     7.5   330.0
SUMMERSIDE  2018  10   6  279      3.4    11.9     9.9  -999.9     0.0     9.6     7.9   330.0
SUMMERSIDE  2018  10   7  280      4.4    11.4     8.9  -999.9     0.0    15.5     8.4   330.0
SUMMERSIDE  2018  10   8  281      3.5    11.0     9.1  -999.9     0.0     8.8     7.1   330.0
SUMMERSIDE  2018  10   9  282      8.8    15.6     8.5  -999.9     5.5    19.8    13.0   330.0
SUMMERSIDE  2018  10  10  283      5.8    10.6     7.1  -999.9     3.9    13.9     9.2   330.0
SUMMERSIDE  2018  10  11  284      4.5     7.4     5.4  -999.9    16.7    20.3     7.8   330.0
SUMMERSIDE  2018  10  12  285      6.6    12.3     7.5  -999.9     4.8    12.0    11.1   330.0
SUMMERSIDE  2018  10  13  286      3.9     9.7     7.5  -999.9     0.6    15.9     7.6   330.0
SUMMERSIDE  2018  10  14  287      2.7     9.0     7.7  -999.9     0.3    19.8     5.9   330.0
SUMMERSIDE  2018  10  15  288      1.9    13.9    10.5  -999.9     5.4    18.0     7.9   330.0
SUMMERSIDE  2018  10  16  289      4.0    13.9     9.4  -999.9     2.9    35.2     7.6   330.0
SUMMERSIDE  2018  10  17  290      1.6     9.3     8.2  -999.9     0.9    21.2     6.6   330.0
SUMMERSIDE  2018  10  18  291      0.5     4.6     5.9  -999.9     0.7    30.7     5.0   330.0
SUMMERSIDE  2018  10  19  292     -0.2     7.4     7.9  -999.9     0.0    23.5     4.5   330.0
SUMMERSIDE  2018  10  20  293      7.3    15.4     8.0  -999.9     0.0    30.5    10.5   330.0
SUMMERSIDE  2018  10  21  294      2.6    10.1     7.6  -999.9     0.0    13.3     6.9   330.0
SUMMERSIDE  2018  10  22  295     -0.7     5.2     6.7  -999.9     0.0    21.7     3.8   330.0
SUMMERSIDE  2018  10  23  296     -2.4     6.5     8.1  -999.9     0.0    13.0     4.3   330.0
SUMMERSIDE  2018  10  24  297      3.9     9.7     6.4  -999.9    19.7    21.3     9.0   330.0
SUMMERSIDE  2018  10  25  298     -0.1     4.8     5.8  -999.9    16.9    24.0     6.5   330.0
SUMMERSIDE  2018  10  26  299     -2.9     4.2     6.9  -999.9     0.0    29.2     3.6   330.0
SUMMERSIDE  2018  10  27  300     -6.1     3.4     7.9  -999.9    14.6    10.0     3.5   330.0
SUMMERSIDE  2018  10  28  301      2.3    14.8     8.9  -999.9    20.8    20.3    10.7   330.0
SUMMERSIDE  2018  10  29  302      5.5    11.8     6.2  -999.9     2.1    13.0    10.5   330.0
SUMMERSIDE  2018  10  30  303      4.6     9.6     5.5  -999.9     1.0    10.2     9.7   330.0
SUMMERSIDE  2018  10  31  304      4.3     7.5     4.3  -999.9     1.0     9.3     8.2   330.0
SUMMERSIDE  2018  11   1  305      4.9     9.0     4.8  -999.9     0.4    11.8     9.2   330.0
SUMMERSIDE  2018  11   2  306      4.8     6.4     3.0  -999.9    24.5    14.5     8.6   330.0
SUMMERSIDE  2018  11   3  307      6.4    16.5     7.4  -999.9    34.6    24.2    12.7   330.0
SUMMERSIDE  2018  11   4  308      0.9     8.7     6.4  -999.9     0.0    40.2     5.1   330.0
SUMMERSIDE  2018  11   5  309     -1.3     6.3     6.2  -999.9     0.0     8.1     5.6   330.0
SUMMERSIDE  2018  11   6  310      4.4    13.4     6.7  -999.9    27.5    18.8    10.5   330.0
SUMMERSIDE  2018  11   7  311      7.8    13.9     5.4  -999.9     2.3    26.6    11.0   330.0
SUMMERSIDE  2018  11   8  312      5.2    10.0     4.7  -999.9     0.0    28.0     6.8   330.0
SUMMERSIDE  2018  11   9  313      1.5     6.2     4.6  -999.9     0.0    13.4     5.5   330.0
SUMMERSIDE  2018  11  10  314      0.8    11.4     6.9  -999.9    23.3    28.9     8.1   330.0
SUMMERSIDE  2018  11  11  315     -1.8     2.1     4.1  -999.9     0.0    45.5     3.4   330.0
SUMMERSIDE  2018  11  12  316     -4.0     1.0     4.6  -999.9     0.0    25.9     3.3   330.0
SUMMERSIDE  2018  11  13  317     -5.4     3.0     5.9  -999.9    13.5    16.0     4.5   330.0
SUMMERSIDE  2018  11  14  318     -8.1     2.6     6.5  -999.9     0.5    42.7     3.3   330.0
SUMMERSIDE  2018  11  15  319     -9.9    -4.1     4.8  -999.9     0.0    24.2     2.5   330.0
SUMMERSIDE  2018  11  16  320     -7.9     0.3     5.6  -999.9     5.2    22.9     4.0   330.0
SUMMERSIDE  2018  11  17  321     -3.5    -0.3     3.4  -999.9     0.6    19.5     4.7   330.0
SUMMERSIDE  2018  11  18  322    -12.9    -2.1     6.3  -999.9     0.0    15.2     2.6   330.0
SUMMERSIDE  2018  11  19  323    -15.7    -0.6     7.3  -999.9     0.0     8.7     2.7   330.0
SUMMERSIDE  2018  11  20  324     -2.3     1.5     3.6  -999.9     1.8    11.9     5.6   330.0
SUMMERSIDE  2018  11  21  325     -6.1     0.1     4.6  -999.9     3.4    18.5     4.5   330.0
SUMMERSIDE  2018  11  22  326    -12.4    -5.4     4.8  -999.9     0.4    26.9     2.6   330.0
SUMMERSIDE  2018  11  23  327    -10.9    -6.1     3.9  -999.9     0.0    35.1     2.2   330.0
SUMMERSIDE  2018  11  24  328    -10.2    -0.4     5.6  -999.9     0.0    19.8     2.9   330.0
SUMMERSIDE  2018  11  25  329    -11.3     0.4     6.0  -999.9     0.0    11.6     3.6   330.0
SUMMERSIDE  2018  11  26  330     -1.2     1.0     2.6  -999.9     0.0    19.4     5.5   330.0
SUMMERSIDE  2018  11  27  331      0.2     2.5     2.6  -999.9     8.0    20.0     6.3   330.0
SUMMERSIDE  2018  11  28  332     -0.1     3.1     3.1  -999.9     4.6    23.1     6.5   330.0
SUMMERSIDE  2018  11  29  333     -0.1     1.6     2.2  -999.9     1.0    60.3     5.9   330.0
SUMMERSIDE  2018  11  30  334     -0.4     1.7     2.4  -999.9     0.0    25.1     5.1   330.0
SUMMERSIDE  2018  12   1  335     -1.5     0.4     2.3  -999.9     0.0     8.4     5.0   330.0
SUMMERSIDE  2018  12   2  336     -2.4     3.1     3.9  -999.9     9.9    14.1     5.2   330.0
SUMMERSIDE  2018  12   3  337     -0.8     4.3     3.7  -999.9     4.2    16.2     6.6   330.0
SUMMERSIDE  2018  12   4  338     -5.1    -0.8     3.4  -999.9     0.0    24.5     3.9   330.0
SUMMERSIDE  2018  12   5  339    -12.1    -4.9     4.3  -999.9     0.0    14.9     2.4   330.0
SUMMERSIDE  2018  12   6  340     -9.5    -4.0     3.8  -999.9     0.0     7.8     2.9   330.0
SUMMERSIDE  2018  12   7  341     -9.2    -1.5     4.4  -999.9     0.0     9.0     3.4   330.0
SUMMERSIDE  2018  12   8  342    -11.8    -5.4     4.0  -999.9     0.0    18.9     2.3   330.0
SUMMERSIDE  2018  12   9  343    -12.1    -5.7     4.0  -999.9     1.4    19.5     2.1   330.0
SUMMERSIDE  2018  12  10  344    -13.1    -5.5     4.3  -999.9     1.1    13.6     2.4   330.0
SUMMERSIDE  2018  12  11  345    -18.7    -7.1     5.3  -999.9     0.0    11.2     1.8   330.0
SUMMERSIDE  2018  12  12  346    -19.6    -4.4     6.1  -999.9     0.4    19.8     2.0   330.0
SUMMERSIDE  2018  12  13  347    -11.5    -7.5     3.1  -999.9     0.0    15.8     2.0   330.0
SUMMERSIDE  2018  12  14  348     -9.7     1.5     5.2  -999.9     0.0    19.8     3.1   330.0
SUMMERSIDE  2018  12  15  349     -1.2     4.2     3.6  -999.9     1.8    21.0     5.7   330.0
SUMMERSIDE  2018  12  16  350     -5.0     1.5     3.9  -999.9     0.0     9.3     4.4   330.0
SUMMERSIDE  2018  12  17  351     -2.8     0.2     2.7  -999.9     5.4    20.8     5.0   330.0
SUMMERSIDE  2018  12  18  352     -3.9     0.0     3.0  -999.9     1.9    37.2     4.9   330.0
SUMMERSIDE  2018  12  19  353     -6.1    -3.4     2.5  -999.9     0.0    27.5     2.9   330.0
SUMMERSIDE  2018  12  20  354     -9.2    -1.0     4.4  -999.9     0.0    13.9     3.3   330.0
SUMMERSIDE  2018  12  21  355     -8.4     7.6     6.1  -999.9     8.1    19.2     5.4   330.0
SUMMERSIDE  2018  12  22  356      4.3    12.1     4.3  -999.9     6.8    31.5    10.5   330.0
SUMMERSIDE  2018  12  23  357     -7.9     4.3     5.4  -999.9     0.0    24.3     3.7   330.0
SUMMERSIDE  2018  12  24  358    -12.0    -6.3     3.7  -999.9     0.0     8.7     2.3   330.0
SUMMERSIDE  2018  12  25  359    -11.8    -8.6     2.8  -999.9     0.0    17.6     2.0   330.0
SUMMERSIDE  2018  12  26  360    -12.0    -4.8     4.1  -999.9     0.0    15.8     2.1   330.0
SUMMERSIDE  2018  12  27  361    -12.4    -8.8     2.9  -999.9     0.0    27.0     1.6   330.0
SUMMERSIDE  2018  12  28  362    -13.5     0.4     5.8  -999.9    10.0    18.7     2.9   330.0
SUMMERSIDE  2018  12  29  363     -7.1     1.5     4.6  -999.9     4.3    20.0     4.5   330.0
SUMMERSIDE  2018  12  30  364    -13.8    -7.1     4.0  -999.9     0.0    18.8     2.1   330.0
SUMMERSIDE  2018  12  31  365    -14.2    -5.1     4.7  -999.9     0.0     8.1     2.2   330.0
