SUMMERSIDE  2007   1   1    1    -12.7     3.9     6.4  -999.9    22.5    12.5     3.8   330.0
SUMMERSIDE  2007   1   2    2     -4.0     2.1     3.9  -999.9     3.6    23.8     5.2   330.0
SUMMERSIDE  2007   1   3    3     -6.1     1.6     4.4  -999.9     0.0    23.1     3.9   330.0
SUMMERSIDE  2007   1   4    4     -3.0     5.1     4.6  -999.9     0.0    20.2     5.3   330.0
SUMMERSIDE  2007   1   5    5      0.7     6.0     3.7  -999.9     2.6    20.7     7.2   330.0
SUMMERSIDE  2007   1   6    6      2.8     9.3     4.2  -999.9    15.7    20.1     9.2   330.0
SUMMERSIDE  2007   1   7    7      4.0     6.0     2.3  -999.9     0.0    30.7     6.1   330.0
SUMMERSIDE  2007   1   8    8     -1.9     7.0     4.9  -999.9    15.6    18.6     6.3   330.0
SUMMERSIDE  2007   1   9    9     -0.2     3.4     3.2  -999.9     0.0    25.5     5.4   330.0
SUMMERSIDE  2007   1  10   10     -2.8     0.8     3.2  -999.9     0.0    13.4     4.5   330.0
SUMMERSIDE  2007   1  11   11     -8.7     0.5     5.2  -999.9     0.0    23.5     3.4   330.0
SUMMERSIDE  2007   1  12   12     -7.1     2.1     5.2  -999.9     0.7    17.4     4.4   330.0
SUMMERSIDE  2007   1  13   13     -2.4     2.7     3.9  -999.9     0.0    24.1     4.9   330.0
SUMMERSIDE  2007   1  14   14     -7.6    -2.4     4.0  -999.9     0.0    13.8     3.1   330.0
SUMMERSIDE  2007   1  15   15    -10.1    -2.9     4.7  -999.9    10.0    10.3     3.0   330.0
SUMMERSIDE  2007   1  16   16     -8.1    -2.4     4.3  -999.9     1.4    22.9     3.8   330.0
SUMMERSIDE  2007   1  17   17    -19.5   -17.2     2.7  -999.9     0.0    30.0     1.1   330.0
SUMMERSIDE  2007   1  18   18    -21.5    -1.1     8.2  -999.9     0.0    18.4     2.0   330.0
SUMMERSIDE  2007   1  19   19    -11.3     4.9     7.4  -999.9    19.5    30.7     4.5   330.0
SUMMERSIDE  2007   1  20   20     -5.4    -4.7     1.6  -999.9     0.0    39.6     3.5   330.0
SUMMERSIDE  2007   1  21   21    -13.7   -11.3     2.9  -999.9     0.0    34.2     1.6   330.0
SUMMERSIDE  2007   1  22   22    -15.7    -9.3     4.8  -999.9     0.0    22.2     1.6   330.0
SUMMERSIDE  2007   1  23   23    -14.9    -4.9     6.1  -999.9     0.0     5.3     2.4   330.0
SUMMERSIDE  2007   1  24   24    -15.1    -3.3     6.7  -999.9     0.0     5.2     2.6   330.0
SUMMERSIDE  2007   1  25   25    -14.4    -9.4     4.4  -999.9     0.0    17.5     1.8   330.0
SUMMERSIDE  2007   1  26   26    -21.1   -11.1     6.4  -999.9     0.0    18.7     1.4   330.0
SUMMERSIDE  2007   1  27   27    -16.4    -9.2     5.5  -999.9     0.0    33.4     1.6   330.0
SUMMERSIDE  2007   1  28   28    -14.3    -6.0     6.0  -999.9     0.0    15.6     1.9   330.0
SUMMERSIDE  2007   1  29   29    -14.9    -6.4     6.1  -999.9     0.0    13.0     2.2   330.0
SUMMERSIDE  2007   1  30   30    -17.1   -12.8     4.4  -999.9     0.0    20.3     1.2   330.0
SUMMERSIDE  2007   1  31   31    -20.2   -11.8     6.2  -999.9     0.0    11.8     1.1   330.0
SUMMERSIDE  2007   2   1   32    -17.7    -3.3     8.3  -999.9     0.7    14.7     2.0   330.0
SUMMERSIDE  2007   2   2   33    -10.4    -0.2     7.1  -999.9     2.5    13.4     3.9   330.0
SUMMERSIDE  2007   2   3   34     -3.1    -1.8     2.6  -999.9     3.5    17.7     4.7   330.0
SUMMERSIDE  2007   2   4   35    -11.4    -6.1     5.2  -999.9     0.0    24.2     2.1   330.0
SUMMERSIDE  2007   2   5   36    -16.3   -13.5     3.9  -999.9     0.0    23.5     1.2   330.0
SUMMERSIDE  2007   2   6   37    -21.4   -13.4     6.6  -999.9     0.0    27.2     0.9   330.0
SUMMERSIDE  2007   2   7   38    -17.5   -10.8     6.1  -999.9     0.0    14.2     1.3   330.0
SUMMERSIDE  2007   2   8   39    -19.1   -12.5     6.2  -999.9     0.0    16.0     1.2   330.0
SUMMERSIDE  2007   2   9   40    -16.3   -10.4     5.9  -999.9     0.0    21.0     1.4   330.0
SUMMERSIDE  2007   2  10   41    -14.9    -7.9     6.5  -999.9     0.0    14.5     1.8   330.0
SUMMERSIDE  2007   2  11   42    -14.8    -8.7     6.2  -999.9     0.0    18.8     1.6   330.0
SUMMERSIDE  2007   2  12   43    -16.4    -4.3     8.9  -999.9     0.0    21.4     1.8   330.0
SUMMERSIDE  2007   2  13   44    -16.6    -9.4     6.9  -999.9     0.0    22.5     1.4   330.0
SUMMERSIDE  2007   2  14   45    -15.8     3.3    11.4  -999.9     2.7    13.8     3.1   330.0
SUMMERSIDE  2007   2  15   46     -4.6     2.8     7.2  -999.9     0.6    45.6     4.8   330.0
SUMMERSIDE  2007   2  16   47    -15.6    -9.5     6.7  -999.9     0.0    40.5     1.4   330.0
SUMMERSIDE  2007   2  17   48    -11.9    -4.3     7.5  -999.9     0.0    23.3     2.3   330.0
SUMMERSIDE  2007   2  18   49    -10.6    -1.0     8.6  -999.9     0.0    12.3     3.3   330.0
SUMMERSIDE  2007   2  19   50     -4.9    -4.1     2.5  -999.9     0.6    25.7     3.8   330.0
SUMMERSIDE  2007   2  20   51    -17.6    -8.6     8.6  -999.9     0.0    19.1     1.6   330.0
SUMMERSIDE  2007   2  21   52    -12.2    -5.0     7.8  -999.9     0.0     8.5     2.4   330.0
SUMMERSIDE  2007   2  22   53    -12.9    -4.4     8.5  -999.9     0.0    17.0     2.1   330.0
SUMMERSIDE  2007   2  23   54    -13.8    -5.9     8.4  -999.9     0.0    12.2     2.4   330.0
SUMMERSIDE  2007   2  24   55    -14.4    -0.5    11.2  -999.9     0.6    18.0     3.1   330.0
SUMMERSIDE  2007   2  25   56     -4.3     0.9     7.0  -999.9     0.0    31.0     3.8   330.0
SUMMERSIDE  2007   2  26   57     -7.3    -2.3     6.9  -999.9     0.0    16.6     3.6   330.0
SUMMERSIDE  2007   2  27   58     -8.8    -2.2     8.1  -999.9     0.6    10.3     3.7   330.0
SUMMERSIDE  2007   2  28   59     -6.5    -1.4     7.2  -999.9     0.0     5.5     4.1   330.0
SUMMERSIDE  2007   3   1   60     -7.8    -1.9     7.8  -999.9     0.0     5.0     3.9   330.0
SUMMERSIDE  2007   3   2   61     -7.6     0.8     9.5  -999.9     7.2    15.9     4.2   330.0
SUMMERSIDE  2007   3   3   62     -2.7     4.5     8.9  -999.9     2.3    26.6     5.4   330.0
SUMMERSIDE  2007   3   4   63     -1.3     0.8     4.9  -999.9     2.7    16.5     5.6   330.0
SUMMERSIDE  2007   3   5   64     -9.6    -2.2     9.3  -999.9     0.0    13.9     3.4   330.0
SUMMERSIDE  2007   3   6   65    -11.8    -9.9     4.8  -999.9     0.6    23.8     2.1   330.0
SUMMERSIDE  2007   3   7   66    -19.4   -13.1     8.8  -999.9     0.0    30.0     1.0   330.0
SUMMERSIDE  2007   3   8   67    -21.1   -14.8     8.9  -999.9     0.0    15.8     0.9   330.0
SUMMERSIDE  2007   3   9   68    -20.0    -3.4    14.6  -999.9     0.0    21.5     1.5   330.0
SUMMERSIDE  2007   3  10   69    -12.6     3.6    14.6  -999.9     0.0    20.3     3.1   330.0
SUMMERSIDE  2007   3  11   70     -0.4     3.8     7.5  -999.9     6.8    19.0     6.6   330.0
SUMMERSIDE  2007   3  12   71     -3.2     1.3     7.9  -999.9     0.0    20.3     4.0   330.0
SUMMERSIDE  2007   3  13   72     -3.5     4.8    10.8  -999.9     0.0    15.5     5.3   330.0
SUMMERSIDE  2007   3  14   73     -1.6     8.8    12.3  -999.9     5.4    34.8     6.6   330.0
SUMMERSIDE  2007   3  15   74      5.6     7.4     5.2  -999.9     3.1    27.5     9.3   330.0
SUMMERSIDE  2007   3  16   75     -7.5    -2.4     8.8  -999.9     6.3    29.8     3.2   330.0
SUMMERSIDE  2007   3  17   76     -6.3     8.4    15.1  -999.9     8.4    36.1     6.1   330.0
SUMMERSIDE  2007   3  18   77      2.2     5.0     6.7  -999.9     0.6    33.3     6.8   330.0
SUMMERSIDE  2007   3  19   78     -5.7    -0.1     9.6  -999.9     0.0    31.5     3.0   330.0
SUMMERSIDE  2007   3  20   79     -2.1     3.1     9.3  -999.9     2.0    29.2     5.5   330.0
SUMMERSIDE  2007   3  21   80     -9.1    -1.7    11.2  -999.9     0.0    24.4     2.5   330.0
SUMMERSIDE  2007   3  22   81     -6.0     6.3    14.7  -999.9     0.7    38.5     5.2   330.0
SUMMERSIDE  2007   3  23   82      2.5     8.9    10.7  -999.9     0.0    19.2     7.8   330.0
SUMMERSIDE  2007   3  24   83     -4.1    -1.9     6.3  -999.9     0.0    16.5     3.9   330.0
SUMMERSIDE  2007   3  25   84     -8.3    -2.0    10.8  -999.9     0.6    12.0     3.4   330.0
SUMMERSIDE  2007   3  26   85     -9.0     6.0    16.9  -999.9     0.0    11.0     4.2   330.0
SUMMERSIDE  2007   3  27   86     -1.6     8.3    13.9  -999.9     0.0    13.8     6.9   330.0
SUMMERSIDE  2007   3  28   87      0.6     3.9     8.1  -999.9     0.6    37.0     5.5   330.0
SUMMERSIDE  2007   3  29   88     -3.9     1.7    10.7  -999.9     0.0    35.5     4.1   330.0
SUMMERSIDE  2007   3  30   89     -2.7     6.2    13.6  -999.9     0.0    20.5     4.0   330.0
SUMMERSIDE  2007   3  31   90     -4.8     0.8    10.9  -999.9     0.6    26.8     3.0   330.0
SUMMERSIDE  2007   4   1   91     -6.6     0.3    12.2  -999.9     0.0    13.6     3.5   330.0
SUMMERSIDE  2007   4   2   92     -8.6     1.7    15.0  -999.9     0.0    13.0     3.5   330.0
SUMMERSIDE  2007   4   3   93     -3.9     1.9    11.4  -999.9     0.0    18.5     4.3   330.0
SUMMERSIDE  2007   4   4   94     -4.8     0.4    10.9  -999.9     0.0    22.0     4.2   330.0
SUMMERSIDE  2007   4   5   95     -1.7     7.5    14.6  -999.9     7.4    21.0     7.0   330.0
SUMMERSIDE  2007   4   6   96      0.7     4.7     9.7  -999.9     0.0    32.8     6.3   330.0
SUMMERSIDE  2007   4   7   97     -1.1     4.1    11.2  -999.9     7.2    22.1     5.4   330.0
SUMMERSIDE  2007   4   8   98     -2.3     0.2     7.8  -999.9     1.3    51.5     5.5   330.0
SUMMERSIDE  2007   4   9   99     -1.5     1.8     9.1  -999.9     0.0    29.3     4.8   330.0
SUMMERSIDE  2007   4  10  100     -4.3     2.7    13.3  -999.9     0.0    13.1     4.2   330.0
SUMMERSIDE  2007   4  11  101     -5.2     5.0    16.2  -999.9     0.0    10.9     3.9   330.0
SUMMERSIDE  2007   4  12  102     -4.9     8.8    18.9  -999.9     0.7     7.9     4.4   330.0
SUMMERSIDE  2007   4  13  103     -0.7     0.3     5.2  -999.9     5.7    29.2     5.2   330.0
SUMMERSIDE  2007   4  14  104     -0.5     0.5     5.2  -999.9     0.0    33.5     5.7   330.0
SUMMERSIDE  2007   4  15  105     -6.8     1.7    15.3  -999.9     0.0    12.4     4.7   330.0
SUMMERSIDE  2007   4  16  106     -2.2     3.1    12.2  -999.9     0.0    21.1     5.4   330.0
SUMMERSIDE  2007   4  17  107      0.4     2.1     6.9  -999.9     2.9    39.2     6.0   330.0
SUMMERSIDE  2007   4  18  108      0.2     1.1     5.1  -999.9     0.0    40.5     5.9   330.0
SUMMERSIDE  2007   4  19  109     -0.3     1.7     7.6  -999.9     0.0    33.4     5.7   330.0
SUMMERSIDE  2007   4  20  110     -2.3    10.9    19.8  -999.9     0.0    11.3     6.1   330.0
SUMMERSIDE  2007   4  21  111     -1.2     5.2    13.9  -999.9     0.0    15.0     5.6   330.0
SUMMERSIDE  2007   4  22  112     -3.8    12.0    21.9  -999.9     0.0    15.5     5.3   330.0
SUMMERSIDE  2007   4  23  113      4.1    18.1    20.8  -999.9     0.0    34.0     8.1   330.0
SUMMERSIDE  2007   4  24  114      7.5    15.1    15.4  -999.9     0.0    27.2     8.2   330.0
SUMMERSIDE  2007   4  25  115     -1.3    10.2    19.1  -999.9     0.0    14.7     4.6   330.0
SUMMERSIDE  2007   4  26  116     -1.3    13.0    21.4  -999.9     0.0    20.0     4.4   330.0
SUMMERSIDE  2007   4  27  117     -1.1    11.9    20.5  -999.9     6.9    17.2     5.7   330.0
SUMMERSIDE  2007   4  28  118      4.1     9.3    13.1  -999.9     0.0    16.7     8.9   330.0
SUMMERSIDE  2007   4  29  119      1.5     5.6    11.7  -999.9     0.0    20.1     7.3   330.0
SUMMERSIDE  2007   4  30  120      0.6     6.1    13.6  -999.9     6.7     8.0     6.9   330.0
SUMMERSIDE  2007   5   1  121      0.1     7.7    16.1  -999.9     0.6    13.1     7.3   330.0
SUMMERSIDE  2007   5   2  122      1.6    14.2    20.8  -999.9     0.0    12.6     7.7   330.0
SUMMERSIDE  2007   5   3  123      5.3    10.9    14.0  -999.9     0.0    21.3     6.9   330.0
SUMMERSIDE  2007   5   4  124      3.2     7.1    11.7  -999.9     0.0    22.9     6.5   330.0
SUMMERSIDE  2007   5   5  125      3.4     7.4    11.9  -999.9     0.7    16.3     7.0   330.0
SUMMERSIDE  2007   5   6  126      2.3    10.1    16.7  -999.9     0.0    18.9     7.1   330.0
SUMMERSIDE  2007   5   7  127      3.0    20.3    25.1  -999.9     0.0    22.3     7.2   330.0
SUMMERSIDE  2007   5   8  128      6.4    18.2    20.8  -999.9     0.0    27.9     8.7   330.0
SUMMERSIDE  2007   5   9  129      6.8    24.8    25.8  -999.9     0.0    16.5     9.0   330.0
SUMMERSIDE  2007   5  10  130      8.7    17.6    18.2  -999.9     0.0    19.4    10.2   330.0
SUMMERSIDE  2007   5  11  131      7.9    22.2    23.2  -999.9     7.9    30.7    12.8   330.0
SUMMERSIDE  2007   5  12  132      6.3     8.6     9.4  -999.9     0.0    23.7     7.2   330.0
SUMMERSIDE  2007   5  13  133     -1.1    10.7    21.3  -999.9     0.0     8.3     5.4   330.0
SUMMERSIDE  2007   5  14  134     -0.5    10.9    21.0  -999.9     0.0    13.6     5.6   330.0
SUMMERSIDE  2007   5  15  135      4.4    13.7    19.0  -999.9     0.6    22.2     8.4   330.0
SUMMERSIDE  2007   5  16  136      3.0     7.0    12.5  -999.9     6.7    18.1     5.6   330.0
SUMMERSIDE  2007   5  17  137      0.2     4.8    13.5  -999.9     1.3    27.4     6.6   330.0
SUMMERSIDE  2007   5  18  138      3.0    11.3    18.2  -999.9    10.2    14.5     9.0   330.0
SUMMERSIDE  2007   5  19  139      4.8    15.2    20.4  -999.9    33.4    16.5    11.7   330.0
SUMMERSIDE  2007   5  20  140      5.8     7.5     8.3  -999.9     9.3    11.6     9.5   330.0
SUMMERSIDE  2007   5  21  141      2.8     9.1    16.0  -999.9     1.3    17.6     7.8   330.0
SUMMERSIDE  2007   5  22  142      2.1     5.7    12.1  -999.9     0.0    26.2     6.7   330.0
SUMMERSIDE  2007   5  23  143     -1.4     9.8    21.5  -999.9     0.0    12.2     6.3   330.0
SUMMERSIDE  2007   5  24  144      4.3    17.8    23.7  -999.9     0.0    24.4     9.8   330.0
SUMMERSIDE  2007   5  25  145      9.5    23.8    24.4  -999.9     2.5    21.2    13.0   330.0
SUMMERSIDE  2007   5  26  146     11.3    24.5    23.5  -999.9     0.0    20.1    13.5   330.0
SUMMERSIDE  2007   5  27  147      5.5    15.5    20.5  -999.9     2.3    18.0     7.4   330.0
SUMMERSIDE  2007   5  28  148      8.5    13.7    14.9  -999.9     4.6    24.8    11.2   330.0
SUMMERSIDE  2007   5  29  149      8.5    13.5    14.6  -999.9     0.0    18.8    12.1   330.0
SUMMERSIDE  2007   5  30  150      5.7    15.2    20.2  -999.9     0.0     9.6     9.5   330.0
SUMMERSIDE  2007   5  31  151      7.2    11.0    12.8  -999.9     0.0    16.3     9.8   330.0
SUMMERSIDE  2007   6   1  152      1.3    20.7    29.0  -999.9     0.0    18.7    10.3   330.0
SUMMERSIDE  2007   6   2  153      6.6    13.2    16.9  -999.9     0.0    18.9     7.5   330.0
SUMMERSIDE  2007   6   3  154      4.6    15.6    21.9  -999.9     0.0    15.8     7.0   330.0
SUMMERSIDE  2007   6   4  155      5.4    17.2    22.7  -999.9     2.1    20.7     8.8   330.0
SUMMERSIDE  2007   6   5  156     12.0    23.5    22.5  -999.9     0.0    28.8    16.9   330.0
SUMMERSIDE  2007   6   6  157     15.5    26.5    22.0  -999.9     5.6    20.9    18.6   330.0
SUMMERSIDE  2007   6   7  158      9.2    17.1    18.7  -999.9     0.0    17.2    11.7   330.0
SUMMERSIDE  2007   6   8  159      7.8    19.7    22.9  -999.9     0.0    11.5     9.9   330.0
SUMMERSIDE  2007   6   9  160      8.0    25.7    28.0  -999.9     0.0    11.8    12.9   330.0
SUMMERSIDE  2007   6  10  161     11.5    23.7    23.3  -999.9     0.0    14.5    15.4   330.0
SUMMERSIDE  2007   6  11  162     12.0    17.6    15.8  -999.9     0.0    22.2    14.9   330.0
SUMMERSIDE  2007   6  12  163     11.4    14.6    11.9  -999.9     0.0    23.6    13.3   330.0
SUMMERSIDE  2007   6  13  164      8.8    14.3    15.7  -999.9     0.0    18.8    11.6   330.0
SUMMERSIDE  2007   6  14  165      7.4    14.6    17.9  -999.9     0.6    10.1    10.8   330.0
SUMMERSIDE  2007   6  15  166      4.0    23.0    29.2  -999.9     0.0    10.5    11.0   330.0
SUMMERSIDE  2007   6  16  167     12.9    26.7    24.9  -999.9     0.0    17.3    18.2   330.0
SUMMERSIDE  2007   6  17  168     14.6    24.0    20.5  -999.9     6.2    24.3    16.4   330.0
SUMMERSIDE  2007   6  18  169     12.6    14.0     7.9  -999.9     0.0    26.2    12.8   330.0
SUMMERSIDE  2007   6  19  170     10.2    14.2    13.4  -999.9     0.6    22.1    11.2   330.0
SUMMERSIDE  2007   6  20  171      4.7    22.4    28.2  -999.9     9.7     8.4    11.6   330.0
SUMMERSIDE  2007   6  21  172     13.1    15.3     9.9  -999.9     6.8    12.6    14.6   330.0
SUMMERSIDE  2007   6  22  173     12.2    20.4    19.2  -999.9     0.9     9.4    15.9   330.0
SUMMERSIDE  2007   6  23  174     11.5    18.0    17.1  -999.9     0.0     9.0    15.4   330.0
SUMMERSIDE  2007   6  24  175     11.8    20.8    20.1  -999.9     1.2    11.7    16.1   330.0
SUMMERSIDE  2007   6  25  176     12.4    24.0    22.8  -999.9    16.0    17.2    13.7   330.0
SUMMERSIDE  2007   6  26  177     14.5    23.2    19.7  -999.9     0.0    17.5    18.1   330.0
SUMMERSIDE  2007   6  27  178     16.3    24.6    19.3  -999.9    23.6    16.5    14.7   330.0
SUMMERSIDE  2007   6  28  179     11.7    19.1    18.2  -999.9     0.0    15.0    15.0   330.0
SUMMERSIDE  2007   6  29  180     12.8    20.4    18.4  -999.9     0.0    14.5    14.1   330.0
SUMMERSIDE  2007   6  30  181     11.4    19.6    19.1  -999.9     0.0    14.2    13.4   330.0
SUMMERSIDE  2007   7   1  182     10.2    20.2    21.1  -999.9     0.0    13.3    12.7   330.0
SUMMERSIDE  2007   7   2  183     11.3    16.5    15.2  -999.9     0.6    11.5    13.2   330.0
SUMMERSIDE  2007   7   3  184      7.3    19.4    23.1  -999.9     0.0     8.5    11.9   330.0
SUMMERSIDE  2007   7   4  185     10.6    24.0    24.3  -999.9     0.0    16.6    14.6   330.0
SUMMERSIDE  2007   7   5  186     14.5    19.7    15.1  -999.9     8.9    25.2    15.6   330.0
SUMMERSIDE  2007   7   6  187     14.4    21.6    17.7  -999.9     0.0    13.9    18.5   330.0
SUMMERSIDE  2007   7   7  188     15.5    22.0    16.8  -999.9     0.6    13.5    18.2   330.0
SUMMERSIDE  2007   7   8  189     13.6    19.4    15.9  -999.9     2.6    14.6    15.3   330.0
SUMMERSIDE  2007   7   9  190     11.7    17.5    15.8  -999.9     0.0    15.3    13.1   330.0
SUMMERSIDE  2007   7  10  191     12.2    19.5    17.7  -999.9     0.0    12.3    14.7   330.0
SUMMERSIDE  2007   7  11  192     13.0    25.1    22.8  -999.9     0.0    21.1    18.8   330.0
SUMMERSIDE  2007   7  12  193     19.2    23.3    13.2  -999.9     4.4    22.8    23.0   330.0
SUMMERSIDE  2007   7  13  194     16.9    25.7    19.3  -999.9     0.0    12.6    20.3   330.0
SUMMERSIDE  2007   7  14  195     14.9    25.2    20.9  -999.9     0.0    16.2    16.0   330.0
SUMMERSIDE  2007   7  15  196     15.5    26.3    21.3  -999.9     0.0    22.6    19.2   330.0
SUMMERSIDE  2007   7  16  197     18.1    26.1    18.3  -999.9     0.0    19.0    20.3   330.0
SUMMERSIDE  2007   7  17  198     15.2    27.1    22.2  -999.9     0.0    14.2    17.8   330.0
SUMMERSIDE  2007   7  18  199     15.3    26.1    21.1  -999.9     5.3    14.0    18.3   330.0
SUMMERSIDE  2007   7  19  200     17.2    22.9    15.3  -999.9    19.1     7.0    20.6   330.0
SUMMERSIDE  2007   7  20  201     19.1    22.5    11.8  -999.9    11.4    13.1    23.4   330.0
SUMMERSIDE  2007   7  21  202     18.4    22.4    12.7  -999.9     0.0    16.7    21.5   330.0
SUMMERSIDE  2007   7  22  203     16.1    23.5    17.3  -999.9     0.0    10.8    17.1   330.0
SUMMERSIDE  2007   7  23  204     13.4    24.8    21.3  -999.9     0.0    14.1    15.3   330.0
SUMMERSIDE  2007   7  24  205     18.6    27.4    18.7  -999.9     0.0    19.2    22.6   330.0
SUMMERSIDE  2007   7  25  206     16.9    28.0    20.9  -999.9     0.0    14.2    22.0   330.0
SUMMERSIDE  2007   7  26  207     19.1    31.0    21.6  -999.9     0.0    15.7    24.5   330.0
SUMMERSIDE  2007   7  27  208     18.9    31.4    22.0  -999.9     0.0    16.2    22.4   330.0
SUMMERSIDE  2007   7  28  209     19.0    28.2    18.8  -999.9     8.1    20.8    23.0   330.0
SUMMERSIDE  2007   7  29  210     19.6    26.8    16.6  -999.9     0.6    14.7    25.2   330.0
SUMMERSIDE  2007   7  30  211     18.9    25.3    15.5  -999.9     0.0    12.7    23.5   330.0
SUMMERSIDE  2007   7  31  212     18.1    28.0    19.3  -999.9     0.0     9.0    22.9   330.0
SUMMERSIDE  2007   8   1  213     17.5    23.7    15.2  -999.9     0.0    15.0    17.3   330.0
SUMMERSIDE  2007   8   2  214     17.5    26.8    18.5  -999.9     0.0    22.7    18.1   330.0
SUMMERSIDE  2007   8   3  215     18.4    28.9    19.5  -999.9     9.4    16.3    23.2   330.0
SUMMERSIDE  2007   8   4  216     15.8    26.4    19.5  -999.9     7.9    21.7    21.7   330.0
SUMMERSIDE  2007   8   5  217     10.4    22.3    20.6  -999.9     0.0    11.8    14.5   330.0
SUMMERSIDE  2007   8   6  218      9.6    24.5    22.9  -999.9     3.7    13.0    14.2   330.0
SUMMERSIDE  2007   8   7  219     15.3    24.6    18.0  -999.9     0.0    11.4    19.2   330.0
SUMMERSIDE  2007   8   8  220     13.0    24.2    19.7  -999.9    18.4    16.2    18.5   330.0
SUMMERSIDE  2007   8   9  221     12.7    20.6    16.4  -999.9     9.9    30.0    14.4   330.0
SUMMERSIDE  2007   8  10  222     10.9    24.5    21.4  -999.9     0.0    12.0    13.8   330.0
SUMMERSIDE  2007   8  11  223     14.9    26.7    19.9  -999.9     0.0    14.3    17.7   330.0
SUMMERSIDE  2007   8  12  224     15.4    24.7    17.5  -999.9     0.0    11.8    17.3   330.0
SUMMERSIDE  2007   8  13  225     15.7    21.3    13.5  -999.9     3.5    17.0    18.8   330.0
SUMMERSIDE  2007   8  14  226     10.8    24.2    20.8  -999.9     0.6    10.2    17.3   330.0
SUMMERSIDE  2007   8  15  227      9.8    20.4    18.4  -999.9     0.8    14.0    14.0   330.0
SUMMERSIDE  2007   8  16  228     15.4    24.0    16.4  -999.9     0.0    20.0    16.1   330.0
SUMMERSIDE  2007   8  17  229     13.7    21.1    15.2  -999.9     0.0    15.3    14.2   330.0
SUMMERSIDE  2007   8  18  230     12.0    16.4    11.6  -999.9     2.8    18.0    13.8   330.0
SUMMERSIDE  2007   8  19  231     10.7    18.3    15.2  -999.9     1.1    17.9    12.3   330.0
SUMMERSIDE  2007   8  20  232     10.5    19.8    16.6  -999.9     0.6    14.7    12.7   330.0
SUMMERSIDE  2007   8  21  233      8.0    21.2    19.7  -999.9     0.0    10.7    12.2   330.0
SUMMERSIDE  2007   8  22  234      6.0    20.2    20.3  -999.9     0.0     9.2    11.6   330.0
SUMMERSIDE  2007   8  23  235      5.1    21.2    21.4  -999.9     0.0    11.8    10.6   330.0
SUMMERSIDE  2007   8  24  236     13.8    18.1    11.0  -999.9    33.3    24.2    16.2   330.0
SUMMERSIDE  2007   8  25  237     17.2    27.0    16.5  -999.9     0.0    15.8    24.1   330.0
SUMMERSIDE  2007   8  26  238     16.8    25.5    15.4  -999.9     1.9    20.5    22.1   330.0
SUMMERSIDE  2007   8  27  239     12.3    22.1    16.2  -999.9     0.0    11.7    15.0   330.0
SUMMERSIDE  2007   8  28  240     10.5    24.3    19.1  -999.9     0.6    10.1    14.0   330.0
SUMMERSIDE  2007   8  29  241     13.4    23.9    16.5  -999.9     0.0    21.0    15.5   330.0
SUMMERSIDE  2007   8  30  242     15.0    23.0    14.3  -999.9     3.9    18.8    18.9   330.0
SUMMERSIDE  2007   8  31  243     16.0    22.6    12.9  -999.9     2.5     9.2    20.5   330.0
SUMMERSIDE  2007   9   1  244      9.7    19.3    15.4  -999.9     3.8    24.1    13.9   330.0
SUMMERSIDE  2007   9   2  245      9.4    19.2    15.4  -999.9     0.0    13.6    12.0   330.0
SUMMERSIDE  2007   9   3  246     13.5    20.8    13.2  -999.9     0.0    29.5    15.2   330.0
SUMMERSIDE  2007   9   4  247     10.5    17.5    12.8  -999.9     0.0    21.2    10.7   330.0
SUMMERSIDE  2007   9   5  248      2.7    13.2    15.6  -999.9     1.5    18.6     8.1   330.0
SUMMERSIDE  2007   9   6  249      1.8    17.5    18.9  -999.9     3.1    15.6     8.7   330.0
SUMMERSIDE  2007   9   7  250     13.6    22.8    14.3  -999.9     0.0    18.6    17.5   330.0
SUMMERSIDE  2007   9   8  251     14.5    23.9    14.3  -999.9     0.0    22.6    19.0   330.0
SUMMERSIDE  2007   9   9  252     11.4    17.0    10.9  -999.9     0.0    17.8    12.1   330.0
SUMMERSIDE  2007   9  10  253      6.9    17.9    15.2  -999.9     0.0     8.5    10.9   330.0
SUMMERSIDE  2007   9  11  254     12.6    18.0    10.5  -999.9    22.9    13.8    15.4   330.0
SUMMERSIDE  2007   9  12  255     12.2    20.6    13.0  -999.9     0.0    31.7    14.3   330.0
SUMMERSIDE  2007   9  13  256      3.3    15.8    15.7  -999.9     0.0    19.6     6.8   330.0
SUMMERSIDE  2007   9  14  257      2.1    18.4    17.8  -999.9     0.0    14.2     8.2   330.0
SUMMERSIDE  2007   9  15  258     12.0    19.1    11.6  -999.9    14.4    29.3    15.2   330.0
SUMMERSIDE  2007   9  16  259      6.3    15.0    12.7  -999.9     0.0    15.0     9.2   330.0
SUMMERSIDE  2007   9  17  260      3.8    17.3    15.7  -999.9     0.0     7.5     9.0   330.0
SUMMERSIDE  2007   9  18  261      4.5    19.3    16.2  -999.9     0.0     9.6    10.4   330.0
SUMMERSIDE  2007   9  19  262      9.5    20.0    13.5  -999.9     0.0    20.7    12.9   330.0
SUMMERSIDE  2007   9  20  263      9.3    20.6    13.9  -999.9     0.0    21.0    13.9   330.0
SUMMERSIDE  2007   9  21  264      5.7    19.2    15.0  -999.9     0.0     7.3    11.0   330.0
SUMMERSIDE  2007   9  22  265      9.7    21.3    13.8  -999.9     0.0    20.0    14.8   330.0
SUMMERSIDE  2007   9  23  266     11.9    21.4    12.3  -999.9     0.0    24.3    13.1   330.0
SUMMERSIDE  2007   9  24  267      5.7    13.8    11.2  -999.9     0.0    26.5     6.7   330.0
SUMMERSIDE  2007   9  25  268      5.5    16.2    12.8  -999.9     0.0    14.4     9.7   330.0
SUMMERSIDE  2007   9  26  269     13.2    25.7    13.6  -999.9     0.0    18.4    17.6   330.0
SUMMERSIDE  2007   9  27  270      9.1    18.4    11.6  -999.9     1.2     9.8    13.0   330.0
SUMMERSIDE  2007   9  28  271     10.8    19.7    11.2  -999.9    23.9    23.6    16.2   330.0
SUMMERSIDE  2007   9  29  272      6.0    15.0    11.2  -999.9     0.0    19.6     9.9   330.0
SUMMERSIDE  2007   9  30  273      2.2    12.6    11.9  -999.9     0.0    12.9     7.2   330.0
SUMMERSIDE  2007  10   1  274      3.4    15.4    12.6  -999.9     0.0    22.2     8.2   330.0
SUMMERSIDE  2007  10   2  275      9.9    18.7    10.6  -999.9     0.0    23.3    12.4   330.0
SUMMERSIDE  2007  10   3  276     10.9    20.8    11.1  -999.9     0.0    17.9    15.3   330.0
SUMMERSIDE  2007  10   4  277      8.9    22.2    12.8  -999.9     0.7    19.0    13.1   330.0
SUMMERSIDE  2007  10   5  278      7.3    22.4    13.4  -999.9     0.0    16.5    11.5   330.0
SUMMERSIDE  2007  10   6  279      5.0    15.4    11.0  -999.9     0.0    15.2     7.5   330.0
SUMMERSIDE  2007  10   7  280      5.0    11.4     8.5  -999.9     0.0    21.2     7.0   330.0
SUMMERSIDE  2007  10   8  281      1.0    12.3    11.2  -999.9     0.0    11.0     7.3   330.0
SUMMERSIDE  2007  10   9  282      0.4    12.6    11.4  -999.9     0.1    14.6     8.0   330.0
SUMMERSIDE  2007  10  10  283      0.1    12.0    11.2  -999.9     0.6     7.6     8.1   330.0
SUMMERSIDE  2007  10  11  284      7.0    14.0     8.4  -999.9     0.3    10.8    11.0   330.0
SUMMERSIDE  2007  10  12  285     10.4    13.3     5.4  -999.9    18.2    25.7    12.9   330.0
SUMMERSIDE  2007  10  13  286      8.4    14.1     7.4  -999.9     0.6    16.2    11.3   330.0
SUMMERSIDE  2007  10  14  287      5.3    11.1     7.4  -999.9     2.1     9.8     9.0   330.0
SUMMERSIDE  2007  10  15  288      5.3     8.2     5.1  -999.9     1.3    14.7     8.4   330.0
SUMMERSIDE  2007  10  16  289      5.3    11.1     7.2  -999.9     0.3    17.8     8.1   330.0
SUMMERSIDE  2007  10  17  290      2.1    10.8     8.7  -999.9     0.0    11.3     7.1   330.0
SUMMERSIDE  2007  10  18  291      2.4    13.9     9.8  -999.9     0.0    10.2     8.1   330.0
SUMMERSIDE  2007  10  19  292      2.0    16.2    10.8  -999.9     2.3    17.0     8.8   330.0
SUMMERSIDE  2007  10  20  293     12.0    17.6     6.7  -999.9     8.1    28.8    15.7   330.0
SUMMERSIDE  2007  10  21  294     11.5    16.9     6.5  -999.9     0.1    23.3    12.0   330.0
SUMMERSIDE  2007  10  22  295      9.0    20.2     9.2  -999.9     0.0    14.0    12.1   330.0
SUMMERSIDE  2007  10  23  296     10.8    16.8     6.6  -999.9     0.9    32.4    13.5   330.0
SUMMERSIDE  2007  10  24  297      5.3    15.4     8.5  -999.9     1.3    16.2    10.1   330.0
SUMMERSIDE  2007  10  25  298      1.0    11.0     8.3  -999.9     0.0     8.9     7.3   330.0
SUMMERSIDE  2007  10  26  299     -0.4    11.8     9.1  -999.9     0.0    13.5     6.5   330.0
SUMMERSIDE  2007  10  27  300      6.7    15.5     7.6  -999.9     2.2    24.2    11.0   330.0
SUMMERSIDE  2007  10  28  301      3.1    16.7     9.3  -999.9     0.6    31.3     8.7   330.0
SUMMERSIDE  2007  10  29  302     -0.7     4.6     5.7  -999.9     0.0    18.6     4.6   330.0
SUMMERSIDE  2007  10  30  303     -1.1     6.3     6.7  -999.9     0.1    14.2     5.4   330.0
SUMMERSIDE  2007  10  31  304     -1.8     9.2     8.0  -999.9     0.0    17.0     5.6   330.0
SUMMERSIDE  2007  11   1  305      6.1    16.5     7.7  -999.9     1.0    36.2     9.8   330.0
SUMMERSIDE  2007  11   2  306     -3.3     7.2     7.6  -999.9     0.0    16.3     4.6   330.0
SUMMERSIDE  2007  11   3  307     -2.5    15.3     9.8  -999.9    36.2    19.7     8.1   330.0
SUMMERSIDE  2007  11   4  308     -0.3    17.3     9.6  -999.9     9.3    38.6     8.9   330.0
SUMMERSIDE  2007  11   5  309     -2.5     8.7     7.5  -999.9     0.0     5.3     6.3   330.0
SUMMERSIDE  2007  11   6  310     -2.7     9.2     7.7  -999.9     1.7    12.6     6.5   330.0
SUMMERSIDE  2007  11   7  311      0.7    10.6     6.9  -999.9     9.2    18.7     7.3   330.0
SUMMERSIDE  2007  11   8  312      0.1     7.0     5.7  -999.9     0.0    11.4     6.5   330.0
SUMMERSIDE  2007  11   9  313     -0.8     5.5     5.4  -999.9     2.3    10.8     6.2   330.0
SUMMERSIDE  2007  11  10  314      0.1     4.2     4.3  -999.9     7.4    29.7     5.5   330.0
SUMMERSIDE  2007  11  11  315     -0.4     3.4     4.1  -999.9    10.4    42.0     6.3   330.0
SUMMERSIDE  2007  11  12  316     -5.2     0.9     5.1  -999.9     0.6    18.5     4.1   330.0
SUMMERSIDE  2007  11  13  317     -5.3     2.5     5.7  -999.9     9.6    12.7     4.9   330.0
SUMMERSIDE  2007  11  14  318     -1.1     8.5     6.2  -999.9     0.0    23.6     6.7   330.0
SUMMERSIDE  2007  11  15  319      7.5    14.7     5.3  -999.9     0.0    31.2    11.7   330.0
SUMMERSIDE  2007  11  16  320      1.5    17.2     7.7  -999.9     8.3    39.2    10.0   330.0
SUMMERSIDE  2007  11  17  321     -0.9     1.9     3.2  -999.9     0.0    34.8     4.4   330.0
SUMMERSIDE  2007  11  18  322     -3.2     1.9     4.3  -999.9     0.0    19.8     3.9   330.0
SUMMERSIDE  2007  11  19  323     -1.4     1.0     2.9  -999.9     0.0    15.9     3.8   330.0
SUMMERSIDE  2007  11  20  324     -3.6     2.9     4.7  -999.9     0.0     7.5     4.4   330.0
SUMMERSIDE  2007  11  21  325     -0.9     3.0     3.6  -999.9     0.0     6.5     5.3   330.0
SUMMERSIDE  2007  11  22  326      0.2     9.6     5.6  -999.9     2.3    13.8     7.7   330.0
SUMMERSIDE  2007  11  23  327     -3.6    10.4     6.7  -999.9     0.6    26.8     6.7   330.0
SUMMERSIDE  2007  11  24  328     -7.8    -3.5     3.7  -999.9     0.0    24.7     2.8   330.0
SUMMERSIDE  2007  11  25  329     -8.0     3.0     5.8  -999.9     0.0    22.4     3.5   330.0
SUMMERSIDE  2007  11  26  330      0.9     7.4     4.4  -999.9     4.4    19.5     6.5   330.0
SUMMERSIDE  2007  11  27  331      2.1     9.7     4.8  -999.9    11.5    20.8     8.5   330.0
SUMMERSIDE  2007  11  28  332     -6.9     2.9     5.3  -999.9     0.0    25.8     3.8   330.0
SUMMERSIDE  2007  11  29  333     -8.8     4.9     6.3  -999.9     3.8    20.4     4.5   330.0
SUMMERSIDE  2007  11  30  334     -5.1     3.0     4.8  -999.9     0.0    26.3     3.9   330.0
SUMMERSIDE  2007  12   1  335     -6.8    -3.4     3.1  -999.9     5.4    25.0     3.4   330.0
SUMMERSIDE  2007  12   2  336     -6.9    -2.9     3.3  -999.9     0.0    26.2     3.2   330.0
SUMMERSIDE  2007  12   3  337     -3.6     0.1     3.1  -999.9     2.5    18.8     4.4   330.0
SUMMERSIDE  2007  12   4  338     -3.5    -0.1     3.0  -999.9     3.7    58.0     5.3   330.0
SUMMERSIDE  2007  12   5  339    -11.6    -3.5     4.6  -999.9     0.7    15.0     3.4   330.0
SUMMERSIDE  2007  12   6  340     -9.3    -4.4     3.5  -999.9     0.0    10.0     3.5   330.0
SUMMERSIDE  2007  12   7  341    -12.0    -1.9     5.1  -999.9     0.0    15.4     3.4   330.0
SUMMERSIDE  2007  12   8  342     -9.3    -0.4     4.7  -999.9     1.2    25.2     4.2   330.0
SUMMERSIDE  2007  12   9  343    -17.8    -9.3     4.6  -999.9     0.0    19.0     2.0   330.0
SUMMERSIDE  2007  12  10  344    -19.4    -9.5     4.9  -999.9     0.0    10.9     1.8   330.0
SUMMERSIDE  2007  12  11  345    -11.5    -5.1     3.9  -999.9     0.0    14.1     3.1   330.0
SUMMERSIDE  2007  12  12  346    -10.8    -1.1     4.8  -999.9     1.3    24.2     3.8   330.0
SUMMERSIDE  2007  12  13  347    -12.5   -10.7     2.1  -999.9     0.0    21.2     2.2   330.0
SUMMERSIDE  2007  12  14  348    -15.7    -5.2     5.0  -999.9     2.5     8.7     2.5   330.0
SUMMERSIDE  2007  12  15  349    -13.9    -7.9     3.8  -999.9     0.0    29.4     2.3   330.0
SUMMERSIDE  2007  12  16  350    -13.1    -0.1     5.5  -999.9     6.7    17.5     3.4   330.0
SUMMERSIDE  2007  12  17  351     -8.5     3.6     5.3  -999.9     0.0    46.8     4.1   330.0
SUMMERSIDE  2007  12  18  352    -12.2    -7.2     3.4  -999.9     0.0    25.8     2.0   330.0
SUMMERSIDE  2007  12  19  353    -17.9    -9.5     4.4  -999.9     0.0     6.5     1.8   330.0
SUMMERSIDE  2007  12  20  354    -13.6    -5.5     4.4  -999.9     0.0    18.6     2.5   330.0
SUMMERSIDE  2007  12  21  355     -9.2    -6.0     2.7  -999.9     0.0    21.4     2.6   330.0
SUMMERSIDE  2007  12  22  356    -14.3    -1.5     5.5  -999.9     0.0    14.4     2.7   330.0
SUMMERSIDE  2007  12  23  357     -2.8     3.1     3.7  -999.9     0.0    27.2     5.1   330.0
SUMMERSIDE  2007  12  24  358     -1.5     6.6     4.4  -999.9     1.3    35.0     6.0   330.0
SUMMERSIDE  2007  12  25  359     -7.1     0.9     4.4  -999.9     0.0    24.7     3.4   330.0
SUMMERSIDE  2007  12  26  360     -7.6     0.1     4.3  -999.9     0.0    14.0     3.6   330.0
SUMMERSIDE  2007  12  27  361     -6.1    -0.8     3.6  -999.9     1.9    23.3     4.2   330.0
SUMMERSIDE  2007  12  28  362     -9.9    -3.0     4.1  -999.9     1.2    19.4     3.4   330.0
SUMMERSIDE  2007  12  29  363    -10.5    -0.8     4.9  -999.9    11.0    12.6     3.8   330.0
SUMMERSIDE  2007  12  30  364    -13.0    -1.2     5.4  -999.9     0.0    18.0     3.1   330.0
SUMMERSIDE  2007  12  31  365    -10.8    -1.8     4.7  -999.9    11.7    17.2     3.6   330.0
