SUMMERSIDE  2005   1   1    1     -2.5     6.1     4.6  -999.9     0.0    32.8     5.8   330.0
SUMMERSIDE  2005   1   2    2     -9.9     0.0     5.0  -999.9     1.2    22.2     3.0   330.0
SUMMERSIDE  2005   1   3    3     -9.9     2.5     5.6  -999.9     1.0    25.5     4.0   330.0
SUMMERSIDE  2005   1   4    4     -6.3    -4.2     2.3  -999.9     0.0    11.0     3.1   330.0
SUMMERSIDE  2005   1   5    5    -10.9    -9.7     1.8  -999.9     0.0    20.5     1.9   330.0
SUMMERSIDE  2005   1   6    6    -16.8    -5.7     5.4  -999.9     2.5    15.5     1.8   330.0
SUMMERSIDE  2005   1   7    7    -13.0    -4.5     4.8  -999.9     0.6    13.6     2.9   330.0
SUMMERSIDE  2005   1   8    8     -8.5    -3.7     3.6  -999.9     0.7    15.2     3.2   330.0
SUMMERSIDE  2005   1   9    9     -7.0    -5.0     2.4  -999.9     0.0    19.2     3.1   330.0
SUMMERSIDE  2005   1  10   10     -8.6     0.2     5.0  -999.9     0.7    20.6     3.9   330.0
SUMMERSIDE  2005   1  11   11    -10.7    -8.8     2.3  -999.9     0.0    35.8     1.9   330.0
SUMMERSIDE  2005   1  12   12    -14.6    -4.2     5.5  -999.9     0.0    13.2     2.3   330.0
SUMMERSIDE  2005   1  13   13    -11.2     9.3     7.8  -999.9     0.6    20.0     5.2   330.0
SUMMERSIDE  2005   1  14   14     -0.1    11.8     6.0  -999.9     0.0    27.9     9.0   330.0
SUMMERSIDE  2005   1  15   15     -9.3    -8.2     1.9  -999.9     0.0    20.8     2.1   330.0
SUMMERSIDE  2005   1  16   16    -11.0    -5.1     4.3  -999.9     0.0    11.0     2.1   330.0
SUMMERSIDE  2005   1  17   17     -6.9    -4.8     2.6  -999.9     0.0    44.2     3.6   330.0
SUMMERSIDE  2005   1  18   18    -15.6   -14.8     1.6  -999.9     0.0    18.5     1.5   330.0
SUMMERSIDE  2005   1  19   19    -21.0    -7.3     6.8  -999.9     0.0    10.3     1.7   330.0
SUMMERSIDE  2005   1  20   20    -16.4    -0.9     7.4  -999.9     0.6    26.3     2.8   330.0
SUMMERSIDE  2005   1  21   21    -17.8   -16.7     2.0  -999.9     0.0    26.2     1.3   330.0
SUMMERSIDE  2005   1  22   22    -20.4   -14.6     4.6  -999.9     0.0    18.3     1.2   330.0
SUMMERSIDE  2005   1  23   23    -20.9    -7.8     7.0  -999.9     6.6    30.2     1.8   330.0
SUMMERSIDE  2005   1  24   24    -12.6   -10.4     2.9  -999.9    27.8    48.0     2.2   330.0
SUMMERSIDE  2005   1  25   25    -15.4   -12.8     3.2  -999.9    21.3    22.6     1.7   330.0
SUMMERSIDE  2005   1  26   26    -23.1   -16.4     5.2  -999.9     0.0    15.5     1.0   330.0
SUMMERSIDE  2005   1  27   27    -23.3   -15.6     5.7  -999.9     0.0    19.5     1.0   330.0
SUMMERSIDE  2005   1  28   28    -20.3   -14.0     5.2  -999.9     0.0    22.0     1.2   330.0
SUMMERSIDE  2005   1  29   29    -19.8    -9.5     6.7  -999.9     0.0    11.0     1.5   330.0
SUMMERSIDE  2005   1  30   30    -14.8    -5.2     6.6  -999.9     0.0    13.7     2.3   330.0
SUMMERSIDE  2005   1  31   31    -14.0   -10.5     4.0  -999.9     0.0    19.9     1.9   330.0
SUMMERSIDE  2005   2   1   32    -17.1    -5.0     7.6  -999.9     0.0    13.9     2.1   330.0
SUMMERSIDE  2005   2   2   33    -17.0    -3.1     8.2  -999.9     0.0    10.7     2.5   330.0
SUMMERSIDE  2005   2   3   34    -15.0    -2.9     7.8  -999.9     0.0    10.6     2.7   330.0
SUMMERSIDE  2005   2   4   35     -6.3    -2.2     4.6  -999.9     0.0    13.7     4.2   330.0
SUMMERSIDE  2005   2   5   36     -8.8    -2.2     5.9  -999.9     0.0    19.2     3.7   330.0
SUMMERSIDE  2005   2   6   37     -8.7    -3.8     5.2  -999.9     0.0    16.9     3.4   330.0
SUMMERSIDE  2005   2   7   38    -15.5     1.0     9.6  -999.9     0.0    14.6     2.9   330.0
SUMMERSIDE  2005   2   8   39     -4.5     4.0     7.0  -999.9     0.0    12.4     4.5   330.0
SUMMERSIDE  2005   2   9   40     -3.2     3.7     6.4  -999.9     0.0     8.4     5.7   330.0
SUMMERSIDE  2005   2  10   41     -3.1     4.9     7.0  -999.9    26.1    19.0     6.0   330.0
SUMMERSIDE  2005   2  11   42     -3.3     4.7     7.1  -999.9     0.0    20.3     6.0   330.0
SUMMERSIDE  2005   2  12   43     -6.5    -2.3     5.2  -999.9     0.0    28.6     3.5   330.0
SUMMERSIDE  2005   2  13   44    -10.2    -4.1     6.4  -999.9     0.0    13.4     2.9   330.0
SUMMERSIDE  2005   2  14   45    -13.5    -3.2     8.4  -999.9     0.0    10.3     2.6   330.0
SUMMERSIDE  2005   2  15   46    -10.1     3.0     9.6  -999.9     0.0    30.0     4.2   330.0
SUMMERSIDE  2005   2  16   47      0.3     5.9     6.4  -999.9     2.6    16.1     6.9   330.0
SUMMERSIDE  2005   2  17   48     -0.4     4.3     5.9  -999.9     0.0    23.9     6.2   330.0
SUMMERSIDE  2005   2  18   49     -6.7    -2.9     5.4  -999.9     0.0    23.2     2.9   330.0
SUMMERSIDE  2005   2  19   50    -14.4    -9.6     6.2  -999.9     0.0    14.9     1.6   330.0
SUMMERSIDE  2005   2  20   51    -14.1   -10.8     5.2  -999.9     0.0    20.2     1.6   330.0
SUMMERSIDE  2005   2  21   52    -17.7   -10.2     7.9  -999.9     0.0    10.8     1.5   330.0
SUMMERSIDE  2005   2  22   53    -14.2    -8.1     7.2  -999.9     0.0    11.2     1.9   330.0
SUMMERSIDE  2005   2  23   54     -9.8    -6.4     5.5  -999.9     0.0     9.4     2.8   330.0
SUMMERSIDE  2005   2  24   55    -15.0    -5.9     9.1  -999.9     0.0    10.8     2.2   330.0
SUMMERSIDE  2005   2  25   56    -16.5    -8.6     8.6  -999.9     0.8    20.1     2.1   330.0
SUMMERSIDE  2005   2  26   57    -11.1    -2.9     8.9  -999.9     0.0    30.5     2.5   330.0
SUMMERSIDE  2005   2  27   58    -10.1    -5.8     6.5  -999.9     0.0    38.5     2.0   330.0
SUMMERSIDE  2005   2  28   59    -10.3    -2.8     8.7  -999.9     0.0    20.3     2.0   330.0
SUMMERSIDE  2005   3   1   60     -6.7     2.8     9.9  -999.9    12.4    22.3     4.5   330.0
SUMMERSIDE  2005   3   2   61     -3.7     1.5     7.5  -999.9     6.8    11.3     5.3   330.0
SUMMERSIDE  2005   3   3   62     -8.4    -4.5     6.5  -999.9     0.0    25.4     3.0   330.0
SUMMERSIDE  2005   3   4   63    -13.1    -7.5     7.9  -999.9     0.0    21.0     2.0   330.0
SUMMERSIDE  2005   3   5   64    -11.1    -4.3     8.9  -999.9     0.0    22.8     2.3   330.0
SUMMERSIDE  2005   3   6   65    -11.7    -0.6    11.5  -999.9     0.0    16.2     2.7   330.0
SUMMERSIDE  2005   3   7   66     -9.9     2.2    12.1  -999.9     1.3    22.5     3.4   330.0
SUMMERSIDE  2005   3   8   67     -9.2     9.5    15.3  -999.9    14.6    33.1     5.7   330.0
SUMMERSIDE  2005   3   9   68     -1.9     0.5     5.6  -999.9     2.1    45.7     4.3   330.0
SUMMERSIDE  2005   3  10   69    -12.2    -4.4    10.1  -999.9     0.0    17.3     2.1   330.0
SUMMERSIDE  2005   3  11   70    -12.4    -2.4    11.6  -999.9     0.0    13.4     2.2   330.0
SUMMERSIDE  2005   3  12   71     -8.4    -3.2     8.5  -999.9     0.0    25.9     2.8   330.0
SUMMERSIDE  2005   3  13   72     -6.2    -1.6     8.1  -999.9     0.0    33.1     3.5   330.0
SUMMERSIDE  2005   3  14   73     -4.2     0.7     8.4  -999.9     0.9    21.1     5.1   330.0
SUMMERSIDE  2005   3  15   74     -1.6     3.3     8.5  -999.9     0.0    21.8     5.7   330.0
SUMMERSIDE  2005   3  16   75     -4.1     2.5    10.0  -999.9     0.6    24.5     4.4   330.0
SUMMERSIDE  2005   3  17   76     -2.9     1.6     8.4  -999.9     0.6    18.3     4.6   330.0
SUMMERSIDE  2005   3  18   77     -1.6    -0.1     4.9  -999.9     2.2    17.0     5.7   330.0
SUMMERSIDE  2005   3  19   78     -1.8     1.9     7.8  -999.9     0.7    23.1     5.6   330.0
SUMMERSIDE  2005   3  20   79     -5.6     1.9    11.2  -999.9     0.0    20.9     3.8   330.0
SUMMERSIDE  2005   3  21   80     -2.1     1.6     8.0  -999.9     0.0    14.7     5.2   330.0
SUMMERSIDE  2005   3  22   81     -4.3     3.0    11.3  -999.9     0.0     9.5     4.9   330.0
SUMMERSIDE  2005   3  23   82     -5.2     2.8    12.0  -999.9     0.0    18.7     4.7   330.0
SUMMERSIDE  2005   3  24   83     -7.0    -0.2    11.1  -999.9     0.0    10.0     4.2   330.0
SUMMERSIDE  2005   3  25   84     -4.0     3.7    12.0  -999.9     0.0    20.2     5.2   330.0
SUMMERSIDE  2005   3  26   85     -6.1    -1.6     9.3  -999.9     0.0    15.1     3.0   330.0
SUMMERSIDE  2005   3  27   86     -5.8     5.9    15.1  -999.9     0.0    20.8     3.9   330.0
SUMMERSIDE  2005   3  28   87     -2.9     7.4    14.3  -999.9    29.0    20.0     5.6   330.0
SUMMERSIDE  2005   3  29   88      2.4     7.9    10.6  -999.9    20.8    26.7     8.5   330.0
SUMMERSIDE  2005   3  30   89     -0.4     0.3     3.8  -999.9     0.8    48.8     5.5   330.0
SUMMERSIDE  2005   3  31   90     -2.3    -0.7     5.8  -999.9     0.7    42.3     4.8   330.0
SUMMERSIDE  2005   4   1   91     -2.9     5.5    13.4  -999.9     1.0    12.0     6.0   330.0
SUMMERSIDE  2005   4   2   92      0.2     6.9    12.1  -999.9     0.0    11.7     6.7   330.0
SUMMERSIDE  2005   4   3   93      2.0     8.7    12.2  -999.9     5.9    25.8     7.2   330.0
SUMMERSIDE  2005   4   4   94      6.7    10.7     9.5  -999.9     0.6    21.3     9.5   330.0
SUMMERSIDE  2005   4   5   95      2.0     7.9    11.7  -999.9     0.0    14.8     7.6   330.0
SUMMERSIDE  2005   4   6   96      1.8    13.0    16.3  -999.9     0.6    19.0     6.6   330.0
SUMMERSIDE  2005   4   7   97     -0.5     4.7    11.2  -999.9     7.4     9.8     4.8   330.0
SUMMERSIDE  2005   4   8   98      0.6     6.4    11.9  -999.9     0.0    15.4     7.0   330.0
SUMMERSIDE  2005   4   9   99     -0.9     6.2    13.3  -999.9     0.0    17.0     5.3   330.0
SUMMERSIDE  2005   4  10  100      0.1    10.5    16.2  -999.9     0.0    22.6     5.6   330.0
SUMMERSIDE  2005   4  11  101     -1.7     0.7     7.9  -999.9     0.7    28.3     5.1   330.0
SUMMERSIDE  2005   4  12  102     -1.8     5.0    13.3  -999.9     0.0    22.3     6.1   330.0
SUMMERSIDE  2005   4  13  103     -3.2     5.5    15.2  -999.9     0.7    20.2     5.6   330.0
SUMMERSIDE  2005   4  14  104     -0.8     2.1     8.9  -999.9     0.7    25.7     4.1   330.0
SUMMERSIDE  2005   4  15  105     -2.6     3.4    12.8  -999.9     0.0    18.5     3.3   330.0
SUMMERSIDE  2005   4  16  106     -2.7    14.3    21.8  -999.9     0.6    16.3     4.4   330.0
SUMMERSIDE  2005   4  17  107      0.4    17.0    21.7  -999.9     0.0    17.0     6.6   330.0
SUMMERSIDE  2005   4  18  108      4.1    11.3    14.4  -999.9     2.3    22.9     5.7   330.0
SUMMERSIDE  2005   4  19  109     -2.0    11.2    19.6  -999.9     0.0    15.5     4.5   330.0
SUMMERSIDE  2005   4  20  110      6.3    15.1    16.1  -999.9     0.0    19.0     8.4   330.0
SUMMERSIDE  2005   4  21  111     -0.5     6.0    14.0  -999.9     0.0    14.5     5.3   330.0
SUMMERSIDE  2005   4  22  112     -0.8    11.4    19.3  -999.9     0.0    23.9     4.3   330.0
SUMMERSIDE  2005   4  23  113      1.3     9.7    16.1  -999.9     0.0    11.3     6.6   330.0
SUMMERSIDE  2005   4  24  114      6.0    18.6    19.8  -999.9     0.0    19.5    11.9   330.0
SUMMERSIDE  2005   4  25  115      9.2    13.4    11.5  -999.9    18.6    23.0    12.5   330.0
SUMMERSIDE  2005   4  26  116      2.7    13.6    18.7  -999.9     0.0    12.9     8.6   330.0
SUMMERSIDE  2005   4  27  117      1.2     6.0    12.5  -999.9     0.0    15.9     7.2   330.0
SUMMERSIDE  2005   4  28  118      1.0     7.4    14.5  -999.9     7.1    22.4     6.5   330.0
SUMMERSIDE  2005   4  29  119      3.4    12.4    17.3  -999.9     1.3    28.8     8.3   330.0
SUMMERSIDE  2005   4  30  120      3.6    13.0    17.8  -999.9     7.2    22.1     8.2   330.0
SUMMERSIDE  2005   5   1  121      8.1    12.2    11.8  -999.9     5.3    33.0    11.1   330.0
SUMMERSIDE  2005   5   2  122      6.1    14.9    17.4  -999.9     0.0    24.0     8.7   330.0
SUMMERSIDE  2005   5   3  123      4.4    13.1    17.4  -999.9     0.0    19.9     8.2   330.0
SUMMERSIDE  2005   5   4  124      3.4    14.0    19.3  -999.9     0.0    12.0     7.9   330.0
SUMMERSIDE  2005   5   5  125      4.8    13.8    17.9  -999.9     0.0    11.2     7.0   330.0
SUMMERSIDE  2005   5   6  126      4.4    17.9    22.0  -999.9     0.6    10.8     6.9   330.0
SUMMERSIDE  2005   5   7  127      6.8    14.4    16.6  -999.9    34.7    14.9     8.5   330.0
SUMMERSIDE  2005   5   8  128      4.3     6.9     9.8  -999.9    11.7    24.5     7.6   330.0
SUMMERSIDE  2005   5   9  129      4.2     6.4     9.0  -999.9     0.0    17.8     8.2   330.0
SUMMERSIDE  2005   5  10  130      2.8     9.2    15.5  -999.9     0.6    15.7     8.6   330.0
SUMMERSIDE  2005   5  11  131      4.2    13.3    18.5  -999.9     0.0     9.1    10.3   330.0
SUMMERSIDE  2005   5  12  132      3.6     8.5    13.6  -999.9     1.4    31.5     6.6   330.0
SUMMERSIDE  2005   5  13  133     -1.1     4.0    14.0  -999.9     0.0    32.5     3.6   330.0
SUMMERSIDE  2005   5  14  134     -0.3     8.4    18.3  -999.9     0.0    25.6     5.4   330.0
SUMMERSIDE  2005   5  15  135      3.7     8.2    13.2  -999.9     0.0    18.5     8.1   330.0
SUMMERSIDE  2005   5  16  136      3.2     6.3    11.0  -999.9     5.1    11.6     7.8   330.0
SUMMERSIDE  2005   5  17  137      3.8    10.4    16.2  -999.9     0.0     8.5     9.1   330.0
SUMMERSIDE  2005   5  18  138      2.7    11.4    18.6  -999.9     0.0    12.2     8.7   330.0
SUMMERSIDE  2005   5  19  139      3.7     7.7    12.7  -999.9    13.2    20.2     8.8   330.0
SUMMERSIDE  2005   5  20  140      4.0     5.9     8.8  -999.9     0.0    31.2     8.4   330.0
SUMMERSIDE  2005   5  21  141      3.7     6.8    11.2  -999.9     3.8    19.9     8.3   330.0
SUMMERSIDE  2005   5  22  142      4.0     8.9    14.2  -999.9    10.4    19.5     8.9   330.0
SUMMERSIDE  2005   5  23  143      5.3    10.8    15.1  -999.9     0.7    21.9     8.7   330.0
SUMMERSIDE  2005   5  24  144      4.7     9.8    14.5  -999.9     0.0    18.7     8.0   330.0
SUMMERSIDE  2005   5  25  145      3.9    10.9    17.1  -999.9     0.0    16.2     7.5   330.0
SUMMERSIDE  2005   5  26  146      5.2     9.3    13.1  -999.9     2.2    20.0     8.1   330.0
SUMMERSIDE  2005   5  27  147      6.9    12.1    14.8  -999.9     0.6    19.0    11.0   330.0
SUMMERSIDE  2005   5  28  148      5.4     9.6    13.3  -999.9     0.0    11.4     9.8   330.0
SUMMERSIDE  2005   5  29  149      6.2    12.4    16.3  -999.9     0.7     8.8    11.1   330.0
SUMMERSIDE  2005   5  30  150      4.9    15.6    21.4  -999.9     0.0    10.3     9.9   330.0
SUMMERSIDE  2005   5  31  151      8.4    21.3    23.6  -999.9     0.0     8.7    12.1   330.0
SUMMERSIDE  2005   6   1  152      9.7    25.5    26.1  -999.9     0.0    16.1    11.4   330.0
SUMMERSIDE  2005   6   2  153     14.4    27.7    24.0  -999.9     0.0    26.2    14.4   330.0
SUMMERSIDE  2005   6   3  154      9.7    23.9    24.9  -999.9     0.0    27.2    13.7   330.0
SUMMERSIDE  2005   6   4  155     11.0    17.9    17.4  -999.9     0.0    15.5    10.8   330.0
SUMMERSIDE  2005   6   5  156      9.3    12.7    12.2  -999.9     0.0    13.5     8.8   330.0
SUMMERSIDE  2005   6   6  157      3.5    16.6    24.0  -999.9     5.0    17.8     7.5   330.0
SUMMERSIDE  2005   6   7  158      9.2    17.9    19.6  -999.9     6.4    34.9    13.4   330.0
SUMMERSIDE  2005   6   8  159     12.6    18.8    16.6  -999.9     0.0    15.9    13.6   330.0
SUMMERSIDE  2005   6   9  160     10.3    23.5    24.2  -999.9     0.0    10.1    11.9   330.0
SUMMERSIDE  2005   6  10  161     14.2    25.4    22.3  -999.9     1.3    23.1    17.7   330.0
SUMMERSIDE  2005   6  11  162     10.2    15.4    15.2  -999.9     0.0    15.3    12.0   330.0
SUMMERSIDE  2005   6  12  163      9.4    20.9    22.7  -999.9     4.6    17.1    14.8   330.0
SUMMERSIDE  2005   6  13  164     11.0    14.3    12.1  -999.9    17.7    13.2    13.7   330.0
SUMMERSIDE  2005   6  14  165     10.0    18.2    19.2  -999.9     0.0    16.5    11.6   330.0
SUMMERSIDE  2005   6  15  166      8.2    19.1    22.1  -999.9     2.5    12.2    10.6   330.0
SUMMERSIDE  2005   6  16  167      9.5    12.8    12.2  -999.9    22.8    14.5    11.5   330.0
SUMMERSIDE  2005   6  17  168      8.9    13.2    13.9  -999.9     5.0    19.5    12.1   330.0
SUMMERSIDE  2005   6  18  169      9.3    11.2     9.2  -999.9     0.6    15.2    11.9   330.0
SUMMERSIDE  2005   6  19  170      9.1    12.9    13.1  -999.9     0.0    21.5    11.4   330.0
SUMMERSIDE  2005   6  20  171      5.4    23.4    28.4  -999.9     0.6    20.3    11.7   330.0
SUMMERSIDE  2005   6  21  172     11.8    23.1    22.5  -999.9     4.8    27.8    14.6   330.0
SUMMERSIDE  2005   6  22  173     12.9    16.4    12.5  -999.9     1.3    13.6    13.4   330.0
SUMMERSIDE  2005   6  23  174      8.4    19.6    22.4  -999.9     0.0    14.0    10.4   330.0
SUMMERSIDE  2005   6  24  175     11.6    23.0    22.6  -999.9    11.3    20.8    13.6   330.0
SUMMERSIDE  2005   6  25  176     13.6    28.7    26.0  -999.9     0.7    15.5    18.7   330.0
SUMMERSIDE  2005   6  26  177     16.6    19.9    12.2  -999.9     0.0    15.0    16.5   330.0
SUMMERSIDE  2005   6  27  178     14.6    26.1    22.7  -999.9     0.0    13.9    15.3   330.0
SUMMERSIDE  2005   6  28  179     15.8    25.0    20.3  -999.9     0.0    29.5    19.6   330.0
SUMMERSIDE  2005   6  29  180     17.9    26.5    19.6  -999.9     9.3    23.9    22.8   330.0
SUMMERSIDE  2005   6  30  181     13.1    18.9    16.1  -999.9     0.0    13.5    13.2   330.0
SUMMERSIDE  2005   7   1  182     11.8    22.1    21.4  -999.9    10.0    19.1    16.3   330.0
SUMMERSIDE  2005   7   2  183     18.0    22.0    13.3  -999.9     3.1    26.3    20.5   330.0
SUMMERSIDE  2005   7   3  184     13.5    21.6    18.9  -999.9     0.6    12.8    12.6   330.0
SUMMERSIDE  2005   7   4  185     14.2    26.8    23.5  -999.9     0.0    17.0    15.1   330.0
SUMMERSIDE  2005   7   5  186     13.8    23.5    20.6  -999.9     2.6    23.6    13.9   330.0
SUMMERSIDE  2005   7   6  187     14.5    16.0     8.1  -999.9     6.1    20.7    14.6   330.0
SUMMERSIDE  2005   7   7  188     13.9    17.9    13.2  -999.9     0.0    19.8    13.3   330.0
SUMMERSIDE  2005   7   8  189      9.2    23.2    24.6  -999.9     0.0    10.5    14.0   330.0
SUMMERSIDE  2005   7   9  190     15.1    22.9    18.4  -999.9     4.6    12.3    17.5   330.0
SUMMERSIDE  2005   7  10  191     15.6    21.4    15.8  -999.9     0.6    11.1    18.0   330.0
SUMMERSIDE  2005   7  11  192     17.0    18.5     8.0  -999.9     0.0    18.5    18.1   330.0
SUMMERSIDE  2005   7  12  193     14.7    16.8     9.5  -999.9     0.0    23.7    15.4   330.0
SUMMERSIDE  2005   7  13  194     13.5    19.2    15.6  -999.9     0.0     8.3    16.6   330.0
SUMMERSIDE  2005   7  14  195     13.7    19.9    16.2  -999.9     5.8    23.4    17.2   330.0
SUMMERSIDE  2005   7  15  196     16.6    23.3    16.8  -999.9     0.0    14.2    18.4   330.0
SUMMERSIDE  2005   7  16  197     13.5    17.9    13.6  -999.9     0.0    14.9    14.6   330.0
SUMMERSIDE  2005   7  17  198     13.1    27.9    24.8  -999.9     0.6    14.7    18.9   330.0
SUMMERSIDE  2005   7  18  199     17.2    27.6    20.7  -999.9     0.0    21.0    22.0   330.0
SUMMERSIDE  2005   7  19  200     20.8    25.9    14.5  -999.9     0.0    23.4    25.4   330.0
SUMMERSIDE  2005   7  20  201     19.5    27.0    17.5  -999.9     0.6    13.3    23.8   330.0
SUMMERSIDE  2005   7  21  202     18.4    25.4    16.8  -999.9     0.0     7.2    19.7   330.0
SUMMERSIDE  2005   7  22  203     17.3    28.8    21.5  -999.9     7.9    12.8    21.6   330.0
SUMMERSIDE  2005   7  23  204     16.9    19.7    10.6  -999.9     2.0    15.9    17.9   330.0
SUMMERSIDE  2005   7  24  205     13.9    22.4    18.4  -999.9     2.8    14.5    15.1   330.0
SUMMERSIDE  2005   7  25  206     12.3    20.2    17.6  -999.9     1.4    13.9    15.0   330.0
SUMMERSIDE  2005   7  26  207     14.3    27.5    22.7  -999.9     0.6    13.8    20.2   330.0
SUMMERSIDE  2005   7  27  208     19.8    22.9    11.0  -999.9    16.0    22.5    22.3   330.0
SUMMERSIDE  2005   7  28  209     15.6    25.6    19.6  -999.9    10.8    14.1    22.3   330.0
SUMMERSIDE  2005   7  29  210     14.4    23.4    18.5  -999.9     0.0    14.3    17.3   330.0
SUMMERSIDE  2005   7  30  211     10.7    23.3    21.8  -999.9     0.0    12.6    13.6   330.0
SUMMERSIDE  2005   7  31  212     11.3    19.0    17.0  -999.9     0.0    11.3    11.2   330.0
SUMMERSIDE  2005   8   1  213     11.3    19.0    16.9  -999.9     9.8    15.9    14.5   330.0
SUMMERSIDE  2005   8   2  214     14.7    22.0    16.4  -999.9     6.0    15.2    18.9   330.0
SUMMERSIDE  2005   8   3  215     14.0    19.9    14.7  -999.9     0.0    13.0    17.1   330.0
SUMMERSIDE  2005   8   4  216     14.1    20.3    14.9  -999.9     0.0    14.2    16.0   330.0
SUMMERSIDE  2005   8   5  217     12.4    22.3    18.8  -999.9     0.0    22.3    16.4   330.0
SUMMERSIDE  2005   8   6  218     16.1    24.0    16.7  -999.9     0.0    14.0    17.3   330.0
SUMMERSIDE  2005   8   7  219     12.7    26.1    21.6  -999.9     0.0    14.2    16.1   330.0
SUMMERSIDE  2005   8   8  220     16.1    27.4    19.8  -999.9     0.0    15.5    19.0   330.0
SUMMERSIDE  2005   8   9  221     16.2    27.3    19.5  -999.9     0.0    23.0    21.4   330.0
SUMMERSIDE  2005   8  10  222     18.2    26.4    16.6  -999.9     0.0    29.7    22.5   330.0
SUMMERSIDE  2005   8  11  223     18.8    26.6    16.1  -999.9     0.0    20.6    23.1   330.0
SUMMERSIDE  2005   8  12  224     12.9    24.9    19.9  -999.9     0.0    11.5    14.0   330.0
SUMMERSIDE  2005   8  13  225     15.6    22.7    15.2  -999.9     0.0    21.1    18.6   330.0
SUMMERSIDE  2005   8  14  226     17.5    26.1    16.6  -999.9     0.0     9.0    21.5   330.0
SUMMERSIDE  2005   8  15  227     15.2    22.6    15.3  -999.9     0.0     6.5    17.9   330.0
SUMMERSIDE  2005   8  16  228     10.5    24.6    21.1  -999.9     0.0    13.1    15.2   330.0
SUMMERSIDE  2005   8  17  229     14.6    23.6    16.7  -999.9     0.0    16.7    17.2   330.0
SUMMERSIDE  2005   8  18  230     12.9    21.8    16.5  -999.9     0.0    14.2    13.4   330.0
SUMMERSIDE  2005   8  19  231      9.5    22.0    19.4  -999.9     0.0    12.7    11.6   330.0
SUMMERSIDE  2005   8  20  232      9.4    22.0    19.4  -999.9     0.7    13.5    13.1   330.0
SUMMERSIDE  2005   8  21  233     17.8    24.1    13.6  -999.9     0.0    21.2    21.8   330.0
SUMMERSIDE  2005   8  22  234     17.4    28.5    17.9  -999.9     0.0    14.1    21.7   330.0
SUMMERSIDE  2005   8  23  235     14.4    23.6    16.2  -999.9     0.0    11.0    19.3   330.0
SUMMERSIDE  2005   8  24  236     15.6    17.2     6.7  -999.9     2.5    18.2    16.7   330.0
SUMMERSIDE  2005   8  25  237     13.7    17.4    10.1  -999.9     0.7    16.8    16.1   330.0
SUMMERSIDE  2005   8  26  238     10.7    25.3    20.0  -999.9     0.0     8.6    16.4   330.0
SUMMERSIDE  2005   8  27  239      9.7    27.5    21.9  -999.9     0.0    10.5    15.8   330.0
SUMMERSIDE  2005   8  28  240     14.5    25.8    17.3  -999.9     0.0    21.0    18.1   330.0
SUMMERSIDE  2005   8  29  241     17.6    26.5    15.2  -999.9     0.0    15.8    22.1   330.0
SUMMERSIDE  2005   8  30  242     19.3    22.3     8.8  -999.9     6.0    15.1    22.2   330.0
SUMMERSIDE  2005   8  31  243     18.9    22.8     9.9  -999.9     5.8    17.2    23.6   330.0
SUMMERSIDE  2005   9   1  244     20.4    24.3     9.8  -999.9    20.7    25.3    24.8   330.0
SUMMERSIDE  2005   9   2  245     16.2    25.7    15.2  -999.9     0.0    17.7    19.9   330.0
SUMMERSIDE  2005   9   3  246     16.5    24.1    13.5  -999.9     0.0    18.0    17.6   330.0
SUMMERSIDE  2005   9   4  247     12.3    21.9    15.0  -999.9     0.0     9.9    14.5   330.0
SUMMERSIDE  2005   9   5  248      9.6    20.2    15.6  -999.9     0.0    11.2    12.8   330.0
SUMMERSIDE  2005   9   6  249      9.1    23.4    18.0  -999.9     0.0    11.9    13.6   330.0
SUMMERSIDE  2005   9   7  250     13.6    25.9    16.5  -999.9     0.0    16.9    17.8   330.0
SUMMERSIDE  2005   9   8  251     15.7    26.9    15.6  -999.9     0.0    14.9    20.1   330.0
SUMMERSIDE  2005   9   9  252     14.2    18.3     9.4  -999.9     3.1    12.0    16.2   330.0
SUMMERSIDE  2005   9  10  253     11.4    18.1    11.9  -999.9     4.6    19.0    13.9   330.0
SUMMERSIDE  2005   9  11  254      9.0    18.6    14.1  -999.9     9.6    19.6    10.2   330.0
SUMMERSIDE  2005   9  12  255     12.8    20.2    12.2  -999.9     0.0    33.4    14.2   330.0
SUMMERSIDE  2005   9  13  256     12.5    18.5    10.9  -999.9     0.0    11.3    13.2   330.0
SUMMERSIDE  2005   9  14  257     12.4    22.6    14.1  -999.9     0.0    23.8    15.9   330.0
SUMMERSIDE  2005   9  15  258     17.7    23.4    10.4  -999.9     5.0    18.0    21.9   330.0
SUMMERSIDE  2005   9  16  259     15.4    21.6    10.7  -999.9     0.0    13.4    18.0   330.0
SUMMERSIDE  2005   9  17  260     14.5    16.4     5.9  -999.9    33.8    17.8    16.3   330.0
SUMMERSIDE  2005   9  18  261     14.2    17.0     7.1  -999.9     2.5    19.3    17.2   330.0
SUMMERSIDE  2005   9  19  262     13.6    19.9    10.5  -999.9     0.0    11.1    17.0   330.0
SUMMERSIDE  2005   9  20  263      9.2    18.4    12.5  -999.9    23.1    11.3    13.0   330.0
SUMMERSIDE  2005   9  21  264     14.2    18.3     8.3  -999.9     0.0    25.3    14.5   330.0
SUMMERSIDE  2005   9  22  265     12.6    18.7    10.0  -999.9     0.0    21.8    12.7   330.0
SUMMERSIDE  2005   9  23  266     15.8    17.4     5.1  -999.9     0.0    21.2    16.9   330.0
SUMMERSIDE  2005   9  24  267      8.8    14.8     9.7  -999.9     0.0    22.0     9.9   330.0
SUMMERSIDE  2005   9  25  268      4.7    17.3    13.9  -999.9     1.3    17.3     9.4   330.0
SUMMERSIDE  2005   9  26  269     12.4    18.6     9.6  -999.9    14.5    30.2    15.9   330.0
SUMMERSIDE  2005   9  27  270     10.4    13.5     6.7  -999.9     1.3    22.3    12.7   330.0
SUMMERSIDE  2005   9  28  271      7.2    17.6    12.1  -999.9     0.0    11.8    11.3   330.0
SUMMERSIDE  2005   9  29  272      9.5    19.7    11.9  -999.9     6.6    33.6    12.8   330.0
SUMMERSIDE  2005   9  30  273      7.6    12.7     8.3  -999.9     0.0    20.0     9.5   330.0
SUMMERSIDE  2005  10   1  274      4.1    16.9    13.0  -999.9     0.0    19.3     9.3   330.0
SUMMERSIDE  2005  10   2  275     11.5    19.1     9.9  -999.9     0.0    15.2    12.9   330.0
SUMMERSIDE  2005  10   3  276      6.6    22.5    14.1  -999.9     0.0    13.5    13.3   330.0
SUMMERSIDE  2005  10   4  277     13.4    20.1     9.1  -999.9     0.0    26.8    15.8   330.0
SUMMERSIDE  2005  10   5  278     13.5    18.8     7.9  -999.9     0.0    15.2    16.3   330.0
SUMMERSIDE  2005  10   6  279     12.0    17.3     7.8  -999.9     1.0     9.9    15.9   330.0
SUMMERSIDE  2005  10   7  280     14.4    20.4     8.2  -999.9    26.8    29.1    18.5   330.0
SUMMERSIDE  2005  10   8  281      9.4    11.1     4.3  -999.9    57.2    28.4    11.9   330.0
SUMMERSIDE  2005  10   9  282      8.8    12.4     6.2  -999.9     0.6    26.2    12.1   330.0
SUMMERSIDE  2005  10  10  283     11.0    13.6     5.2  -999.9    10.6    19.0    13.7   330.0
SUMMERSIDE  2005  10  11  284      9.3    10.7     3.8  -999.9     0.0    25.0    10.6   330.0
SUMMERSIDE  2005  10  12  285      8.5    11.9     5.8  -999.9     0.0    20.6     9.4   330.0
SUMMERSIDE  2005  10  13  286      1.0    13.2    10.9  -999.9     0.0     7.1     8.8   330.0
SUMMERSIDE  2005  10  14  287      3.6    14.5    10.1  -999.9     0.0     7.0    10.1   330.0
SUMMERSIDE  2005  10  15  288      7.9    15.4     8.3  -999.9     9.7    21.8    12.3   330.0
SUMMERSIDE  2005  10  16  289     11.3    14.0     4.9  -999.9     1.5    37.5    12.7   330.0
SUMMERSIDE  2005  10  17  290      7.8    11.6     5.7  -999.9     7.0    21.2    11.0   330.0
SUMMERSIDE  2005  10  18  291      8.3    13.0     6.3  -999.9     0.0    20.1    10.5   330.0
SUMMERSIDE  2005  10  19  292      7.2    12.6     6.6  -999.9     2.4    17.3     9.8   330.0
SUMMERSIDE  2005  10  20  293      7.7     9.3     3.6  -999.9     0.0    28.9     8.6   330.0
SUMMERSIDE  2005  10  21  294      4.7    10.6     6.8  -999.9     0.0    21.7     7.8   330.0
SUMMERSIDE  2005  10  22  295      3.6    10.7     7.3  -999.9     0.0    13.5     8.5   330.0
SUMMERSIDE  2005  10  23  296      5.2     8.4     4.8  -999.9    18.0    28.2     8.7   330.0
SUMMERSIDE  2005  10  24  297      6.4     8.5     3.9  -999.9     0.0    28.5     8.6   330.0
SUMMERSIDE  2005  10  25  298      5.7     8.3     4.2  -999.9    25.6    28.9     8.7   330.0
SUMMERSIDE  2005  10  26  299      6.6    10.3     5.0  -999.9     9.3    34.4    10.6   330.0
SUMMERSIDE  2005  10  27  300      4.6     8.3     4.9  -999.9     0.6    20.6     9.0   330.0
SUMMERSIDE  2005  10  28  301      2.6     8.0     5.9  -999.9     0.6    11.6     7.6   330.0
SUMMERSIDE  2005  10  29  302     -0.3     6.8     6.6  -999.9     0.7     8.2     6.8   330.0
SUMMERSIDE  2005  10  30  303     -2.1    10.4     8.7  -999.9     0.8     8.0     7.2   330.0
SUMMERSIDE  2005  10  31  304      4.1    12.6     7.0  -999.9     0.0    12.6     9.3   330.0
SUMMERSIDE  2005  11   1  305      8.6    14.9     6.0  -999.9     0.0    20.2    10.6   330.0
SUMMERSIDE  2005  11   2  306      8.1    11.1     4.1  -999.9     1.4    25.1     9.3   330.0
SUMMERSIDE  2005  11   3  307      2.2     6.8     5.0  -999.9     7.8    26.2     6.0   330.0
SUMMERSIDE  2005  11   4  308      2.4     4.9     3.6  -999.9     0.0    15.2     6.6   330.0
SUMMERSIDE  2005  11   5  309      0.8     9.6     6.7  -999.9     0.0    10.0     8.1   330.0
SUMMERSIDE  2005  11   6  310      5.0    11.7     5.8  -999.9     1.9    24.2    10.0   330.0
SUMMERSIDE  2005  11   7  311      5.5    13.5     6.2  -999.9     0.0    32.5     9.5   330.0
SUMMERSIDE  2005  11   8  312      2.3     5.2     3.7  -999.9     2.4    33.2     4.7   330.0
SUMMERSIDE  2005  11   9  313      1.1     7.3     5.3  -999.9     9.9    19.2     7.1   330.0
SUMMERSIDE  2005  11  10  314      1.1    13.0     7.3  -999.9    24.6    25.5     9.5   330.0
SUMMERSIDE  2005  11  11  315      2.4     3.8     2.5  -999.9     0.0    16.5     5.9   330.0
SUMMERSIDE  2005  11  12  316     -0.4     1.8     3.0  -999.9     0.6    12.2     4.8   330.0
SUMMERSIDE  2005  11  13  317     -3.1     7.5     6.6  -999.9     0.0    11.7     5.7   330.0
SUMMERSIDE  2005  11  14  318      3.5    12.1     5.9  -999.9     0.0    26.4     8.7   330.0
SUMMERSIDE  2005  11  15  319      1.0     3.8     3.3  -999.9     7.0    11.6     5.8   330.0
SUMMERSIDE  2005  11  16  320     -0.1    15.3     7.6  -999.9    18.3    21.0    10.2   330.0
SUMMERSIDE  2005  11  17  321      5.6    10.5     4.3  -999.9     7.0    20.3    10.0   330.0
SUMMERSIDE  2005  11  18  322      0.2     1.1     1.8  -999.9     0.0    15.3     4.8   330.0
SUMMERSIDE  2005  11  19  323     -5.1     2.6     5.2  -999.9     0.0    11.0     4.0   330.0
SUMMERSIDE  2005  11  20  324     -3.6     5.0     5.4  -999.9     0.0    19.3     4.7   330.0
SUMMERSIDE  2005  11  21  325      2.0     7.9     4.5  -999.9     1.4    19.2     7.2   330.0
SUMMERSIDE  2005  11  22  326      5.0    14.1     5.5  -999.9    24.3    33.0    11.0   330.0
SUMMERSIDE  2005  11  23  327      5.3     7.4     2.6  -999.9    10.0    25.1     8.4   330.0
SUMMERSIDE  2005  11  24  328     -0.5     9.8     5.7  -999.9    10.5    27.2     7.2   330.0
SUMMERSIDE  2005  11  25  329     -0.2     8.6     5.2  -999.9     0.0    31.0     5.7   330.0
SUMMERSIDE  2005  11  26  330     -5.3     1.6     4.6  -999.9     0.6    10.7     3.7   330.0
SUMMERSIDE  2005  11  27  331     -3.5     1.4     3.8  -999.9     0.0    15.8     4.9   330.0
SUMMERSIDE  2005  11  28  332     -5.9     4.1     5.4  -999.9     0.7     7.9     4.7   330.0
SUMMERSIDE  2005  11  29  333      1.2     8.7     4.6  -999.9     0.0    21.6     7.3   330.0
SUMMERSIDE  2005  11  30  334      5.2    10.1     3.7  -999.9     0.0    26.0     9.7   330.0
SUMMERSIDE  2005  12   1  335      5.5     9.0     3.1  -999.9     9.6    19.1     9.7   330.0
SUMMERSIDE  2005  12   2  336      4.3     9.7     3.8  -999.9     1.4    22.9     9.3   330.0
SUMMERSIDE  2005  12   3  337      0.2     2.8     2.6  -999.9     0.0    24.2     5.4   330.0
SUMMERSIDE  2005  12   4  338     -4.2    -0.8     3.0  -999.9     0.0    28.4     3.1   330.0
SUMMERSIDE  2005  12   5  339     -3.9    -0.5     3.0  -999.9     0.0    32.4     2.9   330.0
SUMMERSIDE  2005  12   6  340     -8.3    -3.5     3.5  -999.9     0.0    15.8     2.6   330.0
SUMMERSIDE  2005  12   7  341     -6.9    -3.9     2.8  -999.9     0.0    26.3     2.5   330.0
SUMMERSIDE  2005  12   8  342     -7.6    -2.8     3.5  -999.9     0.6    18.3     2.9   330.0
SUMMERSIDE  2005  12   9  343    -10.8    -0.3     5.1  -999.9     3.5    15.6     3.4   330.0
SUMMERSIDE  2005  12  10  344     -5.0     1.8     4.1  -999.9     0.0    18.2     4.8   330.0
SUMMERSIDE  2005  12  11  345     -9.4     4.9     5.9  -999.9     3.0    24.7     4.8   330.0
SUMMERSIDE  2005  12  12  346     -4.2     0.2     3.3  -999.9     0.7     9.0     4.8   330.0
SUMMERSIDE  2005  12  13  347     -8.4    -2.3     3.8  -999.9     4.0    18.5     3.6   330.0
SUMMERSIDE  2005  12  14  348     -6.2    -4.0     2.3  -999.9     3.1    45.0     4.1   330.0
SUMMERSIDE  2005  12  15  349     -7.7    -4.5     2.8  -999.9     0.0    32.2     3.5   330.0
SUMMERSIDE  2005  12  16  350    -11.9     3.0     5.9  -999.9    10.0    12.0     3.9   330.0
SUMMERSIDE  2005  12  17  351     -5.5     2.3     4.3  -999.9     0.0    31.5     4.7   330.0
SUMMERSIDE  2005  12  18  352     -3.6    -0.2     2.8  -999.9     0.0    22.1     4.2   330.0
SUMMERSIDE  2005  12  19  353     -9.0    -2.2     4.0  -999.9     0.6    14.4     3.4   330.0
SUMMERSIDE  2005  12  20  354    -10.3    -2.6     4.2  -999.9     0.0    21.1     2.9   330.0
SUMMERSIDE  2005  12  21  355    -11.9    -6.9     3.4  -999.9     0.0    11.5     2.1   330.0
SUMMERSIDE  2005  12  22  356    -14.0    -2.4     5.2  -999.9     0.0    16.3     2.3   330.0
SUMMERSIDE  2005  12  23  357    -11.5    -0.4     5.1  -999.9     2.8    18.2     3.4   330.0
SUMMERSIDE  2005  12  24  358    -11.3    -0.9     5.0  -999.9     1.4     5.0     3.8   330.0
SUMMERSIDE  2005  12  25  359     -5.1     0.6     3.7  -999.9     1.9     7.7     5.1   330.0
SUMMERSIDE  2005  12  26  360     -1.8     1.0     2.6  -999.9    38.6    41.3     5.8   330.0
SUMMERSIDE  2005  12  27  361     -2.1    -0.1     2.2  -999.9     2.0    43.2     5.7   330.0
SUMMERSIDE  2005  12  28  362     -4.9    -1.2     3.0  -999.9     0.0    20.9     4.8   330.0
SUMMERSIDE  2005  12  29  363     -5.1     8.7     5.8  -999.9     0.7    23.5     6.7   330.0
SUMMERSIDE  2005  12  30  364      2.5     9.5     4.1  -999.9     9.8    28.4     9.0   330.0
SUMMERSIDE  2005  12  31  365     -8.5    -3.3     3.6  -999.9     0.6    19.5     3.5   330.0
