SUMMERSIDE_A  1987   1   1    1     -8.3    -1.8     4.0  -999.9     0.0    13.3     3.2   330.0
SUMMERSIDE_A  1987   1   2    2     -5.9    -0.3     3.8  -999.9    11.6    24.6     4.1   330.0
SUMMERSIDE_A  1987   1   3    3     -2.4     2.5     3.5  -999.9     2.4    22.5     5.8   330.0
SUMMERSIDE_A  1987   1   4    4     -5.2    -1.0     3.3  -999.9     1.2    33.1     3.9   330.0
SUMMERSIDE_A  1987   1   5    5     -7.4    -3.4     3.2  -999.9     0.0    18.7     3.0   330.0
SUMMERSIDE_A  1987   1   6    6     -8.7    -3.4     3.8  -999.9     0.0    13.8     3.2   330.0
SUMMERSIDE_A  1987   1   7    7     -3.4     1.7     3.7  -999.9     1.5    22.1     5.1   330.0
SUMMERSIDE_A  1987   1   8    8     -4.9    -1.1     3.2  -999.9     2.0    22.9     4.4   330.0
SUMMERSIDE_A  1987   1   9    9    -11.0    -3.9     4.4  -999.9     0.4    16.5     2.7   330.0
SUMMERSIDE_A  1987   1  10   10    -12.2    -5.5     4.4  -999.9     0.0     5.8     2.5   330.0
SUMMERSIDE_A  1987   1  11   11     -6.0    -1.0     3.8  -999.9    32.7    31.2     4.2   330.0
SUMMERSIDE_A  1987   1  12   12     -6.3    -2.0     3.6  -999.9     4.6    37.8     4.0   330.0
SUMMERSIDE_A  1987   1  13   13     -7.2    -2.5     3.8  -999.9     0.0    26.5     3.2   330.0
SUMMERSIDE_A  1987   1  14   14     -8.0    -2.2     4.2  -999.9     0.0    22.6     3.1   330.0
SUMMERSIDE_A  1987   1  15   15     -5.2     2.3     4.8  -999.9     0.0    13.2     4.2   330.0
SUMMERSIDE_A  1987   1  16   16    -14.5    -2.0     6.3  -999.9     0.0    19.1     2.3   330.0
SUMMERSIDE_A  1987   1  17   17    -17.4   -13.8     3.4  -999.9     0.0    19.7     1.2   330.0
SUMMERSIDE_A  1987   1  18   18    -18.7    -3.8     7.0  -999.9     6.4    16.7     1.9   330.0
SUMMERSIDE_A  1987   1  19   19    -11.2    -2.3     5.5  -999.9     4.4    19.2     3.0   330.0
SUMMERSIDE_A  1987   1  20   20    -16.7   -10.0     4.8  -999.9     0.6    21.0     1.8   330.0
SUMMERSIDE_A  1987   1  21   21    -16.7    -9.5     5.1  -999.9     0.0     7.0     1.8   330.0
SUMMERSIDE_A  1987   1  22   22    -17.2    -5.6     6.5  -999.9     1.8     8.8     2.0   330.0
SUMMERSIDE_A  1987   1  23   23     -5.8     4.2     6.1  -999.9    15.0    42.1     4.7   330.0
SUMMERSIDE_A  1987   1  24   24    -15.2    -2.2     7.1  -999.9     7.4    22.0     2.3   330.0
SUMMERSIDE_A  1987   1  25   25    -19.7   -15.0     4.3  -999.9     0.2    26.6     1.1   330.0
SUMMERSIDE_A  1987   1  26   26    -21.8   -12.3     6.2  -999.9     0.0    15.0     1.1   330.0
SUMMERSIDE_A  1987   1  27   27    -18.9   -10.9     5.8  -999.9     0.2    16.2     1.4   330.0
SUMMERSIDE_A  1987   1  28   28    -19.5    -9.4     6.6  -999.9     0.0     8.1     1.6   330.0
SUMMERSIDE_A  1987   1  29   29    -17.1    -6.9     6.7  -999.9     0.0     9.8     1.8   330.0
SUMMERSIDE_A  1987   1  30   30    -17.1    -9.2     6.0  -999.9     0.0    11.4     1.8   330.0
SUMMERSIDE_A  1987   1  31   31    -16.5    -3.3     7.8  -999.9    33.6    24.2     2.4   330.0
SUMMERSIDE_A  1987   2   1   32     -7.1    -3.9     3.9  -999.9    22.0    55.1     3.7   330.0
SUMMERSIDE_A  1987   2   2   33    -10.1    -4.3     5.3  -999.9     1.6    27.2     3.1   330.0
SUMMERSIDE_A  1987   2   3   34    -13.9    -5.4     6.5  -999.9     0.0     8.5     2.3   330.0
SUMMERSIDE_A  1987   2   4   35     -9.6    -5.7     4.5  -999.9     0.6     2.2     2.9   330.0
SUMMERSIDE_A  1987   2   5   36    -14.5    -6.9     6.4  -999.9     0.6    18.5     2.2   330.0
SUMMERSIDE_A  1987   2   6   37    -18.9   -10.7     6.7  -999.9     0.0     9.9     1.5   330.0
SUMMERSIDE_A  1987   2   7   38    -18.3    -3.8     9.0  -999.9     0.0    15.1     2.2   330.0
SUMMERSIDE_A  1987   2   8   39     -5.5    -2.2     4.4  -999.9     0.0    11.2     4.3   330.0
SUMMERSIDE_A  1987   2   9   40     -8.8    -1.8     6.5  -999.9     2.8    18.8     3.8   330.0
SUMMERSIDE_A  1987   2  10   41    -11.4    -7.5     4.9  -999.9    22.8    48.2     2.6   330.0
SUMMERSIDE_A  1987   2  11   42    -21.3    -8.6     8.9  -999.9     0.0    42.4     1.5   330.0
SUMMERSIDE_A  1987   2  12   43    -20.4    -9.1     8.6  -999.9     0.0    24.4     1.5   330.0
SUMMERSIDE_A  1987   2  13   44    -17.9    -9.6     7.4  -999.9     2.4    13.2     1.7   330.0
SUMMERSIDE_A  1987   2  14   45    -19.2   -12.5     6.8  -999.9     0.8    22.6     1.4   330.0
SUMMERSIDE_A  1987   2  15   46    -21.4   -11.0     8.6  -999.9     1.6    20.5     1.3   330.0
SUMMERSIDE_A  1987   2  16   47    -11.0    -1.7     8.2  -999.9     0.2    26.3     2.9   330.0
SUMMERSIDE_A  1987   2  17   48    -10.9    -3.2     7.6  -999.9     0.0    18.6     2.5   330.0
SUMMERSIDE_A  1987   2  18   49    -13.7    -5.3     8.0  -999.9     0.0    14.2     2.1   330.0
SUMMERSIDE_A  1987   2  19   50    -14.5    -7.4     7.5  -999.9     0.0    15.2     1.9   330.0
SUMMERSIDE_A  1987   2  20   51    -13.3    -7.2     7.0  -999.9     0.0    22.1     2.1   330.0
SUMMERSIDE_A  1987   2  21   52    -15.6    -2.6    10.4  -999.9     0.0    16.5     2.3   330.0
SUMMERSIDE_A  1987   2  22   53     -7.9     1.4     8.9  -999.9     0.0    27.2     3.1   330.0
SUMMERSIDE_A  1987   2  23   54     -9.2    -3.1     7.3  -999.9     0.0    13.1     3.1   330.0
SUMMERSIDE_A  1987   2  24   55     -7.7     0.2     8.5  -999.9     0.4    18.8     3.9   330.0
SUMMERSIDE_A  1987   2  25   56     -2.0     1.8     6.0  -999.9     0.0    30.3     5.2   330.0
SUMMERSIDE_A  1987   2  26   57     -6.9    -1.0     7.5  -999.9     0.0    19.7     3.7   330.0
SUMMERSIDE_A  1987   2  27   58     -7.5    -2.3     7.2  -999.9     0.0    12.0     3.3   330.0
SUMMERSIDE_A  1987   2  28   59     -6.6     4.6    10.7  -999.9     0.0    25.3     3.7   330.0
SUMMERSIDE_A  1987   3   1   60    -10.3    -5.0     7.4  -999.9     0.0    15.3     2.4   330.0
SUMMERSIDE_A  1987   3   2   61     -9.2    -6.3     5.6  -999.9    16.6    38.5     2.9   330.0
SUMMERSIDE_A  1987   3   3   62    -12.5    -8.7     6.5  -999.9     0.8    28.3     2.3   330.0
SUMMERSIDE_A  1987   3   4   63    -15.6    -5.5    10.7  -999.9     0.0    12.9     2.1   330.0
SUMMERSIDE_A  1987   3   5   64    -15.6    -2.5    12.3  -999.9     0.0    12.1     2.3   330.0
SUMMERSIDE_A  1987   3   6   65    -11.3     3.3    13.2  -999.9     0.0    30.9     3.2   330.0
SUMMERSIDE_A  1987   3   7   66     -8.0    -3.0     7.8  -999.9     0.0    18.6     2.5   330.0
SUMMERSIDE_A  1987   3   8   67     -9.0    -3.8     8.1  -999.9     0.6    12.5     3.2   330.0
SUMMERSIDE_A  1987   3   9   68    -16.0    -1.7    13.5  -999.9     4.6    20.2     2.7   330.0
SUMMERSIDE_A  1987   3  10   69    -20.6    -9.5    12.1  -999.9     0.0    20.5     1.3   330.0
SUMMERSIDE_A  1987   3  11   70    -15.7    -6.8    11.0  -999.9     0.0    14.5     1.7   330.0
SUMMERSIDE_A  1987   3  12   71    -21.1    -5.0    14.9  -999.9     0.0     7.1     1.8   330.0
SUMMERSIDE_A  1987   3  13   72    -18.0    -7.7    12.1  -999.9     0.0    10.3     1.9   330.0
SUMMERSIDE_A  1987   3  14   73    -12.4    -3.3    11.5  -999.9     0.0    13.5     2.8   330.0
SUMMERSIDE_A  1987   3  15   74     -7.0    -2.0     8.6  -999.9     1.6    30.8     3.8   330.0
SUMMERSIDE_A  1987   3  16   75     -4.0    -2.0     5.5  -999.9    17.0    45.5     4.7   330.0
SUMMERSIDE_A  1987   3  17   76     -2.5    -0.5     5.6  -999.9     4.4    36.0     5.3   330.0
SUMMERSIDE_A  1987   3  18   77     -1.2     0.4     5.1  -999.9    19.0    33.0     5.8   330.0
SUMMERSIDE_A  1987   3  19   78     -3.6     3.2    10.5  -999.9     0.0    15.5     5.7   330.0
SUMMERSIDE_A  1987   3  20   79     -3.8    -0.2     7.8  -999.9     0.2    19.8     5.0   330.0
SUMMERSIDE_A  1987   3  21   80     -0.2     2.5     6.8  -999.9     0.4    26.9     6.2   330.0
SUMMERSIDE_A  1987   3  22   81     -2.3     3.0     9.6  -999.9     0.0    23.7     5.5   330.0
SUMMERSIDE_A  1987   3  23   82     -6.8     2.4    12.8  -999.9     0.0    15.0     4.4   330.0
SUMMERSIDE_A  1987   3  24   83     -8.0     1.6    13.2  -999.9     0.0    10.0     4.1   330.0
SUMMERSIDE_A  1987   3  25   84     -4.9     7.6    15.3  -999.9     0.0    12.4     5.0   330.0
SUMMERSIDE_A  1987   3  26   85      0.2     8.1    12.3  -999.9     0.0    24.0     6.2   330.0
SUMMERSIDE_A  1987   3  27   86      2.0     5.0     7.6  -999.9     8.2    16.7     7.5   330.0
SUMMERSIDE_A  1987   3  28   87     -1.3     7.3    13.1  -999.9     0.0     7.9     6.8   330.0
SUMMERSIDE_A  1987   3  29   88     -1.1     6.4    12.3  -999.9     0.0     7.2     6.3   330.0
SUMMERSIDE_A  1987   3  30   89     -1.0     9.3    14.6  -999.9     0.0    20.6     6.4   330.0
SUMMERSIDE_A  1987   3  31   90      1.0     7.7    11.9  -999.9     0.0    33.6     6.8   330.0
SUMMERSIDE_A  1987   4   1   91      4.2     9.9    11.1  -999.9     0.4    29.2     8.7   330.0
SUMMERSIDE_A  1987   4   2   92      1.0     6.7    11.2  -999.9    12.4    14.8     7.9   330.0
SUMMERSIDE_A  1987   4   3   93     -1.0    12.3    17.2  -999.9     0.0    15.6     7.4   330.0
SUMMERSIDE_A  1987   4   4   94      0.1     6.1    11.7  -999.9     0.0    17.0     6.4   330.0
SUMMERSIDE_A  1987   4   5   95      0.4     3.6     8.6  -999.9     0.4    18.2     6.7   330.0
SUMMERSIDE_A  1987   4   6   96      0.9     7.0    12.0  -999.9    13.8    18.3     7.3   330.0
SUMMERSIDE_A  1987   4   7   97      0.3     3.4     8.6  -999.9     2.8    18.5     6.8   330.0
SUMMERSIDE_A  1987   4   8   98     -0.7     1.4     7.2  -999.9     0.4    17.4     6.1   330.0
SUMMERSIDE_A  1987   4   9   99     -1.0     1.9     8.5  -999.9     1.6    25.6     5.8   330.0
SUMMERSIDE_A  1987   4  10  100     -0.5     9.3    15.8  -999.9     0.0    13.8     6.7   330.0
SUMMERSIDE_A  1987   4  11  101      0.1    11.3    17.0  -999.9     0.0    22.3     6.3   330.0
SUMMERSIDE_A  1987   4  12  102     -2.3     3.6    12.4  -999.9     0.0    24.2     5.4   330.0
SUMMERSIDE_A  1987   4  13  103     -3.9     1.6    12.1  -999.9     0.0    28.0     4.8   330.0
SUMMERSIDE_A  1987   4  14  104     -3.9     2.9    13.6  -999.9     0.0    23.7     5.0   330.0
SUMMERSIDE_A  1987   4  15  105     -2.6     4.4    13.9  -999.9     0.0    18.7     5.6   330.0
SUMMERSIDE_A  1987   4  16  106     -2.7     9.1    18.1  -999.9     0.0    12.6     5.8   330.0
SUMMERSIDE_A  1987   4  17  107     -0.1    12.2    18.7  -999.9     0.0    14.5     7.9   330.0
SUMMERSIDE_A  1987   4  18  108      7.0    18.0    17.8  -999.9     0.0    21.5    12.5   330.0
SUMMERSIDE_A  1987   4  19  109      7.0    19.5    19.1  -999.9     0.0    14.3    10.6   330.0
SUMMERSIDE_A  1987   4  20  110      5.4    18.2    19.5  -999.9     0.0    10.2     6.0   330.0
SUMMERSIDE_A  1987   4  21  111      5.5    17.2    18.7  -999.9     0.0    27.6    10.4   330.0
SUMMERSIDE_A  1987   4  22  112     -0.3     7.7    15.6  -999.9     3.0    19.0     5.5   330.0
SUMMERSIDE_A  1987   4  23  113      0.2    14.3    20.9  -999.9     0.0    22.3     5.9   330.0
SUMMERSIDE_A  1987   4  24  114     -1.2     8.6    17.5  -999.9     1.8    20.1     6.5   330.0
SUMMERSIDE_A  1987   4  25  115     -1.0     8.8    17.6  -999.9     0.0    14.7     4.7   330.0
SUMMERSIDE_A  1987   4  26  116     -2.2     5.0    15.2  -999.9     0.0    18.7     3.7   330.0
SUMMERSIDE_A  1987   4  27  117     -3.4     5.5    17.0  -999.9     0.0    15.3     4.0   330.0
SUMMERSIDE_A  1987   4  28  118     -3.2     9.5    20.4  -999.9     0.0    21.6     4.5   330.0
SUMMERSIDE_A  1987   4  29  119      0.2     9.1    17.2  -999.9    16.0    29.1     7.4   330.0
SUMMERSIDE_A  1987   4  30  120      2.0     7.6    13.7  -999.9     3.8    21.9     7.5   330.0
SUMMERSIDE_A  1987   5   1  121     -1.5     9.3    19.2  -999.9     0.0    28.8     4.6   330.0
SUMMERSIDE_A  1987   5   2  122     -1.7    12.9    22.4  -999.9     0.0    19.9     4.3   330.0
SUMMERSIDE_A  1987   5   3  123      0.4     9.4    17.7  -999.9     2.2    17.4     6.1   330.0
SUMMERSIDE_A  1987   5   4  124      0.0     9.0    17.8  -999.9     0.0    13.3     5.1   330.0
SUMMERSIDE_A  1987   5   5  125      0.2    10.4    19.0  -999.9     0.6    12.2     5.8   330.0
SUMMERSIDE_A  1987   5   6  126      5.2    19.2    22.4  -999.9     0.0    18.5    12.6   330.0
SUMMERSIDE_A  1987   5   7  127      4.7    14.5    18.9  -999.9     1.0    29.8    10.0   330.0
SUMMERSIDE_A  1987   5   8  128      3.7    11.7    17.1  -999.9     0.0    14.2     5.4   330.0
SUMMERSIDE_A  1987   5   9  129      3.5    18.2    23.3  -999.9     0.0    21.6     7.2   330.0
SUMMERSIDE_A  1987   5  10  130      3.7    22.5    26.5  -999.9     0.0    26.4     8.2   330.0
SUMMERSIDE_A  1987   5  11  131      4.0    13.4    18.8  -999.9     0.8    16.7     6.1   330.0
SUMMERSIDE_A  1987   5  12  132      5.8    19.3    22.7  -999.9     7.2    26.7    10.5   330.0
SUMMERSIDE_A  1987   5  13  133      3.8    15.1    20.8  -999.9     0.0    23.4     5.8   330.0
SUMMERSIDE_A  1987   5  14  134      4.6    16.5    21.5  -999.9     0.0    34.0     5.8   330.0
SUMMERSIDE_A  1987   5  15  135      4.0    16.3    21.9  -999.9     7.8    28.6     8.9   330.0
SUMMERSIDE_A  1987   5  16  136      3.6     7.4    12.2  -999.9     0.4    25.0     6.8   330.0
SUMMERSIDE_A  1987   5  17  137      4.3    18.1    23.4  -999.9     0.2    19.9     9.2   330.0
SUMMERSIDE_A  1987   5  18  138      1.5     6.8    14.5  -999.9     0.0    17.7     6.0   330.0
SUMMERSIDE_A  1987   5  19  139      0.4     9.6    19.2  -999.9     0.0    16.5     5.9   330.0
SUMMERSIDE_A  1987   5  20  140      0.0    17.9    26.9  -999.9     0.0    16.6     5.6   330.0
SUMMERSIDE_A  1987   5  21  141      5.4    18.9    23.4  -999.9     0.0    28.9     8.4   330.0
SUMMERSIDE_A  1987   5  22  142      5.5    20.7    25.0  -999.9     1.4    27.5    12.2   330.0
SUMMERSIDE_A  1987   5  23  143      4.8     8.7    12.7  -999.9     2.4    22.5     6.5   330.0
SUMMERSIDE_A  1987   5  24  144      4.7    12.1    17.5  -999.9     0.0     8.1     6.3   330.0
SUMMERSIDE_A  1987   5  25  145      7.0    17.8    21.2  -999.9     0.0    14.8     8.1   330.0
SUMMERSIDE_A  1987   5  26  146      3.5    13.8    20.8  -999.9     0.0    20.6     8.6   330.0
SUMMERSIDE_A  1987   5  27  147      2.7    19.6    26.7  -999.9     0.0    20.5     8.3   330.0
SUMMERSIDE_A  1987   5  28  148      7.5    17.2    20.3  -999.9     5.4    20.6    11.9   330.0
SUMMERSIDE_A  1987   5  29  149      9.1    16.8    18.1  -999.9     0.0    16.6    13.0   330.0
SUMMERSIDE_A  1987   5  30  150      8.1    15.6    17.9  -999.9     0.8    14.3    11.7   330.0
SUMMERSIDE_A  1987   5  31  151     10.0    19.7    20.4  -999.9     1.0    18.4    15.1   330.0
SUMMERSIDE_A  1987   6   1  152      5.6    17.1    22.3  -999.9     1.0    13.5    12.4   330.0
SUMMERSIDE_A  1987   6   2  153      4.8    15.4    21.4  -999.9     0.0    14.3     9.1   330.0
SUMMERSIDE_A  1987   6   3  154      6.1    18.9    23.6  -999.9     0.0    13.1     8.5   330.0
SUMMERSIDE_A  1987   6   4  155      8.6    20.3    22.6  -999.9     0.0    22.6     9.9   330.0
SUMMERSIDE_A  1987   6   5  156     10.0    13.7    12.7  -999.9     2.2    20.2    11.2   330.0
SUMMERSIDE_A  1987   6   6  157      8.5    12.7    13.6  -999.9    22.4    17.4    12.2   330.0
SUMMERSIDE_A  1987   6   7  158      8.4    18.0    20.6  -999.9     4.6    18.0    12.0   330.0
SUMMERSIDE_A  1987   6   8  159      8.0    21.5    24.4  -999.9     0.2    13.1    12.1   330.0
SUMMERSIDE_A  1987   6   9  160      9.4    14.4    14.9  -999.9    16.8    19.3    12.1   330.0
SUMMERSIDE_A  1987   6  10  161      7.7    13.2    15.6  -999.9    11.0    20.0    11.2   330.0
SUMMERSIDE_A  1987   6  11  162      9.3    20.1    21.9  -999.9     2.0    17.4    11.9   330.0
SUMMERSIDE_A  1987   6  12  163     11.0    16.8    16.1  -999.9    17.2    25.7    13.7   330.0
SUMMERSIDE_A  1987   6  13  164     11.0    19.0    18.9  -999.9     0.4    16.3    13.2   330.0
SUMMERSIDE_A  1987   6  14  165     10.1    18.5    19.4  -999.9     1.2    20.9    12.1   330.0
SUMMERSIDE_A  1987   6  15  166     10.3    23.1    23.9  -999.9    11.4    23.5    14.7   330.0
SUMMERSIDE_A  1987   6  16  167     10.9    20.2    20.4  -999.9     0.0    20.0    10.3   330.0
SUMMERSIDE_A  1987   6  17  168      8.7    16.1    18.2  -999.9     0.0    13.1    10.1   330.0
SUMMERSIDE_A  1987   6  18  169      8.0    16.7    19.8  -999.9     0.0    12.0     9.3   330.0
SUMMERSIDE_A  1987   6  19  170     10.5    22.6    23.3  -999.9     0.4    21.9    14.0   330.0
SUMMERSIDE_A  1987   6  20  171      8.2    18.8    21.8  -999.9     0.0    17.3    10.4   330.0
SUMMERSIDE_A  1987   6  21  172      8.9    23.8    25.9  -999.9     0.0    14.2    10.8   330.0
SUMMERSIDE_A  1987   6  22  173     11.9    19.4    18.4  -999.9     0.0    14.3    13.4   330.0
SUMMERSIDE_A  1987   6  23  174     11.8    19.9    19.1  -999.9     0.0     9.0    13.5   330.0
SUMMERSIDE_A  1987   6  24  175     11.6    21.8    21.4  -999.9    34.4    17.9    15.6   330.0
SUMMERSIDE_A  1987   6  25  176      9.8    15.6    16.1  -999.9     0.0    21.6    10.7   330.0
SUMMERSIDE_A  1987   6  26  177      9.5    17.6    19.0  -999.9     0.6    13.1    11.9   330.0
SUMMERSIDE_A  1987   6  27  178     12.3    22.3    21.1  -999.9     0.0    21.9    13.1   330.0
SUMMERSIDE_A  1987   6  28  179     13.0    22.9    21.0  -999.9     4.6    28.7    17.7   330.0
SUMMERSIDE_A  1987   6  29  180     12.2    23.4    22.3  -999.9     0.0    22.5    15.1   330.0
SUMMERSIDE_A  1987   6  30  181     14.4    20.4    16.3  -999.9     0.0    28.8    16.0   330.0
SUMMERSIDE_A  1987   7   1  182     13.8    23.4    20.6  -999.9     0.0    20.9    13.9   330.0
SUMMERSIDE_A  1987   7   2  183     12.7    19.7    17.6  -999.9     0.0    15.2    13.5   330.0
SUMMERSIDE_A  1987   7   3  184     13.3    24.2    21.9  -999.9     0.0    14.7    14.6   330.0
SUMMERSIDE_A  1987   7   4  185     14.3    18.6    13.8  -999.9     0.0    14.6    15.4   330.0
SUMMERSIDE_A  1987   7   5  186      9.6    17.6    18.7  -999.9     0.0    17.4    13.7   330.0
SUMMERSIDE_A  1987   7   6  187      9.5    24.3    25.4  -999.9     0.0    11.8    13.5   330.0
SUMMERSIDE_A  1987   7   7  188     14.3    25.1    21.7  -999.9     0.0    23.2    16.6   330.0
SUMMERSIDE_A  1987   7   8  189     14.2    26.7    23.3  -999.9     0.0    21.6    16.5   330.0
SUMMERSIDE_A  1987   7   9  190     14.8    23.9    19.8  -999.9     0.0    23.4    18.3   330.0
SUMMERSIDE_A  1987   7  10  191     16.8    26.8    20.7  -999.9     0.0    12.5    22.6   330.0
SUMMERSIDE_A  1987   7  11  192     17.3    26.3    19.6  -999.9     0.0    18.9    22.0   330.0
SUMMERSIDE_A  1987   7  12  193     16.8    26.1    19.9  -999.9     0.0    20.7    21.5   330.0
SUMMERSIDE_A  1987   7  13  194     16.4    27.5    21.7  -999.9     0.0    25.7    22.0   330.0
SUMMERSIDE_A  1987   7  14  195     18.8    29.8    21.6  -999.9     0.0    24.7    24.8   330.0
SUMMERSIDE_A  1987   7  15  196     15.5    25.8    20.8  -999.9     4.8    18.8    21.2   330.0
SUMMERSIDE_A  1987   7  16  197     12.9    22.6    20.1  -999.9     0.0    11.9    12.3   330.0
SUMMERSIDE_A  1987   7  17  198     12.9    24.5    21.9  -999.9     0.0    11.5    11.7   330.0
SUMMERSIDE_A  1987   7  18  199     15.5    29.4    24.0  -999.9     0.0    20.2    16.6   330.0
SUMMERSIDE_A  1987   7  19  200     14.2    22.1    18.0  -999.9     0.0    12.7    11.9   330.0
SUMMERSIDE_A  1987   7  20  201     13.4    26.7    23.3  -999.9     0.0    11.8    13.5   330.0
SUMMERSIDE_A  1987   7  21  202     14.4    25.2    20.9  -999.9     0.2    10.0    15.7   330.0
SUMMERSIDE_A  1987   7  22  203     15.3    19.2    12.5  -999.9     1.6    10.8    17.1   330.0
SUMMERSIDE_A  1987   7  23  204     14.8    23.1    18.2  -999.9     0.0     7.7    18.3   330.0
SUMMERSIDE_A  1987   7  24  205     16.5    24.4    17.7  -999.9     8.5    26.2    20.0   330.0
SUMMERSIDE_A  1987   7  25  206     17.6    26.4    18.6  -999.9     0.0    14.3    22.2   330.0
SUMMERSIDE_A  1987   7  26  207     16.1    24.7    18.3  -999.9     1.6    21.6    20.4   330.0
SUMMERSIDE_A  1987   7  27  208     13.2    22.5    19.0  -999.9     1.2    26.2    13.8   330.0
SUMMERSIDE_A  1987   7  28  209     10.7    22.5    21.3  -999.9     0.0    20.8    11.6   330.0
SUMMERSIDE_A  1987   7  29  210     11.2    22.8    21.0  -999.9     0.0    11.4    12.7   330.0
SUMMERSIDE_A  1987   7  30  211     13.4    23.4    19.4  -999.9     0.8    12.9    13.5   330.0
SUMMERSIDE_A  1987   7  31  212     12.5    22.1    19.0  -999.9     0.4    13.8    13.5   330.0
SUMMERSIDE_A  1987   8   1  213     10.8    19.6    18.1  -999.9     0.0    13.6    12.6   330.0
SUMMERSIDE_A  1987   8   2  214     12.6    18.6    14.8  -999.9     0.0    15.2    13.7   330.0
SUMMERSIDE_A  1987   8   3  215     13.2    23.0    18.9  -999.9     8.8    19.0    16.5   330.0
SUMMERSIDE_A  1987   8   4  216     14.8    25.4    19.5  -999.9     1.0    15.0    19.4   330.0
SUMMERSIDE_A  1987   8   5  217     14.0    21.9    16.8  -999.9     0.0    18.5    14.1   330.0
SUMMERSIDE_A  1987   8   6  218     11.2    20.0    17.6  -999.9     0.0     9.3    11.2   330.0
SUMMERSIDE_A  1987   8   7  219     11.4    24.1    21.1  -999.9     0.0    11.1    12.2   330.0
SUMMERSIDE_A  1987   8   8  220     14.0    23.2    17.8  -999.9     0.0    17.9    14.7   330.0
SUMMERSIDE_A  1987   8   9  221     16.0    23.5    16.0  -999.9     0.6    13.6    18.6   330.0
SUMMERSIDE_A  1987   8  10  222     17.2    20.4    10.4  -999.9     0.0    13.5    18.3   330.0
SUMMERSIDE_A  1987   8  11  223     15.0    19.4    12.1  -999.9     5.8    16.5    17.4   330.0
SUMMERSIDE_A  1987   8  12  224     14.4    19.7    13.2  -999.9     0.0    15.3    16.0   330.0
SUMMERSIDE_A  1987   8  13  225     14.7    25.3    18.6  -999.9     0.0    10.2    18.2   330.0
SUMMERSIDE_A  1987   8  14  226     16.1    25.7    17.6  -999.9     0.0    18.8    18.6   330.0
SUMMERSIDE_A  1987   8  15  227     17.2    27.8    18.4  -999.9     0.0    13.5    21.5   330.0
SUMMERSIDE_A  1987   8  16  228     17.0    20.1     9.9  -999.9     8.4    13.3    20.2   330.0
SUMMERSIDE_A  1987   8  17  229     18.1    29.7    19.0  -999.9     0.0    12.8    24.0   330.0
SUMMERSIDE_A  1987   8  18  230     18.0    29.8    19.0  -999.9     0.0    16.8    23.1   330.0
SUMMERSIDE_A  1987   8  19  231     14.9    24.5    17.0  -999.9     0.0    12.8    16.3   330.0
SUMMERSIDE_A  1987   8  20  232     15.7    26.0    17.5  -999.9     0.4    17.5    18.0   330.0
SUMMERSIDE_A  1987   8  21  233     14.5    21.9    14.7  -999.9     0.0    10.5    15.5   330.0
SUMMERSIDE_A  1987   8  22  234     13.2    26.3    19.5  -999.9    11.2    24.3    15.1   330.0
SUMMERSIDE_A  1987   8  23  235     11.5    21.2    16.6  -999.9     1.8    24.5    11.2   330.0
SUMMERSIDE_A  1987   8  24  236     10.1    17.9    14.8  -999.9     0.0    21.3     8.5   330.0
SUMMERSIDE_A  1987   8  25  237     10.3    21.0    17.2  -999.9     1.6    23.4    10.3   330.0
SUMMERSIDE_A  1987   8  26  238      8.1    16.8    15.4  -999.9     0.2    14.7     9.5   330.0
SUMMERSIDE_A  1987   8  27  239      8.4    18.0    16.1  -999.9     0.0     9.2    10.2   330.0
SUMMERSIDE_A  1987   8  28  240      9.0    22.2    18.7  -999.9     0.0    11.9    10.7   330.0
SUMMERSIDE_A  1987   8  29  241     11.2    18.1    13.4  -999.9     3.6    11.7    12.9   330.0
SUMMERSIDE_A  1987   8  30  242     10.5    21.1    16.5  -999.9     0.0    12.1    13.1   330.0
SUMMERSIDE_A  1987   8  31  243     13.3    25.9    17.8  -999.9     0.0    22.1    15.6   330.0
SUMMERSIDE_A  1987   9   1  244     13.6    18.1    10.6  -999.9    11.8    23.8    15.0   330.0
SUMMERSIDE_A  1987   9   2  245     11.3    17.6    12.4  -999.9     0.2    20.0    11.9   330.0
SUMMERSIDE_A  1987   9   3  246      8.9    18.3    15.0  -999.9     0.0    19.2     9.7   330.0
SUMMERSIDE_A  1987   9   4  247      9.0    18.2    14.7  -999.9     0.0    17.1     9.4   330.0
SUMMERSIDE_A  1987   9   5  248      9.5    22.3    17.2  -999.9     0.0    16.8    11.5   330.0
SUMMERSIDE_A  1987   9   6  249     14.4    26.4    16.5  -999.9     0.0    24.7    16.4   330.0
SUMMERSIDE_A  1987   9   7  250     14.2    25.3    15.7  -999.9     0.0    21.8    17.7   330.0
SUMMERSIDE_A  1987   9   8  251     15.1    23.3    13.4  -999.9     0.0    16.9    19.2   330.0
SUMMERSIDE_A  1987   9   9  252     14.4    16.8     7.2  -999.9    52.4    18.8    17.0   330.0
SUMMERSIDE_A  1987   9  10  253     14.5    17.4     7.8  -999.9     6.0    26.6    16.6   330.0
SUMMERSIDE_A  1987   9  11  254     13.9    18.3     9.5  -999.9     0.0     9.7    14.9   330.0
SUMMERSIDE_A  1987   9  12  255     13.4    20.0    11.5  -999.9     0.0     4.7    14.7   330.0
SUMMERSIDE_A  1987   9  13  256     14.4    20.1    10.6  -999.9     1.6     9.5    15.8   330.0
SUMMERSIDE_A  1987   9  14  257     14.0    19.2    10.0  -999.9    28.4    23.7    17.1   330.0
SUMMERSIDE_A  1987   9  15  258     12.5    21.0    12.7  -999.9     0.0    15.3    14.6   330.0
SUMMERSIDE_A  1987   9  16  259     11.1    19.9    12.8  -999.9     0.0    14.5    12.6   330.0
SUMMERSIDE_A  1987   9  17  260     11.0    15.9     9.4  -999.9     3.8    14.3    12.1   330.0
SUMMERSIDE_A  1987   9  18  261     10.0    13.8     8.2  -999.9     2.8    26.2    11.7   330.0
SUMMERSIDE_A  1987   9  19  262     10.8    14.6     8.1  -999.9     0.0    22.7    11.5   330.0
SUMMERSIDE_A  1987   9  20  263     11.5    15.0     7.7  -999.9     0.2    16.4    13.0   330.0
SUMMERSIDE_A  1987   9  21  264     12.1    14.3     6.1  -999.9    21.2    19.3    12.5   330.0
SUMMERSIDE_A  1987   9  22  265     11.8    14.6     6.8  -999.9    12.4    18.1    13.7   330.0
SUMMERSIDE_A  1987   9  23  266     11.2    15.2     8.0  -999.9     0.6    12.8    13.6   330.0
SUMMERSIDE_A  1987   9  24  267      5.9    16.3    12.7  -999.9     0.0    18.0     9.0   330.0
SUMMERSIDE_A  1987   9  25  268      5.7    13.0    10.5  -999.9     0.0    14.1     7.6   330.0
SUMMERSIDE_A  1987   9  26  269      4.2    13.5    11.8  -999.9     1.6    22.6     7.8   330.0
SUMMERSIDE_A  1987   9  27  270      3.5    10.5    10.1  -999.9     0.6    22.3     6.6   330.0
SUMMERSIDE_A  1987   9  28  271      2.2    16.2    14.1  -999.9     0.0    19.4     8.0   330.0
SUMMERSIDE_A  1987   9  29  272     12.4    22.0    11.5  -999.9     0.0    23.1    15.7   330.0
SUMMERSIDE_A  1987   9  30  273     14.0    21.7    10.2  -999.9     0.0    30.3    15.8   330.0
SUMMERSIDE_A  1987  10   1  274     10.6    19.3    10.7  -999.9    35.0    18.2    15.8   330.0
SUMMERSIDE_A  1987  10   2  275      8.3    15.9     9.9  -999.9     4.0    26.1    10.2   330.0
SUMMERSIDE_A  1987  10   3  276      9.9    17.7     9.9  -999.9    27.4    20.1    13.5   330.0
SUMMERSIDE_A  1987  10   4  277     10.3    20.5    11.2  -999.9    32.2    21.6    15.6   330.0
SUMMERSIDE_A  1987  10   5  278      7.4    13.6     8.6  -999.9     0.0    28.8     9.8   330.0
SUMMERSIDE_A  1987  10   6  279      6.8    18.0    11.4  -999.9     0.0     8.4    10.9   330.0
SUMMERSIDE_A  1987  10   7  280      9.3    16.6     9.1  -999.9     0.0    15.4    11.7   330.0
SUMMERSIDE_A  1987  10   8  281      9.5    15.7     8.3  -999.9     1.6    21.0    13.5   330.0
SUMMERSIDE_A  1987  10   9  282      6.3    10.4     6.6  -999.9     0.0    24.0     7.1   330.0
SUMMERSIDE_A  1987  10  10  283      3.5    16.7    11.8  -999.9     0.0    26.3     7.8   330.0
SUMMERSIDE_A  1987  10  11  284      1.4     7.5     7.9  -999.9     0.0     8.4     5.1   330.0
SUMMERSIDE_A  1987  10  12  285      0.4     8.3     8.9  -999.9     0.0    12.8     4.9   330.0
SUMMERSIDE_A  1987  10  13  286      1.1     8.7     8.6  -999.9     0.0    12.0     5.9   330.0
SUMMERSIDE_A  1987  10  14  287      0.5    11.0     9.9  -999.9     0.0    14.8     5.9   330.0
SUMMERSIDE_A  1987  10  15  288      4.1    15.8    10.3  -999.9     0.0    23.3     7.9   330.0
SUMMERSIDE_A  1987  10  16  289      2.9     9.4     7.6  -999.9     0.0    12.0     6.8   330.0
SUMMERSIDE_A  1987  10  17  290      3.9    12.9     8.8  -999.9     0.0    15.7     6.9   330.0
SUMMERSIDE_A  1987  10  18  291      7.1    14.1     7.7  -999.9     0.6    20.6    11.0   330.0
SUMMERSIDE_A  1987  10  19  292      6.1    14.5     8.3  -999.9     0.0    10.9    10.7   330.0
SUMMERSIDE_A  1987  10  20  293      6.2    15.9     8.8  -999.9     0.0    11.4     9.9   330.0
SUMMERSIDE_A  1987  10  21  294      8.6    15.2     7.1  -999.9     0.6    17.5    11.8   330.0
SUMMERSIDE_A  1987  10  22  295      1.5    12.5     9.1  -999.9     2.8    22.1     8.6   330.0
SUMMERSIDE_A  1987  10  23  296     -0.9     6.7     7.5  -999.9     0.0    17.5     4.5   330.0
SUMMERSIDE_A  1987  10  24  297      3.4    11.8     7.7  -999.9     0.2    11.2     8.9   330.0
SUMMERSIDE_A  1987  10  25  298      3.7    16.0     9.2  -999.9     6.8    26.8    10.3   330.0
SUMMERSIDE_A  1987  10  26  299      2.4    11.0     7.6  -999.9     0.0    18.3     7.2   330.0
SUMMERSIDE_A  1987  10  27  300      0.8    10.8     8.1  -999.9     0.0    10.2     6.0   330.0
SUMMERSIDE_A  1987  10  28  301      3.4    15.2     8.7  -999.9     6.8    24.0     9.3   330.0
SUMMERSIDE_A  1987  10  29  302      5.9    16.4     8.1  -999.9    19.8    21.4    12.4   330.0
SUMMERSIDE_A  1987  10  30  303      3.4     7.9     5.2  -999.9     0.0    19.2     6.4   330.0
SUMMERSIDE_A  1987  10  31  304      1.5     9.0     6.6  -999.9     3.0    10.2     7.3   330.0
SUMMERSIDE_A  1987  11   1  305     -0.2     4.7     5.3  -999.9     0.0    17.5     4.7   330.0
SUMMERSIDE_A  1987  11   2  306     -1.7     2.6     4.9  -999.9     0.0    17.3     4.1   330.0
SUMMERSIDE_A  1987  11   3  307      0.2     7.5     6.3  -999.9     4.6    19.5     6.4   330.0
SUMMERSIDE_A  1987  11   4  308      4.7     8.7     4.6  -999.9     6.4     8.7     8.3   330.0
SUMMERSIDE_A  1987  11   5  309      4.1    13.7     7.0  -999.9     3.4    23.2    10.3   330.0
SUMMERSIDE_A  1987  11   6  310     -1.5     4.6     5.5  -999.9     0.0    27.0     4.3   330.0
SUMMERSIDE_A  1987  11   7  311     -4.6    -0.9     4.2  -999.9     0.0    34.0     2.9   330.0
SUMMERSIDE_A  1987  11   8  312     -2.9     6.3     6.6  -999.9     0.0    34.8     4.2   330.0
SUMMERSIDE_A  1987  11   9  313     -0.9     4.1     4.8  -999.9     8.8     9.8     6.2   330.0
SUMMERSIDE_A  1987  11  10  314     -2.5    -0.7     2.8  -999.9     0.0    14.8     3.9   330.0
SUMMERSIDE_A  1987  11  11  315     -1.2     2.4     3.9  -999.9     0.0    23.9     4.5   330.0
SUMMERSIDE_A  1987  11  12  316     -0.6     3.1     3.9  -999.9    31.0    53.8     6.0   330.0
SUMMERSIDE_A  1987  11  13  317     -1.3     1.4     3.3  -999.9     0.2    20.8     5.3   330.0
SUMMERSIDE_A  1987  11  14  318     -2.1     3.5     4.7  -999.9     3.6    12.6     5.9   330.0
SUMMERSIDE_A  1987  11  15  319     -4.8     2.7     5.4  -999.9     0.0    20.8     3.8   330.0
SUMMERSIDE_A  1987  11  16  320     -6.3    -2.1     4.0  -999.9     0.0    11.1     3.1   330.0
SUMMERSIDE_A  1987  11  17  321     -5.7     6.6     6.8  -999.9     0.0    19.9     5.0   330.0
SUMMERSIDE_A  1987  11  18  322      5.5    13.0     5.2  -999.9     0.2    27.5    10.7   330.0
SUMMERSIDE_A  1987  11  19  323     -0.2     8.1     5.4  -999.9     0.0    14.3     5.7   330.0
SUMMERSIDE_A  1987  11  20  324     -0.2     5.9     4.6  -999.9    22.0    18.1     7.0   330.0
SUMMERSIDE_A  1987  11  21  325     -2.6     4.6     4.9  -999.9    20.7    17.6     6.2   330.0
SUMMERSIDE_A  1987  11  22  326     -5.1    -2.1     3.1  -999.9     1.8    17.5     4.1   330.0
SUMMERSIDE_A  1987  11  23  327     -5.3    -0.1     4.1  -999.9     0.0    14.6     3.9   330.0
SUMMERSIDE_A  1987  11  24  328     -2.3     4.0     4.5  -999.9     0.0    19.4     5.9   330.0
SUMMERSIDE_A  1987  11  25  329     -0.8     3.7     3.7  -999.9     0.0    13.5     6.1   330.0
SUMMERSIDE_A  1987  11  26  330     -2.5    -0.3     2.6  -999.9     0.0    23.6     3.8   330.0
SUMMERSIDE_A  1987  11  27  331     -3.7     1.5     3.9  -999.9     0.0    15.6     4.1   330.0
SUMMERSIDE_A  1987  11  28  332     -5.2     0.9     4.2  -999.9     0.0    12.5     4.2   330.0
SUMMERSIDE_A  1987  11  29  333     -5.0     1.3     4.2  -999.9     0.0     9.2     4.5   330.0
SUMMERSIDE_A  1987  11  30  334     -0.1    11.1     5.6  -999.9     0.0    22.2     7.8   330.0
SUMMERSIDE_A  1987  12   1  335      4.0    12.2     4.8  -999.9    22.2    32.5    10.0   330.0
SUMMERSIDE_A  1987  12   2  336     -0.3     4.5     3.6  -999.9     0.0    24.0     5.5   330.0
SUMMERSIDE_A  1987  12   3  337     -3.7     0.6     3.4  -999.9     0.8    32.6     3.8   330.0
SUMMERSIDE_A  1987  12   4  338     -6.3     0.5     4.2  -999.9     0.0    15.2     3.2   330.0
SUMMERSIDE_A  1987  12   5  339     -2.3     0.2     2.6  -999.9    22.2    29.8     5.3   330.0
SUMMERSIDE_A  1987  12   6  340     -0.2     0.8     1.6  -999.9    14.8    26.0     6.0   330.0
SUMMERSIDE_A  1987  12   7  341     -3.5     0.7     3.3  -999.9     0.0    26.7     4.0   330.0
SUMMERSIDE_A  1987  12   8  342     -5.1     1.3     4.0  -999.9     0.0    17.5     3.5   330.0
SUMMERSIDE_A  1987  12   9  343     -4.6     1.5     3.9  -999.9     0.0    11.1     4.3   330.0
SUMMERSIDE_A  1987  12  10  344     -3.2     0.5     3.0  -999.9     0.0     3.0     4.9   330.0
SUMMERSIDE_A  1987  12  11  345     -0.7     1.1     2.1  -999.9    10.6    19.0     5.5   330.0
SUMMERSIDE_A  1987  12  12  346     -0.3     0.4     1.3  -999.9    17.8    45.5     5.9   330.0
SUMMERSIDE_A  1987  12  13  347     -3.1     0.2     2.8  -999.9     4.0    36.2     5.0   330.0
SUMMERSIDE_A  1987  12  14  348     -4.2    -1.4     2.6  -999.9     0.0    25.3     4.1   330.0
SUMMERSIDE_A  1987  12  15  349     -5.2    -2.2     2.7  -999.9     0.0    17.3     3.8   330.0
SUMMERSIDE_A  1987  12  16  350     -4.9    -0.2     3.3  -999.9    28.6    37.2     4.6   330.0
SUMMERSIDE_A  1987  12  17  351     -3.3    -1.1     2.3  -999.9    16.4    52.3     4.6   330.0
SUMMERSIDE_A  1987  12  18  352    -12.3    -2.9     4.7  -999.9     4.6    25.6     2.8   330.0
SUMMERSIDE_A  1987  12  19  353    -14.2    -6.9     4.1  -999.9     0.0     9.6     2.2   330.0
SUMMERSIDE_A  1987  12  20  354    -11.0    -4.0     4.0  -999.9     1.4     7.0     2.9   330.0
SUMMERSIDE_A  1987  12  21  355     -4.1     0.8     3.4  -999.9     8.0    20.0     5.0   330.0
SUMMERSIDE_A  1987  12  22  356     -8.1    -0.4     4.2  -999.9     0.0    15.3     3.7   330.0
SUMMERSIDE_A  1987  12  23  357     -7.1    -0.2     4.0  -999.9     0.2     8.1     4.0   330.0
SUMMERSIDE_A  1987  12  24  358    -10.1    -3.3     4.0  -999.9     0.0    12.2     3.0   330.0
SUMMERSIDE_A  1987  12  25  359    -12.9    -3.9     4.6  -999.9    10.8    10.2     2.7   330.0
SUMMERSIDE_A  1987  12  26  360    -13.5    -2.6     5.1  -999.9     3.4    18.3     2.8   330.0
SUMMERSIDE_A  1987  12  27  361    -15.2    -5.5     4.8  -999.9     1.2    14.8     2.2   330.0
SUMMERSIDE_A  1987  12  28  362    -15.4    -6.6     4.6  -999.9     0.6    28.7     2.0   330.0
SUMMERSIDE_A  1987  12  29  363    -17.4    -6.6     5.1  -999.9     9.4    21.8     1.9   330.0
SUMMERSIDE_A  1987  12  30  364    -10.8    -6.8     3.1  -999.9     8.4    41.6     2.8   330.0
SUMMERSIDE_A  1987  12  31  365    -10.8    -3.0     4.4  -999.9     0.0    22.9     2.6   330.0
