SUMMERSIDE  2016   1   1    1     -5.9    -0.1     3.8  -999.9     0.0    18.0     3.6   330.0
SUMMERSIDE  2016   1   2    2     -5.9     0.0     3.9  -999.9     0.0    20.4     3.6   330.0
SUMMERSIDE  2016   1   3    3     -4.7    -1.1     3.0  -999.9     3.3    13.3     4.2   330.0
SUMMERSIDE  2016   1   4    4    -12.6    -1.7     5.3  -999.9     0.9    19.3     3.1   330.0
SUMMERSIDE  2016   1   5    5    -14.7    -8.1     4.2  -999.9     0.0    18.2     1.9   330.0
SUMMERSIDE  2016   1   6    6     -9.3    -3.5     3.9  -999.9     0.0    28.2     2.5   330.0
SUMMERSIDE  2016   1   7    7     -6.9    -0.6     4.1  -999.9     0.0    13.1     3.5   330.0
SUMMERSIDE  2016   1   8    8     -9.9    -2.5     4.5  -999.9     0.0    10.4     2.9   330.0
SUMMERSIDE  2016   1   9    9     -5.0    -1.7     3.0  -999.9     0.0     9.2     3.7   330.0
SUMMERSIDE  2016   1  10   10     -2.3     5.4     4.7  -999.9     0.0    20.0     5.4   330.0
SUMMERSIDE  2016   1  11   11     -5.7     7.6     6.2  -999.9     5.8    39.3     4.9   330.0
SUMMERSIDE  2016   1  12   12     -9.6    -3.3     4.3  -999.9     0.0    19.4     2.0   330.0
SUMMERSIDE  2016   1  13   13     -7.1    -0.4     4.5  -999.9     3.8    33.8     3.8   330.0
SUMMERSIDE  2016   1  14   14    -12.1    -6.8     4.0  -999.9     0.0    32.6     2.1   330.0
SUMMERSIDE  2016   1  15   15    -13.3    -7.9     4.1  -999.9     0.0    30.5     1.8   330.0
SUMMERSIDE  2016   1  16   16    -13.9    -2.7     6.0  -999.9     0.0    18.0     2.6   330.0
SUMMERSIDE  2016   1  17   17     -6.7    -1.4     4.2  -999.9     0.0    14.3     3.6   330.0
SUMMERSIDE  2016   1  18   18    -10.5    -5.0     4.3  -999.9     0.0    10.7     2.5   330.0
SUMMERSIDE  2016   1  19   19    -12.4    -6.8     4.4  -999.9     0.2    25.0     2.1   330.0
SUMMERSIDE  2016   1  20   20     -9.5    -2.5     4.9  -999.9     0.1    31.8     2.8   330.0
SUMMERSIDE  2016   1  21   21     -8.7    -6.1     3.0  -999.9     0.0    22.9     2.3   330.0
SUMMERSIDE  2016   1  22   22    -10.1    -6.2     3.8  -999.9     0.0    19.5     2.3   330.0
SUMMERSIDE  2016   1  23   23    -11.9    -5.3     5.0  -999.9     0.0    15.8     2.5   330.0
SUMMERSIDE  2016   1  24   24     -9.5    -2.6     5.2  -999.9     0.0    21.8     2.9   330.0
SUMMERSIDE  2016   1  25   25     -9.6    -3.2     5.0  -999.9     0.0    12.3     2.9   330.0
SUMMERSIDE  2016   1  26   26     -7.3     5.5     7.2  -999.9     0.0    26.8     4.5   330.0
SUMMERSIDE  2016   1  27   27     -6.2     4.6     6.7  -999.9     0.0    21.1     4.3   330.0
SUMMERSIDE  2016   1  28   28     -7.7    -0.3     5.6  -999.9     0.0    16.1     2.9   330.0
SUMMERSIDE  2016   1  29   29     -2.1     0.2     3.2  -999.9     2.2    23.5     5.1   330.0
SUMMERSIDE  2016   1  30   30     -8.7    -2.1     5.5  -999.9     0.4    18.0     3.5   330.0
SUMMERSIDE  2016   1  31   31     -2.6     2.3     4.8  -999.9     0.9    22.2     5.3   330.0
SUMMERSIDE  2016   2   1   32      0.2     6.9     5.6  -999.9     0.0    26.5     6.5   330.0
SUMMERSIDE  2016   2   2   33     -9.7     0.3     7.0  -999.9     0.0    16.6     2.7   330.0
SUMMERSIDE  2016   2   3   34    -11.6     3.0     8.6  -999.9     5.1    14.2     3.5   330.0
SUMMERSIDE  2016   2   4   35      0.6     6.9     5.7  -999.9     3.7    20.8     7.4   330.0
SUMMERSIDE  2016   2   5   36     -6.2     1.5     6.4  -999.9     9.6    23.9     4.7   330.0
SUMMERSIDE  2016   2   6   37    -11.3    -3.5     6.5  -999.9     0.0    22.9     2.7   330.0
SUMMERSIDE  2016   2   7   38    -12.2     1.4     8.7  -999.9     0.0    27.0     2.9   330.0
SUMMERSIDE  2016   2   8   39    -11.3    -4.2     6.4  -999.9     0.0    40.1     2.7   330.0
SUMMERSIDE  2016   2   9   40     -4.9    -3.1     3.3  -999.9     1.7    33.9     4.0   330.0
SUMMERSIDE  2016   2  10   41    -11.1    -4.0     6.6  -999.9     0.0    16.2     2.9   330.0
SUMMERSIDE  2016   2  11   42    -14.9    -3.8     8.4  -999.9     1.9     8.5     2.7   330.0
SUMMERSIDE  2016   2  12   43    -18.2    -8.6     7.9  -999.9     0.2    18.7     1.5   330.0
SUMMERSIDE  2016   2  13   44    -20.5    -8.4     9.0  -999.9     0.0    16.0     1.5   330.0
SUMMERSIDE  2016   2  14   45    -18.8   -12.8     6.4  -999.9     0.2    24.2     1.1   330.0
SUMMERSIDE  2016   2  15   46    -19.6    -9.0     8.6  -999.9     0.0    24.2     1.2   330.0
SUMMERSIDE  2016   2  16   47     -9.0     8.8    11.4  -999.9     2.7    32.5     5.0   330.0
SUMMERSIDE  2016   2  17   48     -2.0     8.6     8.9  -999.9     3.9    19.5     6.5   330.0
SUMMERSIDE  2016   2  18   49     -4.9    -0.9     5.5  -999.9     0.0    16.3     3.9   330.0
SUMMERSIDE  2016   2  19   50     -7.9    -1.5     7.1  -999.9     0.0    12.5     2.9   330.0
SUMMERSIDE  2016   2  20   51     -6.0     3.1     8.6  -999.9     1.5    24.5     4.3   330.0
SUMMERSIDE  2016   2  21   52      0.3     4.1     5.6  -999.9     2.8    17.0     6.6   330.0
SUMMERSIDE  2016   2  22   53    -10.5     0.3     9.6  -999.9     0.0    18.6     2.8   330.0
SUMMERSIDE  2016   2  23   54    -12.2    -6.1     7.3  -999.9     0.2    10.1     2.0   330.0
SUMMERSIDE  2016   2  24   55     -7.9     4.7    10.7  -999.9     8.6    13.8     4.5   330.0
SUMMERSIDE  2016   2  25   56      4.4    12.7     8.8  -999.9     9.2    28.8    10.2   330.0
SUMMERSIDE  2016   2  26   57     -6.0     5.5    10.5  -999.9     0.3    31.2     4.4   330.0
SUMMERSIDE  2016   2  27   58     -9.8    -2.1     8.7  -999.9     0.0    24.8     2.3   330.0
SUMMERSIDE  2016   2  28   59     -5.7     2.3     9.0  -999.9     0.0    23.1     3.3   330.0
SUMMERSIDE  2016   2  29   60     -6.2    11.0    13.4  -999.9     1.6    20.8     5.6   330.0
SUMMERSIDE  2016   3   1   61     -7.3     3.1    10.5  -999.9     0.2    23.0     3.4   330.0
SUMMERSIDE  2016   3   2   62     -7.1     7.7    12.8  -999.9    10.6    27.4     4.7   330.0
SUMMERSIDE  2016   3   3   63    -14.4    -4.4    10.6  -999.9     0.2    32.6     1.9   330.0
SUMMERSIDE  2016   3   4   64    -14.8    -5.4    10.4  -999.9     0.0    17.2     1.6   330.0
SUMMERSIDE  2016   3   5   65     -9.8    -4.7     7.8  -999.9     0.0    31.7     2.6   330.0
SUMMERSIDE  2016   3   6   66    -10.1    -2.3     9.8  -999.9     0.0    13.3     2.7   330.0
SUMMERSIDE  2016   3   7   67     -6.8     3.9    11.6  -999.9     0.0    20.7     4.2   330.0
SUMMERSIDE  2016   3   8   68     -5.4     1.7     9.5  -999.9     0.0    19.2     3.6   330.0
SUMMERSIDE  2016   3   9   69     -5.7     4.0    11.3  -999.9    11.7    17.2     4.7   330.0
SUMMERSIDE  2016   3  10   70     -3.0     3.6     9.4  -999.9     0.7    18.2     5.4   330.0
SUMMERSIDE  2016   3  11   71     -3.1    -0.7     5.8  -999.9     0.0    13.3     4.2   330.0
SUMMERSIDE  2016   3  12   72     -3.9     2.6     9.6  -999.9     0.0    19.1     4.3   330.0
SUMMERSIDE  2016   3  13   73     -3.7     3.7    10.4  -999.9     1.4    33.1     4.2   330.0
SUMMERSIDE  2016   3  14   74     -5.6    -2.7     6.6  -999.9     0.0    20.5     3.0   330.0
SUMMERSIDE  2016   3  15   75     -5.6     2.3    11.0  -999.9     0.3    19.4     4.0   330.0
SUMMERSIDE  2016   3  16   76     -1.4     5.9    10.7  -999.9     5.0    10.8     6.6   330.0
SUMMERSIDE  2016   3  17   77     -4.0    -1.1     6.8  -999.9     2.8    17.7     4.2   330.0
SUMMERSIDE  2016   3  18   78    -11.3    -2.9    11.7  -999.9     3.3    21.1     3.2   330.0
SUMMERSIDE  2016   3  19   79    -11.2    -6.0     9.3  -999.9     0.2    16.2     2.4   330.0
SUMMERSIDE  2016   3  20   80    -10.5    -3.0    11.3  -999.9     0.0    15.9     2.2   330.0
SUMMERSIDE  2016   3  21   81     -7.5    -2.5     9.3  -999.9     9.0    22.2     3.7   330.0
SUMMERSIDE  2016   3  22   82     -8.3    -2.4    10.3  -999.9     0.0    32.8     2.6   330.0
SUMMERSIDE  2016   3  23   83     -8.8    -0.7    12.2  -999.9     0.3    17.0     2.7   330.0
SUMMERSIDE  2016   3  24   84    -10.6    -2.9    12.0  -999.9     0.2    18.2     1.9   330.0
SUMMERSIDE  2016   3  25   85     -4.6    -1.0     8.3  -999.9     1.4     9.7     4.2   330.0
SUMMERSIDE  2016   3  26   86     -9.4    -1.9    12.1  -999.9     4.5     3.9     3.4   330.0
SUMMERSIDE  2016   3  27   87     -9.8     1.9    15.2  -999.9     0.8     7.8     3.7   330.0
SUMMERSIDE  2016   3  28   88     -2.0     4.8    11.7  -999.9    21.6    17.5     5.6   330.0
SUMMERSIDE  2016   3  29   89     -3.1     2.5    10.8  -999.9     7.8    38.9     5.4   330.0
SUMMERSIDE  2016   3  30   90     -4.7     4.7    14.1  -999.9     0.0    20.2     4.1   330.0
SUMMERSIDE  2016   3  31   91      1.6     9.0    12.6  -999.9     1.2    23.4     7.5   330.0
SUMMERSIDE  2016   4   1   92      7.2    13.8    12.0  -999.9     4.2    35.8    11.4   330.0
SUMMERSIDE  2016   4   2   93      1.9     8.4    12.1  -999.9     8.4    14.0     7.5   330.0
SUMMERSIDE  2016   4   3   94     -8.3     6.0    18.0  -999.9     1.2    21.5     4.4   330.0
SUMMERSIDE  2016   4   4   95    -10.4    -2.0    14.0  -999.9     0.0    28.4     1.8   330.0
SUMMERSIDE  2016   4   5   96     -8.8    -4.8     9.7  -999.9     0.0    15.0     2.2   330.0
SUMMERSIDE  2016   4   6   97     -9.0     0.3    15.0  -999.9     0.0    23.1     2.3   330.0
SUMMERSIDE  2016   4   7   98     -2.2    11.9    18.6  -999.9     0.0    32.7     6.6   330.0
SUMMERSIDE  2016   4   8   99      6.4    11.0    10.7  -999.9     9.1    36.3     9.6   330.0
SUMMERSIDE  2016   4   9  100      1.6     9.0    13.7  -999.9     0.0    17.9     7.0   330.0
SUMMERSIDE  2016   4  10  101     -3.2     3.4    13.0  -999.9     1.2    27.7     3.8   330.0
SUMMERSIDE  2016   4  11  102     -4.5     6.6    17.0  -999.9     4.2    19.5     3.7   330.0
SUMMERSIDE  2016   4  12  103      5.3    12.3    13.6  -999.9     5.0    36.2     9.9   330.0
SUMMERSIDE  2016   4  13  104     -1.2     9.2    16.8  -999.9     2.4    17.8     6.3   330.0
SUMMERSIDE  2016   4  14  105     -2.2     6.0    15.0  -999.9     0.2    18.8     5.1   330.0
SUMMERSIDE  2016   4  15  106     -0.7     3.7    11.1  -999.9     0.0    35.2     5.5   330.0
SUMMERSIDE  2016   4  16  107     -2.5     0.9     9.8  -999.9     0.0    30.0     5.1   330.0
SUMMERSIDE  2016   4  17  108     -3.2    12.5    21.2  -999.9     0.0    13.8     6.4   330.0
SUMMERSIDE  2016   4  18  109     -4.3     6.3    17.6  -999.9     0.0    22.1     4.5   330.0
SUMMERSIDE  2016   4  19  110     -4.2     4.9    16.4  -999.9     0.0    12.3     4.6   330.0
SUMMERSIDE  2016   4  20  111     -1.3     5.6    14.4  -999.9     0.0    19.5     4.9   330.0
SUMMERSIDE  2016   4  21  112     -0.7    17.0    23.2  -999.9     0.0    17.8     6.2   330.0
SUMMERSIDE  2016   4  22  113     -1.1    13.3    21.1  -999.9     0.0     8.5     6.3   330.0
SUMMERSIDE  2016   4  23  114      2.9    12.7    17.5  -999.9     8.6     9.5     8.6   330.0
SUMMERSIDE  2016   4  24  115     -1.6     6.8    16.3  -999.9     0.2    20.2     4.9   330.0
SUMMERSIDE  2016   4  25  116     -2.5     6.1    16.6  -999.9     0.0    15.9     3.7   330.0
SUMMERSIDE  2016   4  26  117     -3.2     6.6    17.8  -999.9     0.0    10.7     4.1   330.0
SUMMERSIDE  2016   4  27  118     -3.9     9.9    21.3  -999.9     0.0    15.0     5.2   330.0
SUMMERSIDE  2016   4  28  119     -3.0     3.3    14.5  -999.9     0.5    20.1     3.7   330.0
SUMMERSIDE  2016   4  29  120     -2.5    10.1    20.6  -999.9     0.0    15.3     3.8   330.0
SUMMERSIDE  2016   4  30  121     -1.6    11.7    21.3  -999.9     0.0    11.7     4.4   330.0
SUMMERSIDE  2016   5   1  122     -1.7    12.4    22.0  -999.9     0.0    11.1     5.1   330.0
SUMMERSIDE  2016   5   2  123      5.0    14.6    18.3  -999.9     0.0    10.9     6.5   330.0
SUMMERSIDE  2016   5   3  124      2.3     6.6    12.3  -999.9     4.2    23.8     7.5   330.0
SUMMERSIDE  2016   5   4  125      2.0     7.0    13.3  -999.9     0.0    17.5     7.5   330.0
SUMMERSIDE  2016   5   5  126      2.7     4.5     8.0  -999.9    12.1    24.2     7.4   330.0
SUMMERSIDE  2016   5   6  127      1.1     5.0    11.9  -999.9    10.4    27.5     7.2   330.0
SUMMERSIDE  2016   5   7  128      0.2    12.0    20.8  -999.9     0.2    11.9     8.1   330.0
SUMMERSIDE  2016   5   8  129      7.4    19.1    20.8  -999.9     0.0    17.1    12.8   330.0
SUMMERSIDE  2016   5   9  130      3.1     9.4    15.3  -999.9     0.5    39.2     6.6   330.0
SUMMERSIDE  2016   5  10  131      4.0    12.6    18.0  -999.9     0.2    21.3     7.5   330.0
SUMMERSIDE  2016   5  11  132      3.9    10.0    15.2  -999.9     0.0    12.7     6.2   330.0
SUMMERSIDE  2016   5  12  133     -1.0    12.6    22.8  -999.9     0.0    15.5     5.7   330.0
SUMMERSIDE  2016   5  13  134     -1.0    17.4    26.7  -999.9     0.0    12.4     6.1   330.0
SUMMERSIDE  2016   5  14  135      4.3    15.1    20.5  -999.9     6.1    19.3     9.8   330.0
SUMMERSIDE  2016   5  15  136      4.6    15.0    20.2  -999.9     5.5    14.9    11.2   330.0
SUMMERSIDE  2016   5  16  137      3.6     7.5    12.4  -999.9     0.8    35.3     7.3   330.0
SUMMERSIDE  2016   5  17  138      5.5    12.1    16.2  -999.9     0.7    18.9     8.6   330.0
SUMMERSIDE  2016   5  18  139      6.5    17.3    20.8  -999.9     0.0    14.5     9.1   330.0
SUMMERSIDE  2016   5  19  140      6.0    20.5    24.2  -999.9     0.0    13.9     8.9   330.0
SUMMERSIDE  2016   5  20  141      9.7    20.7    21.2  -999.9     0.0    19.0    11.0   330.0
SUMMERSIDE  2016   5  21  142      9.6    27.0    26.7  -999.9     0.0    18.5    11.0   330.0
SUMMERSIDE  2016   5  22  143     10.8    21.1    20.6  -999.9     0.0    20.8    11.0   330.0
SUMMERSIDE  2016   5  23  144      9.0    17.1    18.3  -999.9     0.0    20.2    11.9   330.0
SUMMERSIDE  2016   5  24  145     10.3    22.3    22.4  -999.9     0.0    12.0    14.9   330.0
SUMMERSIDE  2016   5  25  146     12.1    24.2    22.5  -999.9     0.0    17.7    16.7   330.0
SUMMERSIDE  2016   5  26  147      5.4    13.8    18.8  -999.9     1.9    24.8    10.8   330.0
SUMMERSIDE  2016   5  27  148      5.6    12.0    16.5  -999.9    14.0    15.8     9.7   330.0
SUMMERSIDE  2016   5  28  149      4.1    13.3    19.8  -999.9     0.0    23.0    10.0   330.0
SUMMERSIDE  2016   5  29  150      4.2    15.8    22.3  -999.9     0.0    10.4     9.1   330.0
SUMMERSIDE  2016   5  30  151      9.9    16.5    16.9  -999.9     5.7    23.0    13.3   330.0
SUMMERSIDE  2016   5  31  152     10.7    24.7    24.6  -999.9     0.6    19.2    16.7   330.0
SUMMERSIDE  2016   6   1  153      3.3    10.9    18.2  -999.9     0.3    21.1     7.8   330.0
SUMMERSIDE  2016   6   2  154      1.7    17.8    26.5  -999.9     0.0    12.7     7.8   330.0
SUMMERSIDE  2016   6   3  155      8.7    19.1    21.3  -999.9     0.0    21.3    12.2   330.0
SUMMERSIDE  2016   6   4  156     10.6    16.5    16.1  -999.9     0.0    14.0    12.7   330.0
SUMMERSIDE  2016   6   5  157      9.4    14.2    14.5  -999.9     0.0    14.0    12.4   330.0
SUMMERSIDE  2016   6   6  158     11.0    15.1    13.4  -999.9     6.0    22.8    13.6   330.0
SUMMERSIDE  2016   6   7  159     12.5    23.1    21.7  -999.9     0.0    17.0    17.7   330.0
SUMMERSIDE  2016   6   8  160     11.4    19.6    19.1  -999.9     4.5    21.5    15.5   330.0
SUMMERSIDE  2016   6   9  161      7.0    11.9    14.8  -999.9    12.1    26.0    10.7   330.0
SUMMERSIDE  2016   6  10  162      6.9    13.0    16.5  -999.9     1.2    24.1    10.7   330.0
SUMMERSIDE  2016   6  11  163      9.2    21.1    23.0  -999.9     0.4    15.8    13.3   330.0
SUMMERSIDE  2016   6  12  164     11.7    17.3    15.8  -999.9     2.5    18.7    14.2   330.0
SUMMERSIDE  2016   6  13  165     10.0    16.1    16.5  -999.9     7.5    10.3    14.4   330.0
SUMMERSIDE  2016   6  14  166      8.0    11.0    11.6  -999.9    11.4    17.1    11.7   330.0
SUMMERSIDE  2016   6  15  167      8.6    10.7     9.7  -999.9     1.5    17.1    11.3   330.0
SUMMERSIDE  2016   6  16  168      6.1    11.3    15.3  -999.9     0.0    16.7     9.5   330.0
SUMMERSIDE  2016   6  17  169      6.7    15.8    20.2  -999.9     0.0    14.9     9.8   330.0
SUMMERSIDE  2016   6  18  170      6.4    24.6    28.6  -999.9     0.0    15.0    10.5   330.0
SUMMERSIDE  2016   6  19  171     12.7    23.4    21.9  -999.9     0.0    30.3    11.1   330.0
SUMMERSIDE  2016   6  20  172     12.0    23.6    22.8  -999.9     0.0    35.2    11.5   330.0
SUMMERSIDE  2016   6  21  173     11.9    22.8    22.1  -999.9     0.0    26.9    14.0   330.0
SUMMERSIDE  2016   6  22  174     12.2    21.7    20.6  -999.9     0.0    14.4    14.3   330.0
SUMMERSIDE  2016   6  23  175     12.7    22.5    21.0  -999.9     1.5    14.5    16.4   330.0
SUMMERSIDE  2016   6  24  176     10.7    21.0    21.5  -999.9     0.2    12.0    12.6   330.0
SUMMERSIDE  2016   6  25  177     10.6    25.4    25.7  -999.9     0.0    17.8    13.0   330.0
SUMMERSIDE  2016   6  26  178     13.5    26.4    24.0  -999.9     0.0    17.1    13.5   330.0
SUMMERSIDE  2016   6  27  179     14.8    26.4    22.8  -999.9     0.0    25.5    16.3   330.0
SUMMERSIDE  2016   6  28  180     14.7    26.2    22.6  -999.9     0.0    30.5    17.4   330.0
SUMMERSIDE  2016   6  29  181     18.9    24.4    15.6  -999.9     7.6    20.8    22.7   330.0
SUMMERSIDE  2016   6  30  182     15.1    25.0    21.0  -999.9     2.4    16.7    19.8   330.0
SUMMERSIDE  2016   7   1  183     14.3    27.3    24.0  -999.9     0.0    12.7    17.9   330.0
SUMMERSIDE  2016   7   2  184     14.9    22.4    18.2  -999.9     0.3    21.0    17.4   330.0
SUMMERSIDE  2016   7   3  185     13.1    20.3    17.8  -999.9     0.0    19.7    13.3   330.0
SUMMERSIDE  2016   7   4  186     12.0    25.8    24.6  -999.9     0.0    16.5    13.8   330.0
SUMMERSIDE  2016   7   5  187     15.5    26.4    21.8  -999.9    23.0    13.8    19.5   330.0
SUMMERSIDE  2016   7   6  188     11.1    17.6    16.8  -999.9     0.2    16.7    14.5   330.0
SUMMERSIDE  2016   7   7  189     10.9    15.8    14.6  -999.9    16.7    10.9    12.8   330.0
SUMMERSIDE  2016   7   8  190     10.2    16.6    16.6  -999.9     0.6    16.2    13.2   330.0
SUMMERSIDE  2016   7   9  191     12.6    15.6    11.4  -999.9     0.0    11.5    13.2   330.0
SUMMERSIDE  2016   7  10  192     12.2    16.2    13.1  -999.9     6.1    10.4    14.6   330.0
SUMMERSIDE  2016   7  11  193      9.0    20.1    21.8  -999.9     0.0    18.9    12.9   330.0
SUMMERSIDE  2016   7  12  194      8.1    25.7    27.3  -999.9     0.2     8.2    15.7   330.0
SUMMERSIDE  2016   7  13  195      9.5    24.0    24.7  -999.9     0.0    12.5    13.8   330.0
SUMMERSIDE  2016   7  14  196     16.6    25.4    19.2  -999.9     0.0    34.3    18.9   330.0
SUMMERSIDE  2016   7  15  197     17.9    25.6    17.9  -999.9     0.0    25.5    22.0   330.0
SUMMERSIDE  2016   7  16  198     12.6    22.0    19.8  -999.9     0.3    12.6    16.3   330.0
SUMMERSIDE  2016   7  17  199     11.6    22.8    21.5  -999.9     5.4     7.4    16.9   330.0
SUMMERSIDE  2016   7  18  200     17.2    25.6    18.6  -999.9     0.0    19.1    21.8   330.0
SUMMERSIDE  2016   7  19  201     11.1    23.1    22.1  -999.9     0.0    19.9    13.8   330.0
SUMMERSIDE  2016   7  20  202     11.5    22.2    20.8  -999.9     0.0    15.3    13.9   330.0
SUMMERSIDE  2016   7  21  203     12.9    27.3    24.1  -999.9     0.0    15.4    17.2   330.0
SUMMERSIDE  2016   7  22  204     17.4    25.2    17.6  -999.9     0.3    29.8    20.0   330.0
SUMMERSIDE  2016   7  23  205     14.8    27.7    22.6  -999.9     0.8    17.9    20.9   330.0
SUMMERSIDE  2016   7  24  206     14.7    25.3    20.4  -999.9     0.0     6.6    20.2   330.0
SUMMERSIDE  2016   7  25  207     14.7    26.6    21.6  -999.9     0.0     8.3    20.3   330.0
SUMMERSIDE  2016   7  26  208     16.2    24.6    18.0  -999.9     0.4    12.6    20.7   330.0
SUMMERSIDE  2016   7  27  209     15.4    26.4    20.6  -999.9     0.0     8.2    20.8   330.0
SUMMERSIDE  2016   7  28  210     18.3    28.9    20.1  -999.9     6.0    15.2    23.7   330.0
SUMMERSIDE  2016   7  29  211     17.0    23.8    16.0  -999.9     0.0     9.8    21.4   330.0
SUMMERSIDE  2016   7  30  212     16.2    26.2    19.3  -999.9     0.0     8.6    19.4   330.0
SUMMERSIDE  2016   7  31  213     12.6    26.2    22.5  -999.9     0.0    10.7    16.1   330.0
SUMMERSIDE  2016   8   1  214     10.9    25.7    23.3  -999.9     0.0     8.5    15.4   330.0
SUMMERSIDE  2016   8   2  215     11.1    24.3    21.9  -999.9     0.0    10.9    14.8   330.0
SUMMERSIDE  2016   8   3  216     10.8    24.7    22.4  -999.9     0.0    11.7    14.3   330.0
SUMMERSIDE  2016   8   4  217     16.6    25.3    17.6  -999.9     1.0    23.0    19.1   330.0
SUMMERSIDE  2016   8   5  218     16.2    26.7    19.3  -999.9     0.0    23.0    18.8   330.0
SUMMERSIDE  2016   8   6  219     17.7    27.2    18.2  -999.9     0.0    29.5    21.2   330.0
SUMMERSIDE  2016   8   7  220     16.0    26.0    18.6  -999.9     0.0    13.4    18.1   330.0
SUMMERSIDE  2016   8   8  221     11.2    24.4    21.2  -999.9     0.0    16.6    13.5   330.0
SUMMERSIDE  2016   8   9  222     11.4    23.3    20.1  -999.9     0.0    11.5    13.6   330.0
SUMMERSIDE  2016   8  10  223     14.0    28.4    21.9  -999.9     0.0    17.7    18.0   330.0
SUMMERSIDE  2016   8  11  224     18.8    25.1    14.4  -999.9     5.3    18.4    23.5   330.0
SUMMERSIDE  2016   8  12  225     12.8    21.4    16.7  -999.9     2.5     8.3    18.0   330.0
SUMMERSIDE  2016   8  13  226      8.8    22.4    20.9  -999.9     0.2     9.5    13.1   330.0
SUMMERSIDE  2016   8  14  227     14.7    17.3     9.1  -999.9    13.6    13.6    16.7   330.0
SUMMERSIDE  2016   8  15  228     11.6    21.2    17.4  -999.9     0.0    10.0    15.7   330.0
SUMMERSIDE  2016   8  16  229     10.2    25.4    21.7  -999.9     0.4    12.2    16.3   330.0
SUMMERSIDE  2016   8  17  230     15.0    18.0     9.6  -999.9    29.7    17.8    17.5   330.0
SUMMERSIDE  2016   8  18  231     15.3    26.3    18.2  -999.9     0.0    11.4    20.7   330.0
SUMMERSIDE  2016   8  19  232     14.4    23.5    16.5  -999.9     0.0    14.9    18.1   330.0
SUMMERSIDE  2016   8  20  233     12.8    22.1    16.5  -999.9     0.0     7.2    15.9   330.0
SUMMERSIDE  2016   8  21  234     17.2    25.7    15.7  -999.9     0.0    20.3    19.3   330.0
SUMMERSIDE  2016   8  22  235     15.7    26.4    17.5  -999.9     5.1    22.9    20.7   330.0
SUMMERSIDE  2016   8  23  236     14.7    24.6    16.7  -999.9     0.0    23.5    15.3   330.0
SUMMERSIDE  2016   8  24  237     17.4    26.8    16.1  -999.9     0.0    17.6    19.2   330.0
SUMMERSIDE  2016   8  25  238     17.5    25.0    14.3  -999.9     0.0    28.9    20.6   330.0
SUMMERSIDE  2016   8  26  239     18.7    22.9    10.6  -999.9     0.9    24.4    21.9   330.0
SUMMERSIDE  2016   8  27  240      9.1    20.9    17.7  -999.9     0.0    16.5    14.7   330.0
SUMMERSIDE  2016   8  28  241      8.2    21.6    18.7  -999.9     0.0     7.9    12.4   330.0
SUMMERSIDE  2016   8  29  242     13.9    23.3    15.5  -999.9    15.5    22.0    18.3   330.0
SUMMERSIDE  2016   8  30  243     12.2    19.3    13.4  -999.9     0.0    12.4    13.2   330.0
SUMMERSIDE  2016   8  31  244     13.1    24.0    16.4  -999.9     8.6    15.6    18.3   330.0
SUMMERSIDE  2016   9   1  245     16.0    21.9    12.0  -999.9     7.8    11.2    20.0   330.0
SUMMERSIDE  2016   9   2  246     11.7    18.3    12.6  -999.9     0.2    23.8    14.0   330.0
SUMMERSIDE  2016   9   3  247      8.0    19.6    16.5  -999.9     0.0     9.7    12.4   330.0
SUMMERSIDE  2016   9   4  248      7.9    20.7    17.2  -999.9     0.0    12.6    12.0   330.0
SUMMERSIDE  2016   9   5  249     13.8    22.9    14.4  -999.9     0.0    18.8    16.0   330.0
SUMMERSIDE  2016   9   6  250     14.9    27.2    16.5  -999.9     0.0    11.0    21.4   330.0
SUMMERSIDE  2016   9   7  251     19.1    26.7    12.9  -999.9     0.0    23.1    23.2   330.0
SUMMERSIDE  2016   9   8  252     18.5    25.1    11.9  -999.9     0.0    16.4    23.0   330.0
SUMMERSIDE  2016   9   9  253     16.1    27.3    15.3  -999.9     0.0    19.4    21.7   330.0
SUMMERSIDE  2016   9  10  254     13.7    22.4    13.4  -999.9     0.0    13.2    17.1   330.0
SUMMERSIDE  2016   9  11  255     13.1    26.1    16.2  -999.9     0.9    30.2    18.6   330.0
SUMMERSIDE  2016   9  12  256     11.5    21.5    14.1  -999.9     0.0    24.1    11.1   330.0
SUMMERSIDE  2016   9  13  257     14.2    24.7    14.3  -999.9     0.0    22.5    15.9   330.0
SUMMERSIDE  2016   9  14  258     10.7    21.9    14.6  -999.9     9.8    27.3    16.1   330.0
SUMMERSIDE  2016   9  15  259      6.0    16.0    13.6  -999.9     0.0    17.9     9.9   330.0
SUMMERSIDE  2016   9  16  260      8.1    19.9    14.7  -999.9     0.0    16.5    11.7   330.0
SUMMERSIDE  2016   9  17  261     13.2    21.3    12.0  -999.9     0.0    27.9    14.7   330.0
SUMMERSIDE  2016   9  18  262     15.6    18.8     7.5  -999.9     5.6    24.8    17.8   330.0
SUMMERSIDE  2016   9  19  263     16.3    18.7     6.4  -999.9     3.1     9.8    19.3   330.0
SUMMERSIDE  2016   9  20  264     15.2    20.3     9.2  -999.9     0.0     9.8    19.2   330.0
SUMMERSIDE  2016   9  21  265     13.6    24.0    13.0  -999.9     0.0    16.0    15.9   330.0
SUMMERSIDE  2016   9  22  266     11.1    18.9    11.2  -999.9     0.0    13.8    12.2   330.0
SUMMERSIDE  2016   9  23  267      4.9    13.0    11.2  -999.9    16.6    11.9    10.7   330.0
SUMMERSIDE  2016   9  24  268      5.1    14.3    11.8  -999.9     0.0    12.7     9.4   330.0
SUMMERSIDE  2016   9  25  269      5.6    12.8    10.3  -999.9     1.6    19.5     8.9   330.0
SUMMERSIDE  2016   9  26  270      5.5    13.8    11.0  -999.9     0.0    15.5     9.0   330.0
SUMMERSIDE  2016   9  27  271      8.2    12.4     7.7  -999.9     0.0    18.2    10.1   330.0
SUMMERSIDE  2016   9  28  272      9.9    14.4     7.9  -999.9     2.1    22.7    11.0   330.0
SUMMERSIDE  2016   9  29  273      4.0    12.9    11.0  -999.9     0.8    22.1     9.3   330.0
SUMMERSIDE  2016   9  30  274      2.3    17.5    14.2  -999.9     0.2     6.2     9.8   330.0
SUMMERSIDE  2016  10   1  275      7.1    18.4    12.1  -999.9     0.0     8.0    12.0   330.0
SUMMERSIDE  2016  10   2  276      9.0    16.6     9.8  -999.9     0.0    10.5    12.5   330.0
SUMMERSIDE  2016  10   3  277      0.5    12.9    12.3  -999.9     0.0    24.0     7.5   330.0
SUMMERSIDE  2016  10   4  278      0.7    13.7    12.4  -999.9     0.0    10.0     7.7   330.0
SUMMERSIDE  2016  10   5  279      6.0    19.5    12.5  -999.9     0.0    15.2    11.8   330.0
SUMMERSIDE  2016  10   6  280      7.6    20.7    12.2  -999.9     0.0    10.3    13.2   330.0
SUMMERSIDE  2016  10   7  281      9.7    22.3    11.8  -999.9     0.0    11.7    14.4   330.0
SUMMERSIDE  2016  10   8  282      9.8    22.0    11.4  -999.9     0.0    19.0    14.2   330.0
SUMMERSIDE  2016  10   9  283      9.6    17.0     8.8  -999.9     8.2    18.0    13.3   330.0
SUMMERSIDE  2016  10  10  284      7.0     9.8     5.3  -999.9    29.9    49.8    10.1   330.0
SUMMERSIDE  2016  10  11  285      5.3    10.9     7.4  -999.9     0.0    20.7     8.0   330.0
SUMMERSIDE  2016  10  12  286      7.3    17.1     9.7  -999.9     0.0    16.7    11.4   330.0
SUMMERSIDE  2016  10  13  287      9.9    18.4     8.9  -999.9     0.0    21.9    13.1   330.0
SUMMERSIDE  2016  10  14  288      5.7    14.2     8.8  -999.9     1.1    21.8     9.2   330.0
SUMMERSIDE  2016  10  15  289      0.2    10.2     9.4  -999.9     0.0    14.8     6.0   330.0
SUMMERSIDE  2016  10  16  290      2.0    15.1    10.6  -999.9     4.3    23.2     8.5   330.0
SUMMERSIDE  2016  10  17  291      5.8    16.2     9.4  -999.9     0.0    15.1    11.0   330.0
SUMMERSIDE  2016  10  18  292      4.6    14.0     8.8  -999.9     0.0    15.7     9.8   330.0
SUMMERSIDE  2016  10  19  293      8.6    20.7     9.8  -999.9     1.7    26.2    12.6   330.0
SUMMERSIDE  2016  10  20  294      6.6    12.3     6.6  -999.9     0.0    12.4     8.7   330.0
SUMMERSIDE  2016  10  21  295      9.0    16.2     7.4  -999.9     1.6    21.4    12.7   330.0
SUMMERSIDE  2016  10  22  296     14.7    20.4     6.5  -999.9    23.8    21.7    19.0   330.0
SUMMERSIDE  2016  10  23  297      5.6    14.8     8.1  -999.9     0.0    37.6     9.1   330.0
SUMMERSIDE  2016  10  24  298      4.1    10.3     6.5  -999.9     0.0    30.9     6.4   330.0
SUMMERSIDE  2016  10  25  299      1.0     5.7     5.6  -999.9     0.7    14.5     6.6   330.0
SUMMERSIDE  2016  10  26  300      4.4     7.5     4.5  -999.9     9.3    29.3     8.4   330.0
SUMMERSIDE  2016  10  27  301     -0.1     6.5     6.5  -999.9     0.2    17.9     6.1   330.0
SUMMERSIDE  2016  10  28  302     -0.9     7.0     7.0  -999.9     3.5    12.4     6.3   330.0
SUMMERSIDE  2016  10  29  303      6.6    10.4     4.8  -999.9    13.5    19.0    10.8   330.0
SUMMERSIDE  2016  10  30  304      5.9     9.0     4.3  -999.9     4.2    15.2     9.8   330.0
SUMMERSIDE  2016  10  31  305      5.6     8.3     3.9  -999.9     1.6    10.8     9.4   330.0
SUMMERSIDE  2016  11   1  306      3.5     7.2     4.5  -999.9     0.2    19.0     7.9   330.0
SUMMERSIDE  2016  11   2  307      3.4     9.1     5.5  -999.9     0.0     7.8     8.4   330.0
SUMMERSIDE  2016  11   3  308      6.1     8.5     3.5  -999.9     1.1     8.4     9.1   330.0
SUMMERSIDE  2016  11   4  309      1.3     7.0     5.4  -999.9     4.5    13.5     7.8   330.0
SUMMERSIDE  2016  11   5  310      0.3     4.3     4.4  -999.9     0.0    11.6     5.5   330.0
SUMMERSIDE  2016  11   6  311      2.1     6.1     4.4  -999.9     1.5    17.0     6.8   330.0
SUMMERSIDE  2016  11   7  312      0.1     6.5     5.5  -999.9     0.0    11.7     5.6   330.0
SUMMERSIDE  2016  11   8  313      1.2    10.9     6.6  -999.9     0.0    15.5     7.4   330.0
SUMMERSIDE  2016  11   9  314      1.6    13.0     7.1  -999.9     1.0    12.5     8.8   330.0
SUMMERSIDE  2016  11  10  315      1.7     5.9     4.3  -999.9     0.0    17.1     6.1   330.0
SUMMERSIDE  2016  11  11  316      2.7     8.8     5.1  -999.9     2.6    25.6     8.0   330.0
SUMMERSIDE  2016  11  12  317     -0.7     5.6     5.1  -999.9     0.3    28.4     5.2   330.0
SUMMERSIDE  2016  11  13  318      3.1     9.5     5.1  -999.9     0.0    23.4     6.5   330.0
SUMMERSIDE  2016  11  14  319      0.0    12.9     7.1  -999.9     0.0    16.2     7.8   330.0
SUMMERSIDE  2016  11  15  320     -0.9     9.6     6.3  -999.9     0.0     6.6     7.9   330.0
SUMMERSIDE  2016  11  16  321      6.3    14.1     5.4  -999.9    10.7    15.5    11.9   330.0
SUMMERSIDE  2016  11  17  322      6.7    11.6     4.2  -999.9     0.0    15.0    11.1   330.0
SUMMERSIDE  2016  11  18  323      5.4     6.9     2.3  -999.9     0.0    25.0     8.9   330.0
SUMMERSIDE  2016  11  19  324      5.1     8.4     3.4  -999.9     2.8    26.9     9.5   330.0
SUMMERSIDE  2016  11  20  325      6.9    14.3     5.0  -999.9     1.0    14.5    12.2   330.0
SUMMERSIDE  2016  11  21  326      4.0    11.2     4.9  -999.9     0.2    17.8     8.7   330.0
SUMMERSIDE  2016  11  22  327      0.6     4.4     3.5  -999.9     4.2    24.0     6.0   330.0
SUMMERSIDE  2016  11  23  328      0.9     5.2     3.7  -999.9     6.4    20.2     7.2   330.0
SUMMERSIDE  2016  11  24  329      0.2     2.9     2.9  -999.9     0.8    17.6     5.9   330.0
SUMMERSIDE  2016  11  25  330      0.2     3.9     3.3  -999.9     0.2     6.4     5.9   330.0
SUMMERSIDE  2016  11  26  331     -0.7     4.8     4.0  -999.9     0.0     9.7     6.4   330.0
SUMMERSIDE  2016  11  27  332     -0.6     4.6     3.9  -999.9    12.8    34.0     6.6   330.0
SUMMERSIDE  2016  11  28  333     -0.4     1.5     2.3  -999.9     1.0    21.6     5.9   330.0
SUMMERSIDE  2016  11  29  334     -0.5     1.5     2.4  -999.9     0.2    13.1     5.9   330.0
SUMMERSIDE  2016  11  30  335      0.1     2.6     2.6  -999.9    18.5    17.4     6.3   330.0
SUMMERSIDE  2016  12   1  336      0.2     3.8     3.1  -999.9    15.2    21.0     6.4   330.0
SUMMERSIDE  2016  12   2  337      0.1     3.2     2.9  -999.9     0.9    18.7     6.7   330.0
SUMMERSIDE  2016  12   3  338      0.3     3.9     3.1  -999.9     1.6    20.2     6.7   330.0
SUMMERSIDE  2016  12   4  339     -3.2     0.8     3.2  -999.9     0.4    21.1     4.6   330.0
SUMMERSIDE  2016  12   5  340     -3.1    -1.1     2.3  -999.9     0.0    12.0     4.1   330.0
SUMMERSIDE  2016  12   6  341     -3.7    -1.1     2.6  -999.9     0.0    13.6     4.0   330.0
SUMMERSIDE  2016  12   7  342     -3.1     0.0     2.8  -999.9     0.0    11.0     4.6   330.0
SUMMERSIDE  2016  12   8  343     -1.1     1.4     2.5  -999.9     0.9    12.4     5.7   330.0
SUMMERSIDE  2016  12   9  344     -5.6     0.0     3.7  -999.9     0.2    23.0     4.0   330.0
SUMMERSIDE  2016  12  10  345    -10.3    -5.6     3.4  -999.9     0.2    24.3     2.5   330.0
SUMMERSIDE  2016  12  11  346    -10.0    -5.1     3.4  -999.9     0.0    22.7     2.5   330.0
SUMMERSIDE  2016  12  12  347    -13.2    -1.2     5.4  -999.9     7.5    15.8     3.2   330.0
SUMMERSIDE  2016  12  13  348     -6.8    -0.2     4.0  -999.9     5.3    14.8     4.5   330.0
SUMMERSIDE  2016  12  14  349     -8.9     1.0     4.8  -999.9     0.7    18.0     4.1   330.0
SUMMERSIDE  2016  12  15  350    -15.1    -4.4     5.0  -999.9     3.1    17.3     2.6   330.0
SUMMERSIDE  2016  12  16  351    -16.5   -14.0     2.4  -999.9     0.4    42.9     1.5   330.0
SUMMERSIDE  2016  12  17  352    -17.9     0.7     6.6  -999.9     2.2    20.7     2.7   330.0
SUMMERSIDE  2016  12  18  353     -3.3     9.1     5.4  -999.9     6.9    29.1     7.0   330.0
SUMMERSIDE  2016  12  19  354    -14.6    -3.3     5.1  -999.9     0.0    19.8     2.1   330.0
SUMMERSIDE  2016  12  20  355    -14.3    -3.5     5.0  -999.9     0.0    17.8     2.2   330.0
SUMMERSIDE  2016  12  21  356     -3.7     1.4     3.5  -999.9     0.2    22.0     4.3   330.0
SUMMERSIDE  2016  12  22  357     -5.8     1.3     4.1  -999.9     3.9    10.9     4.6   330.0
SUMMERSIDE  2016  12  23  358     -5.7     0.0     3.7  -999.9     0.7    13.0     4.6   330.0
SUMMERSIDE  2016  12  24  359     -4.1     3.2     4.2  -999.9     1.3    21.3     5.5   330.0
SUMMERSIDE  2016  12  25  360     -6.7     1.5     4.4  -999.9     0.0    35.0     3.6   330.0
SUMMERSIDE  2016  12  26  361     -9.5    -5.5     3.1  -999.9     1.3    18.2     2.5   330.0
SUMMERSIDE  2016  12  27  362     -5.8     7.0     5.6  -999.9     5.8    30.7     5.7   330.0
SUMMERSIDE  2016  12  28  363     -3.0     0.9     3.1  -999.9     1.8    13.8     4.9   330.0
SUMMERSIDE  2016  12  29  364     -2.9     0.5     2.9  -999.9     0.5    14.5     5.0   330.0
SUMMERSIDE  2016  12  30  365     -2.2     4.3     4.0  -999.9     5.1    41.1     5.4   330.0
