SUMMERSIDE  2003   1   1    1     -7.1     2.4     4.9  -999.9     8.9    22.2     4.5   330.0
SUMMERSIDE  2003   1   2    2     -8.7    -4.5     3.3  -999.9     0.0    26.0     3.1   330.0
SUMMERSIDE  2003   1   3    3     -8.7    -2.5     4.0  -999.9     0.0     7.1     3.3   330.0
SUMMERSIDE  2003   1   4    4     -8.6    -1.3     4.3  -999.9    10.6    26.0     3.9   330.0
SUMMERSIDE  2003   1   5    5     -6.1    -1.9     3.3  -999.9     0.7    25.5     4.2   330.0
SUMMERSIDE  2003   1   6    6     -4.6    -0.6     3.3  -999.9     0.0     4.6     4.7   330.0
SUMMERSIDE  2003   1   7    7     -3.6    -0.5     2.9  -999.9     0.0    19.1     5.2   330.0
SUMMERSIDE  2003   1   8    8     -7.3    -1.3     4.1  -999.9     0.0    22.7     4.0   330.0
SUMMERSIDE  2003   1   9    9    -13.3    -6.4     4.4  -999.9     0.0    19.7     2.3   330.0
SUMMERSIDE  2003   1  10   10    -16.4    -7.5     5.0  -999.9     0.0    13.3     1.9   330.0
SUMMERSIDE  2003   1  11   11    -15.6    -9.3     4.3  -999.9     0.0    17.6     2.0   330.0
SUMMERSIDE  2003   1  12   12    -16.4    -9.5     4.5  -999.9     0.0    22.2     1.7   330.0
SUMMERSIDE  2003   1  13   13    -11.8    -1.9     5.5  -999.9     2.3    20.5     2.9   330.0
SUMMERSIDE  2003   1  14   14    -17.2    -5.7     5.9  -999.9     0.0    19.1     2.1   330.0
SUMMERSIDE  2003   1  15   15    -20.6   -12.9     4.9  -999.9     0.0     9.2     1.2   330.0
SUMMERSIDE  2003   1  16   16    -19.1   -11.9     4.8  -999.9     0.0    13.9     1.4   330.0
SUMMERSIDE  2003   1  17   17    -17.1    -6.2     6.0  -999.9     0.0    14.2     2.0   330.0
SUMMERSIDE  2003   1  18   18    -19.1   -12.4     4.7  -999.9     0.0    13.4     1.4   330.0
SUMMERSIDE  2003   1  19   19    -17.9    -4.9     6.7  -999.9     0.0     7.5     2.2   330.0
SUMMERSIDE  2003   1  20   20    -12.1    -4.0     5.3  -999.9     0.0     9.5     3.1   330.0
SUMMERSIDE  2003   1  21   21    -18.0    -9.7     5.4  -999.9     0.0    38.6     1.8   330.0
SUMMERSIDE  2003   1  22   22    -19.5   -12.9     4.9  -999.9     0.0    34.8     1.4   330.0
SUMMERSIDE  2003   1  23   23    -13.0    -5.5     5.3  -999.9     0.8    15.4     2.6   330.0
SUMMERSIDE  2003   1  24   24     -8.6    -5.4     3.5  -999.9     0.6    22.3     3.0   330.0
SUMMERSIDE  2003   1  25   25    -18.2   -10.3     5.6  -999.9     0.1    19.1     1.4   330.0
SUMMERSIDE  2003   1  26   26    -12.7     0.4     7.3  -999.9     0.0    18.2     3.2   330.0
SUMMERSIDE  2003   1  27   27     -9.1     1.0     6.5  -999.9     9.1    15.3     4.5   330.0
SUMMERSIDE  2003   1  28   28    -14.6    -9.1     4.8  -999.9     0.0    27.9     2.2   330.0
SUMMERSIDE  2003   1  29   29    -14.6    -7.2     5.7  -999.9     0.0    22.2     2.1   330.0
SUMMERSIDE  2003   1  30   30    -14.8    -5.5     6.5  -999.9     0.0     7.0     2.3   330.0
SUMMERSIDE  2003   1  31   31    -10.6    -2.1     6.3  -999.9     0.0     9.0     3.5   330.0
SUMMERSIDE  2003   2   1   32     -4.0    -1.7     3.3  -999.9     8.1    20.0     5.0   330.0
SUMMERSIDE  2003   2   2   33     -3.1     0.4     4.1  -999.9    56.9    20.9     5.6   330.0
SUMMERSIDE  2003   2   3   34     -6.5     1.0     6.1  -999.9     2.1    21.0     4.8   330.0
SUMMERSIDE  2003   2   4   35    -10.7     2.5     8.3  -999.9     6.0    15.3     4.0   330.0
SUMMERSIDE  2003   2   5   36    -13.6     3.0     9.4  -999.9     0.0    38.0     3.3   330.0
SUMMERSIDE  2003   2   6   37    -15.9   -11.0     5.2  -999.9     0.0    32.2     1.4   330.0
SUMMERSIDE  2003   2   7   38    -16.6    -4.0     8.4  -999.9     1.0    12.3     2.4   330.0
SUMMERSIDE  2003   2   8   39    -13.3    -6.1     6.4  -999.9     0.7    21.8     2.5   330.0
SUMMERSIDE  2003   2   9   40    -11.1    -3.5     6.7  -999.9     0.0    16.8     2.9   330.0
SUMMERSIDE  2003   2  10   41    -15.1    -5.9     7.5  -999.9     0.0    16.9     1.9   330.0
SUMMERSIDE  2003   2  11   42    -18.8    -4.2     9.6  -999.9     1.8    13.9     2.3   330.0
SUMMERSIDE  2003   2  12   43    -19.3    -7.5     8.7  -999.9     4.6    12.9     1.8   330.0
SUMMERSIDE  2003   2  13   44    -25.2   -11.0     9.7  -999.9     0.0    35.3     1.3   330.0
SUMMERSIDE  2003   2  14   45    -27.1   -20.3     6.8  -999.9     0.0    37.4     0.7   330.0
SUMMERSIDE  2003   2  15   46    -26.1   -18.9     7.1  -999.9     0.0    30.2     0.6   330.0
SUMMERSIDE  2003   2  16   47    -24.2   -13.9     8.6  -999.9     0.0    19.8     0.8   330.0
SUMMERSIDE  2003   2  17   48    -22.6   -12.9     8.5  -999.9     0.0     8.4     1.1   330.0
SUMMERSIDE  2003   2  18   49    -16.1    -6.5     8.6  -999.9     0.0    10.0     2.0   330.0
SUMMERSIDE  2003   2  19   50    -11.2    -2.8     8.1  -999.9     0.6     7.5     3.0   330.0
SUMMERSIDE  2003   2  20   51     -3.0     2.8     6.9  -999.9     0.0    22.1     4.9   330.0
SUMMERSIDE  2003   2  21   52    -11.1     3.7    11.1  -999.9     0.0    21.0     3.3   330.0
SUMMERSIDE  2003   2  22   53    -11.5    -7.2     6.1  -999.9     0.1    12.4     2.3   330.0
SUMMERSIDE  2003   2  23   54     -9.3     4.6    11.1  -999.9    31.1    27.5     5.0   330.0
SUMMERSIDE  2003   2  24   55     -9.6    -1.2     8.7  -999.9     0.0    38.5     3.0   330.0
SUMMERSIDE  2003   2  25   56    -18.8    -8.6     9.8  -999.9     0.0    19.1     1.4   330.0
SUMMERSIDE  2003   2  26   57    -20.6   -12.7     8.7  -999.9     0.0    15.4     1.0   330.0
SUMMERSIDE  2003   2  27   58    -19.5    -8.8    10.3  -999.9     0.0     9.5     1.4   330.0
SUMMERSIDE  2003   2  28   59    -16.0    -6.2    10.0  -999.9     0.0     2.7     1.9   330.0
SUMMERSIDE  2003   3   1   60    -14.9    -0.2    12.4  -999.9     0.0     4.5     2.6   330.0
SUMMERSIDE  2003   3   2   61     -7.2     2.4    10.1  -999.9     7.4    25.2     4.3   330.0
SUMMERSIDE  2003   3   3   62    -18.0     3.4    15.3  -999.9    15.2    38.2     2.9   330.0
SUMMERSIDE  2003   3   4   63    -19.2    -9.0    10.7  -999.9     0.7    29.1     1.3   330.0
SUMMERSIDE  2003   3   5   64     -9.0    -6.3     5.6  -999.9     9.8    15.4     3.2   330.0
SUMMERSIDE  2003   3   6   65    -18.3    -6.8    11.7  -999.9     0.0    18.4     2.2   330.0
SUMMERSIDE  2003   3   7   66    -18.4    -8.0    11.3  -999.9     0.0    18.5     1.5   330.0
SUMMERSIDE  2003   3   8   67     -9.6    -0.4    10.7  -999.9     0.7    16.0     3.4   330.0
SUMMERSIDE  2003   3   9   68    -14.6     2.0    14.6  -999.9     4.6    26.9     3.4   330.0
SUMMERSIDE  2003   3  10   69    -19.1   -10.3    10.8  -999.9     0.0    21.4     1.2   330.0
SUMMERSIDE  2003   3  11   70    -16.6    -4.4    12.8  -999.9     0.6    26.8     1.9   330.0
SUMMERSIDE  2003   3  12   71     -7.9     1.6    11.5  -999.9     0.0    21.9     4.4   330.0
SUMMERSIDE  2003   3  13   72    -10.0    -4.1     9.1  -999.9     0.0    15.4     2.8   330.0
SUMMERSIDE  2003   3  14   73    -15.4    -7.3    10.8  -999.9     0.0    18.8     2.1   330.0
SUMMERSIDE  2003   3  15   74    -17.5    -7.1    12.4  -999.9     0.0    11.4     1.5   330.0
SUMMERSIDE  2003   3  16   75    -12.5    -5.8    10.1  -999.9     0.0     3.6     2.0   330.0
SUMMERSIDE  2003   3  17   76     -8.3     1.7    12.5  -999.9     6.6     7.7     4.3   330.0
SUMMERSIDE  2003   3  18   77    -10.8    -2.9    11.2  -999.9     2.6    17.5     3.4   330.0
SUMMERSIDE  2003   3  19   78    -11.8    -4.4    11.0  -999.9     0.6    18.7     2.5   330.0
SUMMERSIDE  2003   3  20   79    -11.1     3.7    15.7  -999.9     0.0    22.9     3.4   330.0
SUMMERSIDE  2003   3  21   80     -2.0     4.8    10.8  -999.9     7.0    20.7     6.6   330.0
SUMMERSIDE  2003   3  22   81     -1.3     2.3     7.9  -999.9     0.0     5.1     6.0   330.0
SUMMERSIDE  2003   3  23   82     -3.7     1.6     9.7  -999.9     0.0    10.6     5.4   330.0
SUMMERSIDE  2003   3  24   83     -4.8    -0.1     9.3  -999.9     0.0     9.4     5.0   330.0
SUMMERSIDE  2003   3  25   84     -3.7     2.2    10.5  -999.9     0.0    24.1     5.4   330.0
SUMMERSIDE  2003   3  26   85     -1.2     5.1    11.0  -999.9     0.0    15.2     6.3   330.0
SUMMERSIDE  2003   3  27   86     -0.9     2.9     8.6  -999.9    17.3     6.8     6.5   330.0
SUMMERSIDE  2003   3  28   87     -1.0     4.7    10.6  -999.9     0.9    11.5     5.7   330.0
SUMMERSIDE  2003   3  29   88     -0.4     7.6    12.7  -999.9     0.7    26.0     6.7   330.0
SUMMERSIDE  2003   3  30   89     -1.4     7.1    13.3  -999.9    36.0    14.1     7.5   330.0
SUMMERSIDE  2003   3  31   90     -4.3    -1.0     8.3  -999.9    21.8    16.0     5.0   330.0
SUMMERSIDE  2003   4   1   91     -9.1    -2.5    11.9  -999.9     0.0     7.1     3.5   330.0
SUMMERSIDE  2003   4   2   92     -9.8     1.6    15.8  -999.9     0.7     3.8     3.6   330.0
SUMMERSIDE  2003   4   3   93     -5.9     0.8    12.2  -999.9     6.9     6.0     3.8   330.0
SUMMERSIDE  2003   4   4   94     -7.5    -1.6    11.6  -999.9     0.0    12.5     2.8   330.0
SUMMERSIDE  2003   4   5   95     -7.7     0.3    13.6  -999.9     6.5     4.3     3.7   330.0
SUMMERSIDE  2003   4   6   96     -3.7     1.1    10.6  -999.9     3.0    14.4     5.0   330.0
SUMMERSIDE  2003   4   7   97     -6.1     0.3    12.4  -999.9     0.0    18.0     3.2   330.0
SUMMERSIDE  2003   4   8   98     -7.1     5.3    17.4  -999.9     0.0     0.2     3.8   330.0
SUMMERSIDE  2003   4   9   99     -3.9     8.3    17.4  -999.9     0.0     0.7     5.3   330.0
SUMMERSIDE  2003   4  10  100     -3.5     8.2    17.2  -999.9     0.0     5.8     4.5   330.0
SUMMERSIDE  2003   4  11  101     -1.4     9.8    17.0  -999.9     0.0    22.3     5.0   330.0
SUMMERSIDE  2003   4  12  102     -0.9     3.9    11.2  -999.9    11.9    25.2     6.5   330.0
SUMMERSIDE  2003   4  13  103     -4.0     1.2    11.8  -999.9     0.0    35.6     4.7   330.0
SUMMERSIDE  2003   4  14  104     -3.9     4.9    15.4  -999.9     0.6    14.2     4.9   330.0
SUMMERSIDE  2003   4  15  105      1.3     9.2    14.7  -999.9     5.5    25.5     7.6   330.0
SUMMERSIDE  2003   4  16  106     -8.8     4.7    19.4  -999.9     0.7    19.8     4.2   330.0
SUMMERSIDE  2003   4  17  107    -11.6    -0.2    18.0  -999.9     0.0    27.9     1.9   330.0
SUMMERSIDE  2003   4  18  108     -6.2     5.7    18.5  -999.9     0.0    12.7     2.8   330.0
SUMMERSIDE  2003   4  19  109      0.1     9.7    16.7  -999.9     0.0    14.6     5.5   330.0
SUMMERSIDE  2003   4  20  110     -0.6    10.0    17.7  -999.9     0.0     9.8     5.2   330.0
SUMMERSIDE  2003   4  21  111      1.9    14.9    19.7  -999.9     0.7    16.4     6.4   330.0
SUMMERSIDE  2003   4  22  112      4.1    11.6    15.1  -999.9     0.0    17.7     9.8   330.0
SUMMERSIDE  2003   4  23  113      5.4    14.5    16.8  -999.9    31.4    12.7    11.8   330.0
SUMMERSIDE  2003   4  24  114      3.7    15.5    19.2  -999.9     6.7    18.8     9.9   330.0
SUMMERSIDE  2003   4  25  115      1.2    10.9    17.5  -999.9     0.0    10.2     7.6   330.0
SUMMERSIDE  2003   4  26  116      3.4    13.3    17.8  -999.9     0.0     9.2     8.0   330.0
SUMMERSIDE  2003   4  27  117      2.9     6.9    11.4  -999.9    14.7    15.4     8.2   330.0
SUMMERSIDE  2003   4  28  118      2.7    16.3    21.1  -999.9     0.9    20.0     9.3   330.0
SUMMERSIDE  2003   4  29  119      4.5    21.6    23.9  -999.9     0.0    16.7    10.9   330.0
SUMMERSIDE  2003   4  30  120      1.4    10.7    17.7  -999.9     0.0    16.6     4.8   330.0
SUMMERSIDE  2003   5   1  121      1.1    11.4    18.7  -999.9     3.8    16.1     6.0   330.0
SUMMERSIDE  2003   5   2  122      3.0     7.4    12.3  -999.9     1.9    14.0     8.2   330.0
SUMMERSIDE  2003   5   3  123     -0.1     4.6    12.8  -999.9     0.9    25.1     6.7   330.0
SUMMERSIDE  2003   5   4  124     -0.3    16.0    24.0  -999.9     0.7    19.5     6.6   330.0
SUMMERSIDE  2003   5   5  125      0.3    11.7    20.1  -999.9     0.0     9.6     5.1   330.0
SUMMERSIDE  2003   5   6  126      2.4    15.4    21.6  -999.9     0.0    12.3     7.0   330.0
SUMMERSIDE  2003   5   7  127      6.8    11.7    13.3  -999.9     6.7    27.8     9.3   330.0
SUMMERSIDE  2003   5   8  128      2.2     7.8    14.3  -999.9     0.0    14.0     7.6   330.0
SUMMERSIDE  2003   5   9  129      2.4     4.4     8.6  -999.9     2.9    27.8     7.6   330.0
SUMMERSIDE  2003   5  10  130      1.2     3.0     8.2  -999.9     7.7    37.2     7.1   330.0
SUMMERSIDE  2003   5  11  131      1.5     4.8    11.2  -999.9     0.0    23.0     7.2   330.0
SUMMERSIDE  2003   5  12  132      1.3     3.2     8.5  -999.9     4.4    15.9     6.9   330.0
SUMMERSIDE  2003   5  13  133      2.4     5.2    10.4  -999.9     5.4    13.8     8.0   330.0
SUMMERSIDE  2003   5  14  134      2.5     8.1    14.7  -999.9     4.1     9.6     8.6   330.0
SUMMERSIDE  2003   5  15  135      0.2     3.5    11.3  -999.9     2.2    30.0     6.3   330.0
SUMMERSIDE  2003   5  16  136      0.2    12.3    21.8  -999.9     0.0    10.4     6.4   330.0
SUMMERSIDE  2003   5  17  137      3.3    20.5    26.1  -999.9     0.0     9.5     7.3   330.0
SUMMERSIDE  2003   5  18  138      5.0    15.3    20.3  -999.9     0.0    15.1     7.9   330.0
SUMMERSIDE  2003   5  19  139      4.1    21.7    26.6  -999.9     0.0     7.5     6.7   330.0
SUMMERSIDE  2003   5  20  140      6.6    23.9    26.5  -999.9     0.7    12.9     8.4   330.0
SUMMERSIDE  2003   5  21  141      9.3    26.4    26.4  -999.9     0.0    25.5    10.3   330.0
SUMMERSIDE  2003   5  22  142      4.5    10.0    15.0  -999.9     0.0    31.0     7.6   330.0
SUMMERSIDE  2003   5  23  143      3.8     9.5    15.3  -999.9     0.0    12.9     9.1   330.0
SUMMERSIDE  2003   5  24  144      4.9    12.3    17.5  -999.9     0.0    12.7     9.4   330.0
SUMMERSIDE  2003   5  25  145      6.4    13.6    17.3  -999.9     9.1    14.6    10.1   330.0
SUMMERSIDE  2003   5  26  146      5.4     8.4    11.2  -999.9     0.0    24.3     9.5   330.0
SUMMERSIDE  2003   5  27  147      6.0    15.5    20.0  -999.9     0.7     5.5    10.7   330.0
SUMMERSIDE  2003   5  28  148      8.0    19.8    22.4  -999.9     2.2    10.8    12.5   330.0
SUMMERSIDE  2003   5  29  149      9.7    14.7    14.6  -999.9     3.0    16.1    13.4   330.0
SUMMERSIDE  2003   5  30  150      8.7    19.1    21.1  -999.9     1.6    17.3    14.6   330.0
SUMMERSIDE  2003   5  31  151      8.3    16.5    18.8  -999.9     0.0    11.5    13.5   330.0
SUMMERSIDE  2003   6   1  152      7.5    15.2    18.2  -999.9    13.3    19.8    12.8   330.0
SUMMERSIDE  2003   6   2  153      8.7    16.6    18.5  -999.9     2.9    22.2    12.2   330.0
SUMMERSIDE  2003   6   3  154      5.9    14.0    18.8  -999.9     0.0    24.9     6.4   330.0
SUMMERSIDE  2003   6   4  155      4.9    20.5    26.1  -999.9     0.0    16.8     7.7   330.0
SUMMERSIDE  2003   6   5  156      8.6    20.9    23.2  -999.9     0.8    16.7     9.6   330.0
SUMMERSIDE  2003   6   6  157      8.0    18.6    21.6  -999.9    13.4    18.7    14.0   330.0
SUMMERSIDE  2003   6   7  158      8.8    22.3    24.4  -999.9     0.7    11.5    12.6   330.0
SUMMERSIDE  2003   6   8  159     12.5    21.9    20.4  -999.9     0.0    10.9    15.4   330.0
SUMMERSIDE  2003   6   9  160     10.5    17.3    17.4  -999.9     0.0    18.5    13.3   330.0
SUMMERSIDE  2003   6  10  161     10.6    22.0    22.5  -999.9     0.6    21.5    13.5   330.0
SUMMERSIDE  2003   6  11  162     10.6    23.4    23.9  -999.9    12.7    15.4    11.1   330.0
SUMMERSIDE  2003   6  12  163     11.0    18.4    18.2  -999.9     0.6    16.4    14.0   330.0
SUMMERSIDE  2003   6  13  164      9.5    16.6    17.8  -999.9     0.0    13.7     9.8   330.0
SUMMERSIDE  2003   6  14  165      8.3    13.1    14.7  -999.9    12.8    17.2    10.2   330.0
SUMMERSIDE  2003   6  15  166      7.7     8.8     7.0  -999.9    14.1    28.9    10.2   330.0
SUMMERSIDE  2003   6  16  167      7.2    17.7    21.7  -999.9     0.7    12.3    11.1   330.0
SUMMERSIDE  2003   6  17  168      6.8    22.2    26.3  -999.9     0.0    17.9    13.4   330.0
SUMMERSIDE  2003   6  18  169     10.4    21.7    22.5  -999.9     0.0    29.4    14.2   330.0
SUMMERSIDE  2003   6  19  170     14.2    19.0    14.7  -999.9    13.3    18.5    18.1   330.0
SUMMERSIDE  2003   6  20  171     12.9    21.0    19.1  -999.9     0.6    11.8    15.1   330.0
SUMMERSIDE  2003   6  21  172     12.2    28.1    26.7  -999.9     0.0    11.9    15.3   330.0
SUMMERSIDE  2003   6  22  173     13.8    28.3    25.5  -999.9     0.0    10.5    17.1   330.0
SUMMERSIDE  2003   6  23  174     14.1    25.1    22.2  -999.9     0.0     8.3    17.6   330.0
SUMMERSIDE  2003   6  24  175     13.8    21.9    19.1  -999.9     0.0    10.0    15.5   330.0
SUMMERSIDE  2003   6  25  176     14.9    24.2    20.4  -999.9     0.0    23.7    17.3   330.0
SUMMERSIDE  2003   6  26  177     15.0    29.0    25.0  -999.9     0.0    16.5    20.4   330.0
SUMMERSIDE  2003   6  27  178     18.1    30.5    23.5  -999.9     0.0    21.2    21.6   330.0
SUMMERSIDE  2003   6  28  179     17.2    25.2    18.9  -999.9     0.0    14.0    20.9   330.0
SUMMERSIDE  2003   6  29  180     17.0    27.6    21.7  -999.9     0.0     9.5    17.0   330.0
SUMMERSIDE  2003   6  30  181     16.4    24.6    19.1  -999.9     0.0    15.8    19.0   330.0
SUMMERSIDE  2003   7   1  182     15.6    25.7    21.2  -999.9     1.5    16.0    18.9   330.0
SUMMERSIDE  2003   7   2  183     15.6    21.2    15.7  -999.9     1.9    12.2    13.9   330.0
SUMMERSIDE  2003   7   3  184     14.1    24.8    21.7  -999.9     6.1    19.5    18.1   330.0
SUMMERSIDE  2003   7   4  185     16.5    24.8    19.1  -999.9     0.6    18.4    21.2   330.0
SUMMERSIDE  2003   7   5  186     17.6    25.9    19.1  -999.9     3.0    17.6    22.3   330.0
SUMMERSIDE  2003   7   6  187     16.2    27.8    22.5  -999.9     6.4    13.7    19.6   330.0
SUMMERSIDE  2003   7   7  188     13.8    24.9    22.0  -999.9     0.0    14.6    13.8   330.0
SUMMERSIDE  2003   7   8  189     12.9    25.2    23.1  -999.9     0.6    22.5    15.7   330.0
SUMMERSIDE  2003   7   9  190     14.8    22.7    18.5  -999.9     1.0    17.2    15.5   330.0
SUMMERSIDE  2003   7  10  191     13.3    24.6    22.1  -999.9     0.0    13.0    12.4   330.0
SUMMERSIDE  2003   7  11  192     13.2    21.2    18.5  -999.9     2.2    10.1    14.5   330.0
SUMMERSIDE  2003   7  12  193     15.2    22.9    18.1  -999.9     3.7    20.6    19.8   330.0
SUMMERSIDE  2003   7  13  194     16.5    26.3    20.4  -999.9     0.6    23.3    19.8   330.0
SUMMERSIDE  2003   7  14  195     16.8    27.0    20.8  -999.9     0.0    19.5    20.2   330.0
SUMMERSIDE  2003   7  15  196     16.8    25.4    19.0  -999.9     3.0    15.4    19.0   330.0
SUMMERSIDE  2003   7  16  197     16.8    25.0    18.5  -999.9    16.7    13.0    20.7   330.0
SUMMERSIDE  2003   7  17  198     16.7    24.2    17.6  -999.9     0.7    16.6    21.2   330.0
SUMMERSIDE  2003   7  18  199     17.6    27.2    19.9  -999.9     0.7    14.5    22.0   330.0
SUMMERSIDE  2003   7  19  200     17.2    23.9    16.6  -999.9     0.7    17.0    19.8   330.0
SUMMERSIDE  2003   7  20  201     15.9    24.5    18.7  -999.9     0.0    11.9    18.6   330.0
SUMMERSIDE  2003   7  21  202     15.7    25.2    19.6  -999.9     0.0    18.2    18.7   330.0
SUMMERSIDE  2003   7  22  203     18.2    27.4    19.2  -999.9     0.0    23.6    20.3   330.0
SUMMERSIDE  2003   7  23  204     18.3    22.3    12.6  -999.9    12.8    15.1    22.6   330.0
SUMMERSIDE  2003   7  24  205     18.3    22.7    13.2  -999.9     1.7    14.9    22.6   330.0
SUMMERSIDE  2003   7  25  206     16.9    22.2    14.4  -999.9     0.6    28.7    20.6   330.0
SUMMERSIDE  2003   7  26  207     17.0    25.1    17.8  -999.9     0.0    19.5    19.6   330.0
SUMMERSIDE  2003   7  27  208     17.2    21.1    12.3  -999.9     2.9    21.4    20.0   330.0
SUMMERSIDE  2003   7  28  209     16.8    23.8    16.4  -999.9     0.6    29.9    15.1   330.0
SUMMERSIDE  2003   7  29  210     15.7    22.2    15.7  -999.9     0.0    15.8    15.7   330.0
SUMMERSIDE  2003   7  30  211     15.2    22.6    16.7  -999.9     0.0     7.2    16.6   330.0
SUMMERSIDE  2003   7  31  212     15.3    23.0    17.0  -999.9     0.0     7.3    17.5   330.0
SUMMERSIDE  2003   8   1  213     16.1    26.1    19.3  -999.9     0.0    11.1    19.3   330.0
SUMMERSIDE  2003   8   2  214     17.6    21.5    12.0  -999.9     0.0    11.7    18.4   330.0
SUMMERSIDE  2003   8   3  215     17.7    21.7    12.1  -999.9     0.0     6.1    20.4   330.0
SUMMERSIDE  2003   8   4  216     18.5    25.7    16.1  -999.9     0.0     8.0    22.7   330.0
SUMMERSIDE  2003   8   5  217     17.7    21.6    11.8  -999.9     4.5    17.1    20.3   330.0
SUMMERSIDE  2003   8   6  218     17.1    24.0    15.6  -999.9    30.5    17.7    22.9   330.0
SUMMERSIDE  2003   8   7  219     19.2    25.5    14.8  -999.9     2.9    11.9    25.1   330.0
SUMMERSIDE  2003   8   8  220     20.2    23.3    10.4  -999.9     0.7     9.0    24.6   330.0
SUMMERSIDE  2003   8   9  221     18.2    24.0    14.1  -999.9     0.7     4.5    24.0   330.0
SUMMERSIDE  2003   8  10  222     18.2    24.6    14.7  -999.9     1.5    12.1    24.4   330.0
SUMMERSIDE  2003   8  11  223     19.3    24.1    12.7  -999.9     4.4    17.7    24.3   330.0
SUMMERSIDE  2003   8  12  224     16.0    21.7    13.7  -999.9     0.0    12.8    17.1   330.0
SUMMERSIDE  2003   8  13  225     16.3    26.1    17.9  -999.9     4.3    13.8    20.1   330.0
SUMMERSIDE  2003   8  14  226     15.1    22.8    15.8  -999.9     1.2    15.2    17.2   330.0
SUMMERSIDE  2003   8  15  227     15.3    25.5    18.0  -999.9     0.0     7.3    17.0   330.0
SUMMERSIDE  2003   8  16  228     16.7    26.6    17.6  -999.9     0.0    21.5    20.0   330.0
SUMMERSIDE  2003   8  17  229     15.4    20.8    12.9  -999.9     0.0    22.7    17.5   330.0
SUMMERSIDE  2003   8  18  230     11.7    18.6    14.5  -999.9     0.0    16.5    12.1   330.0
SUMMERSIDE  2003   8  19  231     12.5    27.2    21.1  -999.9     0.0    14.5    16.9   330.0
SUMMERSIDE  2003   8  20  232     17.1    27.3    17.4  -999.9     0.0    11.5    18.1   330.0
SUMMERSIDE  2003   8  21  233     16.0    27.2    18.1  -999.9     0.0     9.7    18.1   330.0
SUMMERSIDE  2003   8  22  234     19.8    27.7    15.1  -999.9     0.0    25.6    23.4   330.0
SUMMERSIDE  2003   8  23  235     10.6    26.4    21.2  -999.9     4.4    18.1    15.1   330.0
SUMMERSIDE  2003   8  24  236      9.4    16.8    14.4  -999.9     0.8    15.9    10.7   330.0
SUMMERSIDE  2003   8  25  237      9.4    18.9    16.2  -999.9     0.0    15.1    10.0   330.0
SUMMERSIDE  2003   8  26  238      9.7    21.9    18.2  -999.9     0.0    10.1    11.9   330.0
SUMMERSIDE  2003   8  27  239     15.0    22.1    13.8  -999.9    12.4    17.3    18.3   330.0
SUMMERSIDE  2003   8  28  240     12.7    21.1    14.9  -999.9     0.6    19.7    13.4   330.0
SUMMERSIDE  2003   8  29  241     10.5    19.3    15.1  -999.9     0.0    18.2    11.3   330.0
SUMMERSIDE  2003   8  30  242     10.1    20.6    16.4  -999.9     3.0    20.8    15.1   330.0
SUMMERSIDE  2003   8  31  243      9.5    19.9    16.2  -999.9     0.0    10.4    11.4   330.0
SUMMERSIDE  2003   9   1  244     12.3    22.0    15.5  -999.9     0.0    17.8    14.8   330.0
SUMMERSIDE  2003   9   2  245      9.7    17.6    13.9  -999.9     0.0     9.9    11.1   330.0
SUMMERSIDE  2003   9   3  246      9.7    20.9    16.4  -999.9     0.7    10.2    11.7   330.0
SUMMERSIDE  2003   9   4  247     12.0    18.3    12.2  -999.9    14.8    16.8    15.0   330.0
SUMMERSIDE  2003   9   5  248     12.9    20.4    13.2  -999.9     0.0     8.9    17.5   330.0
SUMMERSIDE  2003   9   6  249     12.3    22.5    15.2  -999.9     0.0     7.0    16.3   330.0
SUMMERSIDE  2003   9   7  250     11.6    21.3    14.7  -999.9     0.0    11.8    14.1   330.0
SUMMERSIDE  2003   9   8  251      9.4    17.7    13.5  -999.9     0.0    13.8    10.8   330.0
SUMMERSIDE  2003   9   9  252      8.1    15.3    12.4  -999.9     0.0    12.3     9.4   330.0
SUMMERSIDE  2003   9  10  253     11.1    20.2    13.8  -999.9     0.8    22.5    11.6   330.0
SUMMERSIDE  2003   9  11  254      6.7    15.5    13.5  -999.9     0.0    12.8     8.6   330.0
SUMMERSIDE  2003   9  12  255      9.8    24.3    17.1  -999.9     0.0    16.0    14.0   330.0
SUMMERSIDE  2003   9  13  256     14.2    27.6    16.3  -999.9     0.0    11.7    18.7   330.0
SUMMERSIDE  2003   9  14  257     14.3    25.5    14.7  -999.9     0.0    13.2    17.9   330.0
SUMMERSIDE  2003   9  15  258     16.1    27.7    14.8  -999.9     0.0    13.1    22.0   330.0
SUMMERSIDE  2003   9  16  259     16.9    25.4    12.6  -999.9     0.0    15.9    20.1   330.0
SUMMERSIDE  2003   9  17  260     12.3    24.3    14.8  -999.9     0.0    15.0    15.0   330.0
SUMMERSIDE  2003   9  18  261     11.3    23.6    14.8  -999.9     0.0     7.5    14.0   330.0
SUMMERSIDE  2003   9  19  262     14.2    26.6    14.7  -999.9     0.0     5.3    16.5   330.0
SUMMERSIDE  2003   9  20  263     13.6    21.5    11.6  -999.9     3.3    10.0    14.0   330.0
SUMMERSIDE  2003   9  21  264     12.7    20.3    11.3  -999.9     0.7    12.4    17.0   330.0
SUMMERSIDE  2003   9  22  265     10.6    21.5    13.3  -999.9     0.0     7.1    14.9   330.0
SUMMERSIDE  2003   9  23  266     12.2    22.7    12.9  -999.9     0.8    19.7    17.3   330.0
SUMMERSIDE  2003   9  24  267     13.5    22.3    11.7  -999.9     0.8    21.1    15.8   330.0
SUMMERSIDE  2003   9  25  268     12.5    21.6    11.8  -999.9     0.0    15.0    14.6   330.0
SUMMERSIDE  2003   9  26  269     14.2    23.3    11.6  -999.9     0.0    13.2    16.2   330.0
SUMMERSIDE  2003   9  27  270     17.3    26.0    11.2  -999.9     0.7    18.0    19.6   330.0
SUMMERSIDE  2003   9  28  271     18.0    22.9     8.3  -999.9    16.3    26.1    19.0   330.0
SUMMERSIDE  2003   9  29  272     17.1    24.1     9.8  -999.9    10.4    27.7    21.6   330.0
SUMMERSIDE  2003   9  30  273     11.2    19.8    10.8  -999.9     0.0    17.2    13.5   330.0
SUMMERSIDE  2003  10   1  274      8.8    19.1    11.7  -999.9     0.0     4.8    11.6   330.0
SUMMERSIDE  2003  10   2  275      8.5    18.6    11.4  -999.9     4.0     6.8    11.6   330.0
SUMMERSIDE  2003  10   3  276      6.2    12.8     9.1  -999.9     5.9    25.0     8.1   330.0
SUMMERSIDE  2003  10   4  277      6.5    15.2    10.3  -999.9     0.0    16.8     8.8   330.0
SUMMERSIDE  2003  10   5  278      7.0    16.0    10.4  -999.9    11.8    21.0    11.0   330.0
SUMMERSIDE  2003  10   6  279      5.6    13.3     9.5  -999.9     0.0    16.6     8.1   330.0
SUMMERSIDE  2003  10   7  280      3.3    11.6     9.7  -999.9     0.0    12.2     7.0   330.0
SUMMERSIDE  2003  10   8  281      8.8    18.3    10.2  -999.9     0.0    25.3    10.8   330.0
SUMMERSIDE  2003  10   9  282      6.1    13.4     8.9  -999.9     0.0    14.0     7.9   330.0
SUMMERSIDE  2003  10  10  283      4.8    16.5    11.1  -999.9     0.0     9.2     8.9   330.0
SUMMERSIDE  2003  10  11  284     10.6    23.7    11.6  -999.9     0.7    12.2    15.2   330.0
SUMMERSIDE  2003  10  12  285     12.1    23.4    10.6  -999.9     0.0     9.9    15.5   330.0
SUMMERSIDE  2003  10  13  286      9.9    15.9     7.6  -999.9    32.7    14.3    13.8   330.0
SUMMERSIDE  2003  10  14  287      8.4    15.9     8.4  -999.9     0.0    13.3     9.9   330.0
SUMMERSIDE  2003  10  15  288     10.1    15.3     6.9  -999.9     4.5    28.0    12.1   330.0
SUMMERSIDE  2003  10  16  289      7.8    13.2     6.9  -999.9     0.0    30.2     7.5   330.0
SUMMERSIDE  2003  10  17  290      2.8    10.5     8.2  -999.9     0.0    20.6     6.2   330.0
SUMMERSIDE  2003  10  18  291      2.6     9.4     7.6  -999.9     2.2     6.6     7.2   330.0
SUMMERSIDE  2003  10  19  292      2.7     8.5     6.9  -999.9     1.5    12.5     7.3   330.0
SUMMERSIDE  2003  10  20  293      0.5     6.6     7.0  -999.9     0.0    13.0     4.8   330.0
SUMMERSIDE  2003  10  21  294     -0.2    13.2    10.2  -999.9    27.6    15.1     8.2   330.0
SUMMERSIDE  2003  10  22  295      6.2     7.6     3.2  -999.9     5.4    28.4     9.3   330.0
SUMMERSIDE  2003  10  23  296      3.6     8.3     5.9  -999.9     8.1    24.5     8.9   330.0
SUMMERSIDE  2003  10  24  297      2.6     6.4     5.2  -999.9     1.3    25.5     6.7   330.0
SUMMERSIDE  2003  10  25  298      0.8     8.6     7.3  -999.9     0.0    14.9     5.5   330.0
SUMMERSIDE  2003  10  26  299      7.1    11.8     5.6  -999.9     0.0    24.4     9.4   330.0
SUMMERSIDE  2003  10  27  300     11.2    17.4     6.4  -999.9     0.0    30.1    13.9   330.0
SUMMERSIDE  2003  10  28  301      6.4    18.1     8.6  -999.9     4.0    20.6    12.0   330.0
SUMMERSIDE  2003  10  29  302      7.8    19.5     8.5  -999.9    17.8    17.6    14.8   330.0
SUMMERSIDE  2003  10  30  303      7.9    18.7     8.1  -999.9     9.8    33.4    11.9   330.0
SUMMERSIDE  2003  10  31  304      5.3    10.4     5.5  -999.9     0.0    16.2     7.5   330.0
SUMMERSIDE  2003  11   1  305      5.5    13.8     6.9  -999.9     0.0    25.0     9.9   330.0
SUMMERSIDE  2003  11   2  306     -0.7     6.2     6.2  -999.9     0.0    14.8     4.9   330.0
SUMMERSIDE  2003  11   3  307     -0.9     5.6     5.9  -999.9     0.0     9.5     5.4   330.0
SUMMERSIDE  2003  11   4  308     -0.5     5.5     5.6  -999.9     0.8    22.6     4.5   330.0
SUMMERSIDE  2003  11   5  309      0.4    11.1     7.4  -999.9     5.9    19.5     7.4   330.0
SUMMERSIDE  2003  11   6  310      3.0    11.7     6.6  -999.9     0.0    13.8     8.5   330.0
SUMMERSIDE  2003  11   7  311      2.2     5.3     3.9  -999.9     0.0     7.8     6.8   330.0
SUMMERSIDE  2003  11   8  312     -3.6     5.1     6.4  -999.9     0.7    33.5     3.8   330.0
SUMMERSIDE  2003  11   9  313     -3.4     0.8     4.4  -999.9     0.0    32.9     2.8   330.0
SUMMERSIDE  2003  11  10  314     -4.8     2.3     5.6  -999.9     0.0    16.7     3.7   330.0
SUMMERSIDE  2003  11  11  315     -1.3     5.4     5.4  -999.9     0.0    10.0     5.2   330.0
SUMMERSIDE  2003  11  12  316      2.1     7.9     4.9  -999.9     2.9    16.9     7.9   330.0
SUMMERSIDE  2003  11  13  317     -0.3     8.9     6.1  -999.9    11.0    18.8     7.8   330.0
SUMMERSIDE  2003  11  14  318     -1.5     4.8     5.0  -999.9     0.6    31.4     5.6   330.0
SUMMERSIDE  2003  11  15  319     -1.5     2.4     3.9  -999.9     0.0    31.9     4.6   330.0
SUMMERSIDE  2003  11  16  320     -1.9     4.3     4.9  -999.9     0.0    22.2     4.7   330.0
SUMMERSIDE  2003  11  17  321     -1.5     3.7     4.4  -999.9     0.0     4.7     5.4   330.0
SUMMERSIDE  2003  11  18  322     -2.0     8.3     6.1  -999.9     0.0     4.0     6.5   330.0
SUMMERSIDE  2003  11  19  323      0.5     9.4     5.6  -999.9     0.0    22.2     7.7   330.0
SUMMERSIDE  2003  11  20  324      9.2    15.7     4.7  -999.9     0.0    33.0    13.4   330.0
SUMMERSIDE  2003  11  21  325      7.4    17.4     5.8  -999.9     0.0    22.1    13.3   330.0
SUMMERSIDE  2003  11  22  326      2.8     7.5     3.9  -999.9     0.0    33.8     7.4   330.0
SUMMERSIDE  2003  11  23  327      2.4     4.0     2.3  -999.9     0.0    28.2     6.3   330.0
SUMMERSIDE  2003  11  24  328      2.6     6.4     3.5  -999.9     0.0     9.4     8.0   330.0
SUMMERSIDE  2003  11  25  329     -1.3     8.5     5.5  -999.9     0.0    13.6     7.4   330.0
SUMMERSIDE  2003  11  26  330     -2.7     4.1     4.5  -999.9     0.0    12.2     4.7   330.0
SUMMERSIDE  2003  11  27  331     -1.6     5.5     4.6  -999.9     0.0     7.5     5.7   330.0
SUMMERSIDE  2003  11  28  332      1.5     5.0     3.2  -999.9     0.0    10.8     7.0   330.0
SUMMERSIDE  2003  11  29  333      1.6    15.4     6.3  -999.9     9.5    38.3     9.7   330.0
SUMMERSIDE  2003  11  30  334     -0.2     4.3     3.6  -999.9     0.0    36.9     4.4   330.0
SUMMERSIDE  2003  12   1  335     -2.5     5.7     4.8  -999.9     3.2    25.0     5.6   330.0
SUMMERSIDE  2003  12   2  336     -7.6    -2.5     3.7  -999.9     0.0    26.2     2.8   330.0
SUMMERSIDE  2003  12   3  337     -8.2    -3.8     3.4  -999.9     2.2    19.7     3.5   330.0
SUMMERSIDE  2003  12   4  338    -10.6    -5.9     3.5  -999.9     0.0    21.2     2.8   330.0
SUMMERSIDE  2003  12   5  339    -11.5    -5.1     4.1  -999.9     0.0    10.6     2.7   330.0
SUMMERSIDE  2003  12   6  340     -9.8    -0.5     4.9  -999.9     0.8    26.5     3.2   330.0
SUMMERSIDE  2003  12   7  341     -2.0     0.0     2.3  -999.9    31.0    59.5     5.4   330.0
SUMMERSIDE  2003  12   8  342     -0.9     0.1     1.6  -999.9     2.8    52.5     6.0   330.0
SUMMERSIDE  2003  12   9  343     -3.3    -0.3     2.7  -999.9     0.0    24.7     4.9   330.0
SUMMERSIDE  2003  12  10  344     -9.6    -3.1     4.0  -999.9     0.0     6.7     3.4   330.0
SUMMERSIDE  2003  12  11  345     -6.8     5.4     5.5  -999.9     9.4    19.4     5.4   330.0
SUMMERSIDE  2003  12  12  346     -4.8     7.4     5.4  -999.9     0.8    41.1     5.6   330.0
SUMMERSIDE  2003  12  13  347    -10.3    -4.8     3.6  -999.9     0.0    34.5     2.1   330.0
SUMMERSIDE  2003  12  14  348    -11.7    -7.0     3.3  -999.9     0.0    15.2     2.1   330.0
SUMMERSIDE  2003  12  15  349     -7.2     1.6     4.6  -999.9    30.7    30.2     4.6   330.0
SUMMERSIDE  2003  12  16  350     -1.5     0.6     2.2  -999.9     0.7    39.3     5.5   330.0
SUMMERSIDE  2003  12  17  351     -1.9     2.1     3.1  -999.9     0.0    12.7     5.5   330.0
SUMMERSIDE  2003  12  18  352      1.2     6.9     3.7  -999.9     5.6    39.0     6.9   330.0
SUMMERSIDE  2003  12  19  353     -8.0     1.6     4.7  -999.9     0.0    21.6     3.5   330.0
SUMMERSIDE  2003  12  20  354     -8.7    -3.0     3.7  -999.9     0.0     6.3     3.2   330.0
SUMMERSIDE  2003  12  21  355    -10.3    -3.1     4.1  -999.9     0.0    15.1     2.9   330.0
SUMMERSIDE  2003  12  22  356    -10.3    -0.4     4.8  -999.9     0.0    12.0     2.8   330.0
SUMMERSIDE  2003  12  23  357     -0.8     3.2     3.1  -999.9     0.0    10.0     5.8   330.0
SUMMERSIDE  2003  12  24  358      2.1     9.0     4.0  -999.9     0.7    21.3     8.1   330.0
SUMMERSIDE  2003  12  25  359      4.3    10.7     3.9  -999.9    12.3    18.3    10.3   330.0
SUMMERSIDE  2003  12  26  360     -0.8     9.2     4.9  -999.9     0.0    21.0     7.8   330.0
SUMMERSIDE  2003  12  27  361     -2.6     0.5     2.7  -999.9     1.0    21.9     5.2   330.0
SUMMERSIDE  2003  12  28  362     -5.4     1.2     4.0  -999.9     0.0    10.6     4.0   330.0
SUMMERSIDE  2003  12  29  363     -4.0     4.5     4.5  -999.9     0.0    10.3     5.0   330.0
SUMMERSIDE  2003  12  30  364     -0.5     7.6     4.5  -999.9     0.0    19.5     6.2   330.0
SUMMERSIDE  2003  12  31  365     -3.9     3.2     4.2  -999.9     0.0    29.4     4.3   330.0
