SUMMERSIDE  2009   1   1    1     -9.3    -4.1     3.6  -999.9     7.0    45.3     3.4   330.0
SUMMERSIDE  2009   1   2    2    -10.9    -6.8     3.2  -999.9     0.0    28.0     2.4   330.0
SUMMERSIDE  2009   1   3    3    -13.7    -7.8     3.9  -999.9     0.0    16.4     1.8   330.0
SUMMERSIDE  2009   1   4    4    -10.3     0.0     5.2  -999.9     0.0    28.9     3.3   330.0
SUMMERSIDE  2009   1   5    5     -6.9    -1.3     3.8  -999.9     0.2    28.6     3.6   330.0
SUMMERSIDE  2009   1   6    6    -10.4    -5.2     3.7  -999.9     0.2    33.5     2.1   330.0
SUMMERSIDE  2009   1   7    7    -11.7    -3.4     4.7  -999.9     3.6    17.7     2.4   330.0
SUMMERSIDE  2009   1   8    8     -6.8     4.6     5.6  -999.9     2.0    29.0     5.0   330.0
SUMMERSIDE  2009   1   9    9    -10.1    -4.4     4.0  -999.9     0.0    18.2     3.0   330.0
SUMMERSIDE  2009   1  10   10    -15.2    -6.9     4.9  -999.9     0.0    19.7     2.0   330.0
SUMMERSIDE  2009   1  11   11    -18.6    -9.9     5.0  -999.9     0.2     7.8     1.7   330.0
SUMMERSIDE  2009   1  12   12    -15.0    -8.7     4.3  -999.9     0.0    10.8     2.1   330.0
SUMMERSIDE  2009   1  13   13    -14.3    -0.9     6.3  -999.9     0.0    18.5     2.9   330.0
SUMMERSIDE  2009   1  14   14    -17.1     1.7     7.6  -999.9     1.3    30.9     2.8   330.0
SUMMERSIDE  2009   1  15   15    -23.6   -17.0     4.5  -999.9     0.2    17.3     0.7   330.0
SUMMERSIDE  2009   1  16   16    -25.6   -17.5     5.1  -999.9     0.0    12.2     0.7   330.0
SUMMERSIDE  2009   1  17   17    -25.5   -18.9     4.6  -999.9     0.0    16.6     0.6   330.0
SUMMERSIDE  2009   1  18   18    -26.0    -4.1     8.5  -999.9     3.3    11.5     1.4   330.0
SUMMERSIDE  2009   1  19   19     -4.9     4.7     5.7  -999.9     3.7    26.2     5.5   330.0
SUMMERSIDE  2009   1  20   20    -16.0    -4.8     6.3  -999.9     0.2     9.1     2.5   330.0
SUMMERSIDE  2009   1  21   21    -16.0    -8.0     5.3  -999.9     0.0    10.8     2.1   330.0
SUMMERSIDE  2009   1  22   22    -12.3    -3.2     5.8  -999.9     0.0    26.0     2.8   330.0
SUMMERSIDE  2009   1  23   23    -16.1    -7.5     5.7  -999.9     0.5    17.9     1.6   330.0
SUMMERSIDE  2009   1  24   24    -16.9     1.7     8.5  -999.9     1.6    29.1     2.7   330.0
SUMMERSIDE  2009   1  25   25    -21.0   -11.9     6.0  -999.9     0.2    22.6     1.1   330.0
SUMMERSIDE  2009   1  26   26    -23.1   -18.0     4.5  -999.9     0.0    16.7     0.7   330.0
SUMMERSIDE  2009   1  27   27    -22.0   -12.8     6.2  -999.9     0.0    12.6     1.1   330.0
SUMMERSIDE  2009   1  28   28    -19.6    -5.5     7.8  -999.9     7.4    13.5     1.8   330.0
SUMMERSIDE  2009   1  29   29    -11.1     3.3     7.9  -999.9     4.9    31.8     3.9   330.0
SUMMERSIDE  2009   1  30   30    -13.9    -4.7     6.4  -999.9     0.0    11.0     2.6   330.0
SUMMERSIDE  2009   1  31   31    -10.7    -0.5     6.9  -999.9     1.9    14.5     3.4   330.0
SUMMERSIDE  2009   2   1   32    -10.5    -4.2     5.5  -999.9     0.0    20.5     2.9   330.0
SUMMERSIDE  2009   2   2   33     -9.0     3.1     7.7  -999.9     0.0    16.6     4.3   330.0
SUMMERSIDE  2009   2   3   34     -8.1     1.7     7.0  -999.9     4.7    27.4     4.0   330.0
SUMMERSIDE  2009   2   4   35    -14.5    -6.5     6.4  -999.9     0.4    19.4     2.4   330.0
SUMMERSIDE  2009   2   5   36    -15.5   -10.1     5.4  -999.9     0.0    16.3     1.9   330.0
SUMMERSIDE  2009   2   6   37    -19.7    -8.5     7.8  -999.9     0.0    17.2     1.6   330.0
SUMMERSIDE  2009   2   7   38    -15.6     0.4     9.5  -999.9     0.0    24.1     2.8   330.0
SUMMERSIDE  2009   2   8   39     -9.4     4.6     9.0  -999.9     1.4    28.0     4.6   330.0
SUMMERSIDE  2009   2   9   40    -13.5    -9.3     5.0  -999.9     0.0    34.0     1.7   330.0
SUMMERSIDE  2009   2  10   41    -14.6    -6.4     7.1  -999.9     0.0    20.7     1.7   330.0
SUMMERSIDE  2009   2  11   42     -8.8     1.0     7.9  -999.9     0.7    17.5     4.0   330.0
SUMMERSIDE  2009   2  12   43     -1.8     0.7     4.0  -999.9    17.3    19.0     5.8   330.0
SUMMERSIDE  2009   2  13   44    -12.2    -1.8     8.3  -999.9     0.4    40.1     2.8   330.0
SUMMERSIDE  2009   2  14   45    -16.1    -6.9     7.9  -999.9     0.6    18.7     2.2   330.0
SUMMERSIDE  2009   2  15   46    -10.9     0.1     8.8  -999.9     0.2    31.5     3.7   330.0
SUMMERSIDE  2009   2  16   47     -6.8     1.1     7.6  -999.9     0.0     7.9     4.2   330.0
SUMMERSIDE  2009   2  17   48    -12.3    -2.2     8.7  -999.9     0.0     8.0     3.0   330.0
SUMMERSIDE  2009   2  18   49    -16.1    -2.8    10.1  -999.9     0.0    12.0     2.4   330.0
SUMMERSIDE  2009   2  19   50    -16.4     0.2    11.5  -999.9     2.9    17.5     2.9   330.0
SUMMERSIDE  2009   2  20   51     -6.0     2.3     8.2  -999.9     0.6    24.4     4.7   330.0
SUMMERSIDE  2009   2  21   52     -8.3    -0.9     7.9  -999.9     0.0    33.3     3.2   330.0
SUMMERSIDE  2009   2  22   53     -8.8    -1.1     8.1  -999.9     0.0    16.3     3.0   330.0
SUMMERSIDE  2009   2  23   54     -5.6     2.0     8.2  -999.9     4.2    31.9     4.9   330.0
SUMMERSIDE  2009   2  24   55     -8.0    -3.4     6.5  -999.9     0.2    25.8     3.2   330.0
SUMMERSIDE  2009   2  25   56    -11.1    -0.7     9.9  -999.9     0.0    13.0     3.0   330.0
SUMMERSIDE  2009   2  26   57    -13.4     1.3    11.9  -999.9     0.2    17.8     3.3   330.0
SUMMERSIDE  2009   2  27   58      0.4     5.3     7.0  -999.9     0.0    30.6     6.1   330.0
SUMMERSIDE  2009   2  28   59    -10.6     5.9    12.9  -999.9     7.3    29.0     4.6   330.0
SUMMERSIDE  2009   3   1   60    -10.7    -6.1     6.9  -999.9     1.1    22.8     2.7   330.0
SUMMERSIDE  2009   3   2   61     -6.6    -0.2     8.3  -999.9    15.4    14.1     4.5   330.0
SUMMERSIDE  2009   3   3   62     -8.8    -0.1     9.8  -999.9     0.8     0.1     4.1   330.0
SUMMERSIDE  2009   3   4   63    -12.9    -7.4     7.9  -999.9     0.0     4.8     2.2   330.0
SUMMERSIDE  2009   3   5   64    -13.8    -3.9    10.7  -999.9     0.2     6.8     2.3   330.0
SUMMERSIDE  2009   3   6   65    -15.3     2.0    14.3  -999.9    22.6     5.2     3.2   330.0
SUMMERSIDE  2009   3   7   66     -1.5     4.9     8.8  -999.9     0.3    18.9     5.6   330.0
SUMMERSIDE  2009   3   8   67     -1.0     2.3     6.4  -999.9     3.8     7.9     5.9   330.0
SUMMERSIDE  2009   3   9   68    -12.5    -0.2    12.6  -999.9     0.2    21.0     3.1   330.0
SUMMERSIDE  2009   3  10   69    -10.6    -1.8    10.8  -999.9     0.0     9.0     3.2   330.0
SUMMERSIDE  2009   3  11   70     -7.0     3.3    11.8  -999.9     0.5    28.7     4.4   330.0
SUMMERSIDE  2009   3  12   71    -12.9     3.5    15.1  -999.9     0.2    37.9     2.5   330.0
SUMMERSIDE  2009   3  13   72    -14.9    -6.7    10.8  -999.9     0.0    26.2     1.4   330.0
SUMMERSIDE  2009   3  14   73     -9.5     2.9    13.4  -999.9     0.0    22.0     3.2   330.0
SUMMERSIDE  2009   3  15   74    -10.4    -1.4    11.6  -999.9     0.0    16.5     2.6   330.0
SUMMERSIDE  2009   3  16   75    -12.1    -0.6    13.2  -999.9     0.0    13.2     2.4   330.0
SUMMERSIDE  2009   3  17   76    -12.0     0.8    14.1  -999.9     0.0    11.4     3.0   330.0
SUMMERSIDE  2009   3  18   77     -5.2     4.4    12.4  -999.9     0.0    28.3     4.6   330.0
SUMMERSIDE  2009   3  19   78     -5.2     4.8    12.8  -999.9     0.2    26.5     5.0   330.0
SUMMERSIDE  2009   3  20   79    -10.6    -3.8    10.7  -999.9     0.0    13.5     2.5   330.0
SUMMERSIDE  2009   3  21   80    -11.1    -2.4    12.2  -999.9     0.0     8.8     3.0   330.0
SUMMERSIDE  2009   3  22   81     -8.5     2.4    13.8  -999.9     4.6    13.8     4.1   330.0
SUMMERSIDE  2009   3  23   82    -10.6    -0.7    13.3  -999.9     0.4    19.5     3.4   330.0
SUMMERSIDE  2009   3  24   83     -3.3    -2.0     4.9  -999.9     0.0    45.9     4.4   330.0
SUMMERSIDE  2009   3  25   84     -6.5    -2.0     9.2  -999.9     0.0    37.7     3.7   330.0
SUMMERSIDE  2009   3  26   85     -4.7    -0.3     9.2  -999.9     0.0    20.9     4.3   330.0
SUMMERSIDE  2009   3  27   86     -4.1     1.1    10.1  -999.9     0.0     7.0     5.0   330.0
SUMMERSIDE  2009   3  28   87     -3.1     7.3    14.4  -999.9     0.4    14.2     5.7   330.0
SUMMERSIDE  2009   3  29   88     -1.6     5.5    12.0  -999.9     0.0    14.5     6.3   330.0
SUMMERSIDE  2009   3  30   89     -1.7     0.5     6.7  -999.9     7.4    35.1     5.6   330.0
SUMMERSIDE  2009   3  31   90     -9.5    -0.1    14.1  -999.9     1.0    32.4     4.0   330.0
SUMMERSIDE  2009   4   1   91    -11.8     1.4    16.8  -999.9     0.0    11.0     3.5   330.0
SUMMERSIDE  2009   4   2   92      0.4     5.8    10.9  -999.9     0.5    25.1     6.8   330.0
SUMMERSIDE  2009   4   3   93      0.9     8.0    12.6  -999.9     5.7    16.2     8.1   330.0
SUMMERSIDE  2009   4   4   94      2.3    12.8    15.5  -999.9     4.4    25.9     9.7   330.0
SUMMERSIDE  2009   4   5   95      0.8     5.9    10.9  -999.9     0.5    14.3     7.1   330.0
SUMMERSIDE  2009   4   6   96     -0.3     2.8     8.6  -999.9     0.0    13.6     6.3   330.0
SUMMERSIDE  2009   4   7   97      0.0    11.1    16.3  -999.9     4.1    29.8     8.5   330.0
SUMMERSIDE  2009   4   8   98      1.6     6.3    10.7  -999.9     0.6    26.6     6.3   330.0
SUMMERSIDE  2009   4   9   99      1.3     8.1    13.0  -999.9     0.0    26.8     6.1   330.0
SUMMERSIDE  2009   4  10  100     -2.6    10.4    18.1  -999.9     0.0    13.0     5.8   330.0
SUMMERSIDE  2009   4  11  101     -2.4     6.3    15.0  -999.9     3.3     8.9     5.4   330.0
SUMMERSIDE  2009   4  12  102     -0.4     0.2     4.0  -999.9     7.7    29.9     6.0   330.0
SUMMERSIDE  2009   4  13  103     -0.9     0.4     5.9  -999.9     2.3    20.5     5.8   330.0
SUMMERSIDE  2009   4  14  104     -2.2     2.2    10.9  -999.9     0.0    18.0     5.1   330.0
SUMMERSIDE  2009   4  15  105     -4.0     4.7    15.5  -999.9     0.0    14.2     4.6   330.0
SUMMERSIDE  2009   4  16  106     -4.9     1.9    13.8  -999.9     0.0    19.0     3.9   330.0
SUMMERSIDE  2009   4  17  107     -3.0     7.3    17.1  -999.9     2.2    10.7     5.3   330.0
SUMMERSIDE  2009   4  18  108     -4.0     2.3    13.5  -999.9     0.2    14.1     4.7   330.0
SUMMERSIDE  2009   4  19  109     -4.8     3.3    15.4  -999.9     0.0    10.7     4.0   330.0
SUMMERSIDE  2009   4  20  110     -4.4     7.2    18.5  -999.9     0.0    11.3     4.4   330.0
SUMMERSIDE  2009   4  21  111     -1.1    12.8    20.4  -999.9     7.2    21.0     6.7   330.0
SUMMERSIDE  2009   4  22  112      7.7    14.0    13.8  -999.9     7.7    36.0    12.1   330.0
SUMMERSIDE  2009   4  23  113      4.8    12.5    15.4  -999.9     1.7    38.2     9.3   330.0
SUMMERSIDE  2009   4  24  114      3.4    14.3    18.5  -999.9     0.0    26.5     7.7   330.0
SUMMERSIDE  2009   4  25  115      3.5    21.3    23.7  -999.9     0.0    22.6     8.8   330.0
SUMMERSIDE  2009   4  26  116     -1.1    14.6    22.4  -999.9     0.0    23.0     7.2   330.0
SUMMERSIDE  2009   4  27  117     -2.1    12.3    21.6  -999.9     0.0    14.8     5.1   330.0
SUMMERSIDE  2009   4  28  118      5.6    23.1    24.0  -999.9     7.9    27.2    12.1   330.0
SUMMERSIDE  2009   4  29  119      1.8    10.6    17.1  -999.9     0.0    27.9     4.5   330.0
SUMMERSIDE  2009   4  30  120      1.2    13.6    20.4  -999.9     0.2    16.0     5.3   330.0
SUMMERSIDE  2009   5   1  121      5.2    11.7    14.9  -999.9     4.2    33.7     9.4   330.0
SUMMERSIDE  2009   5   2  122      3.6    14.9    19.7  -999.9     2.5    19.7    10.0   330.0
SUMMERSIDE  2009   5   3  123      2.6    17.7    22.9  -999.9     0.0    18.9     8.6   330.0
SUMMERSIDE  2009   5   4  124      5.3    18.7    21.7  -999.9     0.0    21.5     9.6   330.0
SUMMERSIDE  2009   5   5  125      3.3    12.5    18.1  -999.9     0.9    16.0     5.6   330.0
SUMMERSIDE  2009   5   6  126      5.1    11.4    15.0  -999.9     6.1    16.1    10.1   330.0
SUMMERSIDE  2009   5   7  127      4.6     9.0    12.6  -999.9     7.7    13.3     9.1   330.0
SUMMERSIDE  2009   5   8  128      6.6    11.2    13.0  -999.9     6.0    12.8    10.4   330.0
SUMMERSIDE  2009   5   9  129      6.8    20.4    22.4  -999.9     4.9    17.1    12.6   330.0
SUMMERSIDE  2009   5  10  130      2.8    11.9    18.4  -999.9     7.2    30.3     9.6   330.0
SUMMERSIDE  2009   5  11  131      2.8    10.0    16.5  -999.9     1.1    12.9     7.5   330.0
SUMMERSIDE  2009   5  12  132      2.9    12.9    19.5  -999.9     0.5    12.2     7.2   330.0
SUMMERSIDE  2009   5  13  133      2.1    21.1    27.0  -999.9     0.0    14.0     7.8   330.0
SUMMERSIDE  2009   5  14  134      6.1    18.3    21.7  -999.9     0.3    26.6     8.2   330.0
SUMMERSIDE  2009   5  15  135     10.4    17.3    16.4  -999.9     0.5    33.1    11.4   330.0
SUMMERSIDE  2009   5  16  136      5.4    15.7    20.1  -999.9     0.0    15.8     7.7   330.0
SUMMERSIDE  2009   5  17  137     10.8    16.1    14.5  -999.9     8.7    27.5    13.7   330.0
SUMMERSIDE  2009   5  18  138      4.1    11.0    16.6  -999.9     6.6    17.6     8.0   330.0
SUMMERSIDE  2009   5  19  139      4.3    13.2    18.9  -999.9     2.4    16.1     9.1   330.0
SUMMERSIDE  2009   5  20  140      7.5    13.3    15.3  -999.9     0.0    17.5     8.0   330.0
SUMMERSIDE  2009   5  21  141      8.4    25.8    26.6  -999.9     0.0    25.5    11.9   330.0
SUMMERSIDE  2009   5  22  142      5.8    23.7    27.1  -999.9     0.0    18.0    11.0   330.0
SUMMERSIDE  2009   5  23  143      6.8    14.8    18.2  -999.9     0.0    14.6     7.3   330.0
SUMMERSIDE  2009   5  24  144      6.1    18.6    22.8  -999.9     0.0    23.5     9.4   330.0
SUMMERSIDE  2009   5  25  145      4.9    16.1    21.6  -999.9     0.0    22.3     8.1   330.0
SUMMERSIDE  2009   5  26  146      1.6    13.1    22.0  -999.9     0.0    20.1     6.1   330.0
SUMMERSIDE  2009   5  27  147      0.3    14.6    24.6  -999.9     0.0    10.8     6.5   330.0
SUMMERSIDE  2009   5  28  148      7.7    15.0    17.6  -999.9     0.2    10.7    10.7   330.0
SUMMERSIDE  2009   5  29  149      6.6    15.1    19.0  -999.9     1.5    23.6     9.9   330.0
SUMMERSIDE  2009   5  30  150     11.4    18.5    17.4  -999.9     0.0    16.5    15.2   330.0
SUMMERSIDE  2009   5  31  151     10.9    22.5    22.3  -999.9     2.3    17.8    12.7   330.0
SUMMERSIDE  2009   6   1  152      7.8    15.5    18.2  -999.9     4.9    34.1    10.4   330.0
SUMMERSIDE  2009   6   2  153      7.0    19.0    22.8  -999.9     0.3    19.7     8.9   330.0
SUMMERSIDE  2009   6   3  154      7.1    20.8    24.4  -999.9     0.0    11.5     9.2   330.0
SUMMERSIDE  2009   6   4  155      5.8    22.5    27.0  -999.9     0.0    13.8     9.6   330.0
SUMMERSIDE  2009   6   5  156      5.8    23.0    27.5  -999.9     0.0    21.6    10.1   330.0
SUMMERSIDE  2009   6   6  157     10.7    20.0    20.2  -999.9     1.9    18.1    11.9   330.0
SUMMERSIDE  2009   6   7  158      7.5    21.4    24.8  -999.9     0.0    18.4    10.7   330.0
SUMMERSIDE  2009   6   8  159      6.2    17.3    22.2  -999.9     0.0    15.0     8.2   330.0
SUMMERSIDE  2009   6   9  160      5.4    14.2    19.8  -999.9     0.0    17.0     8.9   330.0
SUMMERSIDE  2009   6  10  161      6.5    13.7    17.9  -999.9     0.0    10.5     9.5   330.0
SUMMERSIDE  2009   6  11  162      9.8    15.1    15.4  -999.9     6.0    11.4    13.2   330.0
SUMMERSIDE  2009   6  12  163     10.9    17.8    17.5  -999.9    83.7    16.5    15.7   330.0
SUMMERSIDE  2009   6  13  164     10.3    18.4    19.0  -999.9     0.0    15.5    14.0   330.0
SUMMERSIDE  2009   6  14  165     10.0    19.0    20.1  -999.9     0.0     9.9    14.4   330.0
SUMMERSIDE  2009   6  15  166      9.9    20.8    22.1  -999.9     0.0     9.8    13.5   330.0
SUMMERSIDE  2009   6  16  167     11.6    21.0    20.5  -999.9     0.0    15.0    11.8   330.0
SUMMERSIDE  2009   6  17  168     11.4    24.9    24.6  -999.9     0.0    21.2    13.0   330.0
SUMMERSIDE  2009   6  18  169     13.6    25.6    23.2  -999.9     0.0    24.1    13.7   330.0
SUMMERSIDE  2009   6  19  170     13.6    23.4    21.0  -999.9     0.0    20.6    14.0   330.0
SUMMERSIDE  2009   6  20  171     15.7    24.4    19.8  -999.9     2.1    19.1    17.4   330.0
SUMMERSIDE  2009   6  21  172     14.3    18.6    13.9  -999.9     0.2    27.9    16.3   330.0
SUMMERSIDE  2009   6  22  173     12.3    15.2    11.4  -999.9    17.6    28.8    14.2   330.0
SUMMERSIDE  2009   6  23  174     12.4    14.8    10.4  -999.9     2.0    20.2    14.9   330.0
SUMMERSIDE  2009   6  24  175     13.3    20.7    18.2  -999.9     0.0    10.4    18.4   330.0
SUMMERSIDE  2009   6  25  176     14.8    26.9    23.3  -999.9     5.0    10.5    21.9   330.0
SUMMERSIDE  2009   6  26  177     16.8    24.5    18.6  -999.9     0.0    19.3    20.2   330.0
SUMMERSIDE  2009   6  27  178     15.4    25.0    20.7  -999.9     0.0     8.2    20.4   330.0
SUMMERSIDE  2009   6  28  179     15.7    24.2    19.5  -999.9     0.0    13.0    19.5   330.0
SUMMERSIDE  2009   6  29  180     15.5    19.8    13.8  -999.9     6.0    22.3    18.3   330.0
SUMMERSIDE  2009   6  30  181     14.9    19.1    13.7  -999.9     4.5     8.7    18.1   330.0
SUMMERSIDE  2009   7   1  182     14.2    20.2    16.3  -999.9     1.1     8.8    17.5   330.0
SUMMERSIDE  2009   7   2  183     14.5    18.8    13.8  -999.9     2.1     7.0    16.9   330.0
SUMMERSIDE  2009   7   3  184     15.8    23.2    18.1  -999.9     3.3    15.0    20.6   330.0
SUMMERSIDE  2009   7   4  185     16.9    22.1    15.1  -999.9    35.3    14.1    20.5   330.0
SUMMERSIDE  2009   7   5  186     12.6    20.3    18.4  -999.9     2.1    16.8    17.4   330.0
SUMMERSIDE  2009   7   6  187     10.3    15.3    14.8  -999.9     1.1    22.8    12.4   330.0
SUMMERSIDE  2009   7   7  188      6.1    15.5    20.2  -999.9     0.0    18.4     9.3   330.0
SUMMERSIDE  2009   7   8  189      5.6    17.5    22.7  -999.9     0.0     9.2    10.0   330.0
SUMMERSIDE  2009   7   9  190      5.8    20.9    25.5  -999.9     0.0     7.8     9.9   330.0
SUMMERSIDE  2009   7  10  191     13.8    26.2    23.1  -999.9     0.7    18.3    15.3   330.0
SUMMERSIDE  2009   7  11  192     13.4    25.5    22.8  -999.9     0.0    18.9    14.4   330.0
SUMMERSIDE  2009   7  12  193     14.0    22.7    19.3  -999.9     0.0    23.8    16.5   330.0
SUMMERSIDE  2009   7  13  194     13.3    23.1    20.4  -999.9    12.7    12.5    17.5   330.0
SUMMERSIDE  2009   7  14  195     12.7    21.5    19.3  -999.9     0.2    15.7    15.4   330.0
SUMMERSIDE  2009   7  15  196     11.0    22.5    22.0  -999.9     0.2    13.1    14.3   330.0
SUMMERSIDE  2009   7  16  197     11.9    21.6    20.1  -999.9     0.0    14.2    13.6   330.0
SUMMERSIDE  2009   7  17  198     16.1    22.1    15.8  -999.9     6.1    15.1    19.2   330.0
SUMMERSIDE  2009   7  18  199     18.2    23.5    14.8  -999.9     0.0    17.7    22.2   330.0
SUMMERSIDE  2009   7  19  200     15.9    26.0    20.4  -999.9     0.0    18.9    21.1   330.0
SUMMERSIDE  2009   7  20  201     15.3    26.4    21.3  -999.9     0.0    15.6    18.7   330.0
SUMMERSIDE  2009   7  21  202     16.9    24.0    17.0  -999.9     0.8    11.0    18.6   330.0
SUMMERSIDE  2009   7  22  203     16.0    22.8    16.5  -999.9    38.4    13.0    21.3   330.0
SUMMERSIDE  2009   7  23  204     13.9    20.4    16.1  -999.9     0.0    20.3    16.7   330.0
SUMMERSIDE  2009   7  24  205     12.5    19.7    16.9  -999.9    11.6    14.5    15.9   330.0
SUMMERSIDE  2009   7  25  206     15.5    20.2    13.6  -999.9     3.4    27.2    18.3   330.0
SUMMERSIDE  2009   7  26  207     16.2    25.3    18.9  -999.9     0.0    13.8    20.7   330.0
SUMMERSIDE  2009   7  27  208     17.9    25.7    17.4  -999.9     0.0    16.8    22.8   330.0
SUMMERSIDE  2009   7  28  209     18.0    27.2    18.8  -999.9     0.0    19.6    22.3   330.0
SUMMERSIDE  2009   7  29  210     17.1    27.9    20.3  -999.9     0.0    18.2    21.7   330.0
SUMMERSIDE  2009   7  30  211     17.8    23.4    14.5  -999.9    11.9    18.8    22.4   330.0
SUMMERSIDE  2009   7  31  212     17.4    27.3    19.3  -999.9    22.1    16.8    22.6   330.0
SUMMERSIDE  2009   8   1  213     17.1    26.3    18.5  -999.9     7.6    10.7    21.8   330.0
SUMMERSIDE  2009   8   2  214     16.6    27.0    19.5  -999.9     0.0    12.6    20.7   330.0
SUMMERSIDE  2009   8   3  215     17.6    25.2    16.6  -999.9    21.2    14.4    22.4   330.0
SUMMERSIDE  2009   8   4  216     16.9    26.8    18.9  -999.9     0.0    14.2    19.9   330.0
SUMMERSIDE  2009   8   5  217     17.6    24.2    15.3  -999.9     0.0    26.7    21.0   330.0
SUMMERSIDE  2009   8   6  218     15.1    25.2    18.9  -999.9     0.0    11.3    17.9   330.0
SUMMERSIDE  2009   8   7  219     13.5    23.9    19.1  -999.9    29.1     9.1    18.3   330.0
SUMMERSIDE  2009   8   8  220     13.3    21.5    16.8  -999.9     4.5    16.4    14.7   330.0
SUMMERSIDE  2009   8   9  221     11.7    23.9    20.4  -999.9     0.4    14.0    13.9   330.0
SUMMERSIDE  2009   8  10  222     14.2    17.9    11.2  -999.9     1.4    16.8    16.1   330.0
SUMMERSIDE  2009   8  11  223     13.5    20.2    15.0  -999.9     0.0    10.7    16.8   330.0
SUMMERSIDE  2009   8  12  224     10.9    22.9    19.9  -999.9     0.2     9.4    15.1   330.0
SUMMERSIDE  2009   8  13  225     12.0    25.0    20.6  -999.9     0.0    12.5    16.4   330.0
SUMMERSIDE  2009   8  14  226     14.9    28.0    20.5  -999.9     0.0    16.3    19.7   330.0
SUMMERSIDE  2009   8  15  227     18.0    30.4    19.9  -999.9     0.0    16.2    22.8   330.0
SUMMERSIDE  2009   8  16  228     18.7    23.9    12.8  -999.9     0.0    12.3    20.5   330.0
SUMMERSIDE  2009   8  17  229     19.1    28.4    17.0  -999.9     0.0    12.0    23.8   330.0
SUMMERSIDE  2009   8  18  230     18.9    29.9    18.4  -999.9     0.0    17.9    24.2   330.0
SUMMERSIDE  2009   8  19  231     18.4    26.7    15.8  -999.9     0.0    19.4    22.0   330.0
SUMMERSIDE  2009   8  20  232     16.9    26.1    16.6  -999.9     0.0     9.8    18.8   330.0
SUMMERSIDE  2009   8  21  233     17.8    28.1    17.4  -999.9     0.0    13.5    20.5   330.0
SUMMERSIDE  2009   8  22  234     21.2    27.3    13.3  -999.9     0.0    26.5    25.3   330.0
SUMMERSIDE  2009   8  23  235     14.1    21.8    14.8  -999.9    28.6    23.4    19.1   330.0
SUMMERSIDE  2009   8  24  236     14.2    18.1    10.5  -999.9     1.6     5.1    16.8   330.0
SUMMERSIDE  2009   8  25  237     12.9    23.0    16.7  -999.9     0.0     7.8    17.5   330.0
SUMMERSIDE  2009   8  26  238     12.6    21.1    15.2  -999.9     0.5    30.1    16.3   330.0
SUMMERSIDE  2009   8  27  239      9.8    18.6    15.4  -999.9     0.0    20.0     9.5   330.0
SUMMERSIDE  2009   8  28  240      6.2    18.6    18.1  -999.9     0.0    14.5     9.5   330.0
SUMMERSIDE  2009   8  29  241      5.4    17.8    18.0  -999.9    49.6    10.5    11.6   330.0
SUMMERSIDE  2009   8  30  242     12.8    18.8    12.4  -999.9    20.4    17.2    16.4   330.0
SUMMERSIDE  2009   8  31  243      9.4    22.0    17.8  -999.9     0.0    17.5    14.3   330.0
SUMMERSIDE  2009   9   1  244      9.8    19.8    15.7  -999.9     0.0    13.5    11.6   330.0
SUMMERSIDE  2009   9   2  245     12.1    23.4    16.6  -999.9     0.0    22.2    13.9   330.0
SUMMERSIDE  2009   9   3  246     14.5    23.8    14.9  -999.9     0.0    23.7    17.4   330.0
SUMMERSIDE  2009   9   4  247     13.2    25.0    16.6  -999.9     0.0    16.7    17.3   330.0
SUMMERSIDE  2009   9   5  248     10.3    19.5    14.6  -999.9     0.0    14.2    12.7   330.0
SUMMERSIDE  2009   9   6  249      7.3    16.6    14.5  -999.9     0.0    16.1     9.9   330.0
SUMMERSIDE  2009   9   7  250     11.8    20.3    13.7  -999.9     0.0    27.8    11.7   330.0
SUMMERSIDE  2009   9   8  251      7.6    22.4    18.0  -999.9     0.4    16.0    14.2   330.0
SUMMERSIDE  2009   9   9  252      3.9    16.0    16.1  -999.9     0.0    16.9     8.6   330.0
SUMMERSIDE  2009   9  10  253      3.2    17.8    17.5  -999.9     0.0    11.8     8.6   330.0
SUMMERSIDE  2009   9  11  254      9.9    21.3    15.3  -999.9     0.0    21.0    12.3   330.0
SUMMERSIDE  2009   9  12  255     11.9    23.8    15.5  -999.9     0.0    14.2    15.1   330.0
SUMMERSIDE  2009   9  13  256     14.1    19.1     9.9  -999.9     5.1    18.2    17.2   330.0
SUMMERSIDE  2009   9  14  257      9.7    17.8    12.5  -999.9     0.4    15.8    12.6   330.0
SUMMERSIDE  2009   9  15  258      8.7    16.0    11.8  -999.9     0.2    17.0    11.1   330.0
SUMMERSIDE  2009   9  16  259      1.7    11.9    13.8  -999.9     1.6    13.3     7.9   330.0
SUMMERSIDE  2009   9  17  260      4.4    16.3    14.7  -999.9     0.0     8.5     9.4   330.0
SUMMERSIDE  2009   9  18  261      5.6    19.8    15.9  -999.9     0.8    18.8    11.6   330.0
SUMMERSIDE  2009   9  19  262      7.1    14.0    11.0  -999.9     0.0    22.6     9.1   330.0
SUMMERSIDE  2009   9  20  263      6.9    17.5    13.4  -999.9     0.0    17.0    10.3   330.0
SUMMERSIDE  2009   9  21  264      5.4    21.3    16.3  -999.9     0.0     9.8    11.9   330.0
SUMMERSIDE  2009   9  22  265     10.8    20.6    12.6  -999.9     0.0    22.5    14.4   330.0
SUMMERSIDE  2009   9  23  266     14.6    20.9    10.0  -999.9     2.2    31.3    17.7   330.0
SUMMERSIDE  2009   9  24  267     10.6    17.9    10.7  -999.9    11.3    14.3    14.1   330.0
SUMMERSIDE  2009   9  25  268      7.0    11.7     8.5  -999.9     3.1    27.7     9.7   330.0
SUMMERSIDE  2009   9  26  269      3.4    12.8    11.8  -999.9     0.0    16.8     7.5   330.0
SUMMERSIDE  2009   9  27  270      7.8    15.3    10.4  -999.9     0.0    24.6    10.5   330.0
SUMMERSIDE  2009   9  28  271     12.6    20.5    10.6  -999.9    13.2    24.7    17.0   330.0
SUMMERSIDE  2009   9  29  272     11.9    20.0    10.6  -999.9    10.4    22.3    16.5   330.0
SUMMERSIDE  2009   9  30  273     12.4    19.4     9.7  -999.9     0.7    18.5    15.2   330.0
SUMMERSIDE  2009  10   1  274      5.9    17.6    12.4  -999.9     3.5    14.0    11.5   330.0
SUMMERSIDE  2009  10   2  275      6.0    12.5     9.1  -999.9     0.7     8.4     9.9   330.0
SUMMERSIDE  2009  10   3  276      7.1    15.2    10.1  -999.9     0.0     9.2     9.9   330.0
SUMMERSIDE  2009  10   4  277      9.8    14.2     7.3  -999.9    25.7    17.6    12.2   330.0
SUMMERSIDE  2009  10   5  278     10.5    14.0     6.5  -999.9    35.1    17.0    13.2   330.0
SUMMERSIDE  2009  10   6  279      7.4    12.3     7.5  -999.9     0.0    17.7    10.0   330.0
SUMMERSIDE  2009  10   7  280      6.7    12.7     8.2  -999.9    36.6    16.2    10.7   330.0
SUMMERSIDE  2009  10   8  281      7.4    11.5     6.7  -999.9    16.5    31.3    10.6   330.0
SUMMERSIDE  2009  10   9  282      5.9    12.2     8.2  -999.9     0.5    10.5     9.8   330.0
SUMMERSIDE  2009  10  10  283      4.7    11.4     8.4  -999.9    11.8    17.2     9.8   330.0
SUMMERSIDE  2009  10  11  284      3.7    11.6     9.0  -999.9     0.0    23.0     6.8   330.0
SUMMERSIDE  2009  10  12  285      2.3    10.3     8.9  -999.9     0.0    25.6     6.0   330.0
SUMMERSIDE  2009  10  13  286      2.1     8.3     7.7  -999.9     0.0    10.6     6.2   330.0
SUMMERSIDE  2009  10  14  287      1.6     8.1     7.8  -999.9     0.8    20.9     6.2   330.0
SUMMERSIDE  2009  10  15  288     -3.1     6.8     9.5  -999.9     0.0    13.5     5.1   330.0
SUMMERSIDE  2009  10  16  289     -3.3     8.0    10.0  -999.9     1.3    21.6     5.6   330.0
SUMMERSIDE  2009  10  17  290      3.7     8.3     6.3  -999.9     0.0    23.0     6.4   330.0
SUMMERSIDE  2009  10  18  291      3.2    10.1     7.6  -999.9     7.9    17.0     7.1   330.0
SUMMERSIDE  2009  10  19  292      4.3     7.0     4.7  -999.9     8.7    29.7     8.2   330.0
SUMMERSIDE  2009  10  20  293      2.8     9.8     7.5  -999.9     0.0    12.2     7.4   330.0
SUMMERSIDE  2009  10  21  294      0.9    10.2     8.5  -999.9     0.0    15.7     6.7   330.0
SUMMERSIDE  2009  10  22  295      0.9     7.3     6.9  -999.9    21.9    11.8     7.0   330.0
SUMMERSIDE  2009  10  23  296      1.9     4.5     4.4  -999.9     2.8    27.0     6.2   330.0
SUMMERSIDE  2009  10  24  297     -0.1    11.9     9.2  -999.9    13.4    16.5     7.6   330.0
SUMMERSIDE  2009  10  25  298      5.7    16.7     8.7  -999.9    24.9    28.6    10.7   330.0
SUMMERSIDE  2009  10  26  299     -0.5     8.7     7.9  -999.9     0.0    24.6     5.0   330.0
SUMMERSIDE  2009  10  27  300     -1.7     4.5     6.4  -999.9     0.0     9.5     4.7   330.0
SUMMERSIDE  2009  10  28  301     -1.7     6.1     7.0  -999.9     0.0    12.4     5.3   330.0
SUMMERSIDE  2009  10  29  302     -3.2     5.9     7.5  -999.9     0.2    13.2     5.1   330.0
SUMMERSIDE  2009  10  30  303     -3.5     9.1     8.7  -999.9     0.0     9.5     5.5   330.0
SUMMERSIDE  2009  10  31  304      6.7    16.8     7.7  -999.9     3.8    38.5    10.8   330.0
SUMMERSIDE  2009  11   1  305      0.1    11.8     8.1  -999.9     2.4    20.5     7.5   330.0
SUMMERSIDE  2009  11   2  306      0.3     8.2     6.6  -999.9     0.0    13.5     6.3   330.0
SUMMERSIDE  2009  11   3  307     -0.1     6.6     6.0  -999.9    10.4    11.5     7.2   330.0
SUMMERSIDE  2009  11   4  308      0.3     6.4     5.6  -999.9     0.0    19.7     5.4   330.0
SUMMERSIDE  2009  11   5  309     -2.9     3.8     5.8  -999.9     0.0     8.0     4.4   330.0
SUMMERSIDE  2009  11   6  310      1.2     4.4     4.0  -999.9     5.5    38.8     6.0   330.0
SUMMERSIDE  2009  11   7  311     -2.6     2.7     5.0  -999.9     0.2    18.2     4.0   330.0
SUMMERSIDE  2009  11   8  312      2.4    10.7     6.2  -999.9     0.0    24.6     7.5   330.0
SUMMERSIDE  2009  11   9  313      5.1    13.3     6.1  -999.9     0.0    20.8     7.1   330.0
SUMMERSIDE  2009  11  10  314      2.2    12.7     6.8  -999.9     0.0    18.1     7.7   330.0
SUMMERSIDE  2009  11  11  315     -1.0     7.7     6.1  -999.9     0.2    14.3     5.7   330.0
SUMMERSIDE  2009  11  12  316     -0.3     9.6     6.5  -999.9     0.0    15.2     6.2   330.0
SUMMERSIDE  2009  11  13  317     -1.7     9.0     6.6  -999.9     0.0     7.9     6.2   330.0
SUMMERSIDE  2009  11  14  318     -1.9    10.4     7.0  -999.9     0.0    11.2     6.9   330.0
SUMMERSIDE  2009  11  15  319      5.6    14.1     5.8  -999.9    17.6    18.7    11.3   330.0
SUMMERSIDE  2009  11  16  320      4.4    12.1     5.4  -999.9     0.2    22.4     8.8   330.0
SUMMERSIDE  2009  11  17  321     -2.9     4.8     5.3  -999.9     0.4    18.5     4.8   330.0
SUMMERSIDE  2009  11  18  322     -3.5     7.7     6.4  -999.9     0.0    19.3     5.5   330.0
SUMMERSIDE  2009  11  19  323      2.9     6.9     3.8  -999.9     0.0    14.2     5.4   330.0
SUMMERSIDE  2009  11  20  324      2.7    12.6     5.8  -999.9     1.0    22.0     9.3   330.0
SUMMERSIDE  2009  11  21  325      6.0     9.6     3.5  -999.9     0.0    24.3     8.2   330.0
SUMMERSIDE  2009  11  22  326     -3.7     6.3     5.7  -999.9     0.0    15.6     5.0   330.0
SUMMERSIDE  2009  11  23  327     -4.7     4.9     5.6  -999.9     0.2    10.3     5.1   330.0
SUMMERSIDE  2009  11  24  328      0.2     7.0     4.6  -999.9     1.9     7.7     6.9   330.0
SUMMERSIDE  2009  11  25  329      5.2     9.8     3.8  -999.9     0.8    13.4     9.9   330.0
SUMMERSIDE  2009  11  26  330      5.6     7.9     2.6  -999.9     0.4    11.1     9.6   330.0
SUMMERSIDE  2009  11  27  331      5.5    13.1     4.8  -999.9    14.9    20.3    11.4   330.0
SUMMERSIDE  2009  11  28  332      2.7    12.0     5.2  -999.9     1.2    19.5     9.2   330.0
SUMMERSIDE  2009  11  29  333      0.3     4.0     3.3  -999.9     0.2    31.5     5.1   330.0
SUMMERSIDE  2009  11  30  334     -0.8     7.4     4.8  -999.9     4.7    13.5     6.8   330.0
SUMMERSIDE  2009  12   1  335     -2.4     1.8     3.4  -999.9     0.2    21.5     5.3   330.0
SUMMERSIDE  2009  12   2  336     -1.9     3.0     3.7  -999.9     0.0    20.9     4.9   330.0
SUMMERSIDE  2009  12   3  337     -1.0    10.5     5.6  -999.9    18.9    20.7     7.9   330.0
SUMMERSIDE  2009  12   4  338      0.0     4.8     3.6  -999.9     0.0    13.4     6.6   330.0
SUMMERSIDE  2009  12   5  339     -0.3     4.8     3.6  -999.9     6.3    12.5     6.6   330.0
SUMMERSIDE  2009  12   6  340     -4.1     1.8     3.9  -999.9     3.9    33.0     5.3   330.0
SUMMERSIDE  2009  12   7  341     -8.7    -2.3     4.0  -999.9     0.0    20.8     3.3   330.0
SUMMERSIDE  2009  12   8  342     -9.3    -3.0     4.0  -999.9     0.0    14.1     3.2   330.0
SUMMERSIDE  2009  12   9  343     -7.1    -0.2     4.1  -999.9     3.7    14.6     3.8   330.0
SUMMERSIDE  2009  12  10  344     -1.5     5.0     4.0  -999.9     3.8    33.2     5.9   330.0
SUMMERSIDE  2009  12  11  345     -6.9    -1.3     3.7  -999.9     0.2    43.3     2.9   330.0
SUMMERSIDE  2009  12  12  346     -9.7    -6.4     2.8  -999.9     0.0    45.0     2.0   330.0
SUMMERSIDE  2009  12  13  347     -9.6     0.5     4.9  -999.9     0.8    24.5     3.0   330.0
SUMMERSIDE  2009  12  14  348     -5.0     1.7     4.0  -999.9     1.5    12.2     4.9   330.0
SUMMERSIDE  2009  12  15  349     -3.1     1.4     3.3  -999.9     1.9     6.6     5.5   330.0
SUMMERSIDE  2009  12  16  350    -14.7     2.2     6.3  -999.9     2.2    26.0     3.5   330.0
SUMMERSIDE  2009  12  17  351    -15.0   -11.0     3.1  -999.9     0.3    25.9     1.8   330.0
SUMMERSIDE  2009  12  18  352    -11.5    -7.5     3.1  -999.9     0.0    27.5     2.2   330.0
SUMMERSIDE  2009  12  19  353    -11.1    -6.2     3.4  -999.9     0.2    11.0     2.6   330.0
SUMMERSIDE  2009  12  20  354     -6.3     0.7     4.0  -999.9     0.2    17.2     4.4   330.0
SUMMERSIDE  2009  12  21  355      0.5     1.6     1.6  -999.9     7.0    24.7     6.5   330.0
SUMMERSIDE  2009  12  22  356      1.1     2.9     2.1  -999.9     1.0    23.1     6.7   330.0
SUMMERSIDE  2009  12  23  357      1.7     2.7     1.5  -999.9     7.0    21.2     6.9   330.0
SUMMERSIDE  2009  12  24  358     -1.3     1.7     2.7  -999.9     0.2    27.6     5.6   330.0
SUMMERSIDE  2009  12  25  359     -2.0    -0.1     2.1  -999.9     0.2    22.0     4.7   330.0
SUMMERSIDE  2009  12  26  360     -1.5    -0.3     1.7  -999.9     0.2    11.8     4.8   330.0
SUMMERSIDE  2009  12  27  361     -2.2     4.9     4.1  -999.9     1.9    21.0     5.6   330.0
SUMMERSIDE  2009  12  28  362     -1.1     6.7     4.3  -999.9     1.0    19.7     6.8   330.0
SUMMERSIDE  2009  12  29  363    -10.9     0.2     5.2  -999.9     4.7    35.3     4.0   330.0
SUMMERSIDE  2009  12  30  364    -12.0   -10.2     2.1  -999.9     0.0    37.7     2.0   330.0
SUMMERSIDE  2009  12  31  365    -14.7    -7.1     4.3  -999.9     0.0     9.4     2.2   330.0
