SUMMERSIDE  2022   1   1    1     -1.0     5.0     3.9  -999.9     2.6    11.2     6.9   330.0
SUMMERSIDE  2022   1   2    2     -4.9     4.8     4.9  -999.9     4.1    20.8     6.0   330.0
SUMMERSIDE  2022   1   3    3    -12.3    -4.9     4.3  -999.9     0.2    16.2     2.6   330.0
SUMMERSIDE  2022   1   4    4    -11.4    -6.3     3.6  -999.9     0.4    19.0     2.4   330.0
SUMMERSIDE  2022   1   5    5    -10.7     5.8     6.6  -999.9     3.6    24.8     4.3   330.0
SUMMERSIDE  2022   1   6    6     -1.8     7.1     4.9  -999.9    10.8    14.3     7.0   330.0
SUMMERSIDE  2022   1   7    7     -5.1    -1.1     3.3  -999.9     7.3    31.4     4.6   330.0
SUMMERSIDE  2022   1   8    8    -13.9    -5.1     4.9  -999.9     0.4    30.5     2.4   330.0
SUMMERSIDE  2022   1   9    9     -9.7     2.3     5.8  -999.9     1.1    25.2     4.0   330.0
SUMMERSIDE  2022   1  10   10    -15.9     2.3     7.2  -999.9     0.0    26.2     2.4   330.0
SUMMERSIDE  2022   1  11   11    -18.1   -15.7     2.6  -999.9     0.0    20.5     1.1   330.0
SUMMERSIDE  2022   1  12   12    -19.1    -2.4     7.0  -999.9     1.8    21.1     2.2   330.0
SUMMERSIDE  2022   1  13   13    -10.6    -3.1     4.7  -999.9     0.0     7.7     3.1   330.0
SUMMERSIDE  2022   1  14   14     -6.5    -0.7     4.2  -999.9     2.6    24.6     4.5   330.0
SUMMERSIDE  2022   1  15   15    -15.6    -6.1     5.4  -999.9     4.4    50.1     2.3   330.0
SUMMERSIDE  2022   1  16   16    -16.4   -10.6     4.3  -999.9     0.0    27.3     1.4   330.0
SUMMERSIDE  2022   1  17   17    -16.8     5.3     8.5  -999.9     2.4    26.3     3.1   330.0
SUMMERSIDE  2022   1  18   18    -14.3     5.0     8.0  -999.9     0.2    26.8     3.6   330.0
SUMMERSIDE  2022   1  19   19    -16.9    -0.6     7.5  -999.9     0.4    23.1     2.2   330.0
SUMMERSIDE  2022   1  20   20    -12.8     1.3     7.0  -999.9     0.3    16.4     3.2   330.0
SUMMERSIDE  2022   1  21   21    -18.5   -12.6     4.6  -999.9     0.2    15.3     1.4   330.0
SUMMERSIDE  2022   1  22   22    -20.8   -10.1     6.3  -999.9     0.0     6.6     1.4   330.0
SUMMERSIDE  2022   1  23   23    -11.6    -3.6     5.5  -999.9     0.2    10.5     3.0   330.0
SUMMERSIDE  2022   1  24   24    -20.5    -4.9     7.7  -999.9     0.2     8.5     1.7   330.0
SUMMERSIDE  2022   1  25   25    -15.6     0.1     7.9  -999.9     1.2    12.8     3.0   330.0
SUMMERSIDE  2022   1  26   26    -18.5   -10.1     5.8  -999.9     0.0    12.5     1.6   330.0
SUMMERSIDE  2022   1  27   27    -20.5    -9.4     6.8  -999.9     0.2    13.5     1.5   330.0
SUMMERSIDE  2022   1  28   28     -9.9    -2.6     5.6  -999.9     2.2    20.0     3.3   330.0
SUMMERSIDE  2022   1  29   29    -10.7    -0.6     6.7  -999.9     4.8    42.5     3.7   330.0
SUMMERSIDE  2022   1  30   30    -12.3     1.1     7.8  -999.9     0.0    29.9     3.3   330.0
SUMMERSIDE  2022   1  31   31    -16.5    -8.8     6.0  -999.9     0.0    17.2     1.6   330.0
SUMMERSIDE  2022   2   1   32    -21.8    -9.9     7.5  -999.9     0.0     7.0     1.3   330.0
SUMMERSIDE  2022   2   2   33    -22.5     0.7    10.6  -999.9     0.0    15.0     2.2   330.0
SUMMERSIDE  2022   2   3   34     -5.0     4.9     7.1  -999.9     1.7    23.7     5.8   330.0
SUMMERSIDE  2022   2   4   35     -6.2    -4.9     2.6  -999.9    10.6    39.6     3.8   330.0
SUMMERSIDE  2022   2   5   36    -15.8    -5.1     7.5  -999.9     0.4    30.8     2.4   330.0
SUMMERSIDE  2022   2   6   37    -19.8    -9.9     7.4  -999.9     0.0    15.0     1.3   330.0
SUMMERSIDE  2022   2   7   38    -10.2    -1.4     7.0  -999.9     0.0    25.8     3.1   330.0
SUMMERSIDE  2022   2   8   39     -3.2     1.5     5.2  -999.9    21.8    27.9     5.5   330.0
SUMMERSIDE  2022   2   9   40     -2.5     2.3     5.3  -999.9     0.7    19.2     5.5   330.0
SUMMERSIDE  2022   2  10   41     -3.4     1.9     5.7  -999.9     0.0    19.3     5.1   330.0
SUMMERSIDE  2022   2  11   42     -0.9     3.9     5.5  -999.9     0.0    20.9     5.4   330.0
SUMMERSIDE  2022   2  12   43      1.0     8.2     6.8  -999.9     0.4    24.9     6.8   330.0
SUMMERSIDE  2022   2  13   44     -9.9     2.6     9.1  -999.9     0.2    21.6     3.4   330.0
SUMMERSIDE  2022   2  14   45    -13.6    -7.5     6.5  -999.9     0.9    33.9     2.3   330.0
SUMMERSIDE  2022   2  15   46    -17.3   -11.5     6.4  -999.9     0.0    19.7     1.3   330.0
SUMMERSIDE  2022   2  16   47    -16.2     1.4    11.3  -999.9     0.0    23.2     2.2   330.0
SUMMERSIDE  2022   2  17   48      1.4     7.6     6.8  -999.9     0.2    40.1     7.5   330.0
SUMMERSIDE  2022   2  18   49     -8.3     9.1    11.6  -999.9    23.0    33.4     5.8   330.0
SUMMERSIDE  2022   2  19   50     -9.9    -3.7     7.0  -999.9     1.3    15.8     2.7   330.0
SUMMERSIDE  2022   2  20   51     -9.1    -3.3     6.9  -999.9     0.0    23.2     2.8   330.0
SUMMERSIDE  2022   2  21   52     -5.8     4.4     9.2  -999.9     0.0    24.7     4.3   330.0
SUMMERSIDE  2022   2  22   53     -8.4     0.3     8.6  -999.9     0.8    27.1     3.4   330.0
SUMMERSIDE  2022   2  23   54     -8.6     6.8    11.7  -999.9     8.5    31.4     5.4   330.0
SUMMERSIDE  2022   2  24   55    -11.9    -5.6     7.6  -999.9     0.0    30.2     1.8   330.0
SUMMERSIDE  2022   2  25   56    -13.9   -11.2     5.0  -999.9     1.1    13.7     1.7   330.0
SUMMERSIDE  2022   2  26   57    -16.5    -8.8     8.6  -999.9     0.0    15.0     1.7   330.0
SUMMERSIDE  2022   2  27   58    -10.1    -2.4     8.7  -999.9     0.0    22.5     2.7   330.0
SUMMERSIDE  2022   2  28   59    -13.3    -7.5     7.7  -999.9     0.2    29.0     1.8   330.0
SUMMERSIDE  2022   3   1   60    -15.3    -6.2     9.7  -999.9     0.0    15.2     1.7   330.0
SUMMERSIDE  2022   3   2   61    -10.1     0.6    10.7  -999.9     2.3    23.1     3.6   330.0
SUMMERSIDE  2022   3   3   62    -15.3    -6.1    10.1  -999.9     0.0    11.2     2.0   330.0
SUMMERSIDE  2022   3   4   63    -17.9    -9.2     9.9  -999.9     0.0    23.8     1.2   330.0
SUMMERSIDE  2022   3   5   64    -11.5    -1.4    10.8  -999.9     0.0    20.4     2.1   330.0
SUMMERSIDE  2022   3   6   65    -10.3     1.2    11.7  -999.9    12.0    13.9     3.6   330.0
SUMMERSIDE  2022   3   7   66     -1.0     1.7     5.7  -999.9     4.7    12.6     5.8   330.0
SUMMERSIDE  2022   3   8   67     -7.7     2.6    11.4  -999.9     8.9    35.6     4.1   330.0
SUMMERSIDE  2022   3   9   68     -8.6    -3.1     8.4  -999.9     0.0    16.8     2.7   330.0
SUMMERSIDE  2022   3  10   69     -4.8     5.4    11.6  -999.9     0.0    16.5     4.8   330.0
SUMMERSIDE  2022   3  11   70     -5.3    -0.6     8.0  -999.9     0.0    10.2     3.9   330.0
SUMMERSIDE  2022   3  12   71     -2.4     8.3    12.2  -999.9     9.8    23.4     7.2   330.0
SUMMERSIDE  2022   3  13   72     -7.0     0.1    10.0  -999.9     0.4    36.2     3.1   330.0
SUMMERSIDE  2022   3  14   73     -7.6     1.1    11.2  -999.9     0.0    21.4     3.0   330.0
SUMMERSIDE  2022   3  15   74     -5.2     2.5    10.7  -999.9     0.0    16.6     4.0   330.0
SUMMERSIDE  2022   3  16   75     -5.4     2.1    10.7  -999.9     0.0    15.0     4.0   330.0
SUMMERSIDE  2022   3  17   76     -0.6     4.9     9.3  -999.9     0.0    19.2     6.3   330.0
SUMMERSIDE  2022   3  18   77     -3.3    10.5    14.8  -999.9     0.0    14.7     6.9   330.0
SUMMERSIDE  2022   3  19   78     -3.4     1.1     8.6  -999.9     2.3    12.6     4.4   330.0
SUMMERSIDE  2022   3  20   79      0.1     5.3     9.3  -999.9     4.7    13.9     6.8   330.0
SUMMERSIDE  2022   3  21   80     -0.7     3.3     8.3  -999.9     1.1    16.5     5.6   330.0
SUMMERSIDE  2022   3  22   81     -3.8     1.8     9.9  -999.9     0.0    32.7     3.7   330.0
SUMMERSIDE  2022   3  23   82     -2.4     2.1     9.0  -999.9     0.0    33.8     4.0   330.0
SUMMERSIDE  2022   3  24   83     -3.7     1.4     9.6  -999.9     0.0    11.5     4.4   330.0
SUMMERSIDE  2022   3  25   84     -0.1     3.4     8.1  -999.9    21.1    22.0     6.1   330.0
SUMMERSIDE  2022   3  26   85      0.1     8.6    12.7  -999.9     0.0    12.9     7.1   330.0
SUMMERSIDE  2022   3  27   86      0.4     6.2    10.6  -999.9     9.5    13.8     7.3   330.0
SUMMERSIDE  2022   3  28   87     -0.1     7.2    12.0  -999.9     1.5    14.4     7.2   330.0
SUMMERSIDE  2022   3  29   88     -4.4    -0.1     9.3  -999.9     5.4    24.8     5.0   330.0
SUMMERSIDE  2022   3  30   89     -4.6     5.5    14.5  -999.9     0.5    24.3     4.5   330.0
SUMMERSIDE  2022   3  31   90     -1.2     4.0    10.5  -999.9     1.5    15.4     4.9   330.0
SUMMERSIDE  2022   4   1   91      0.5    10.8    14.9  -999.9    10.2    19.9     8.9   330.0
SUMMERSIDE  2022   4   2   92      0.0     2.4     7.3  -999.9     2.1    22.3     6.0   330.0
SUMMERSIDE  2022   4   3   93     -1.3     7.3    13.9  -999.9     0.0    17.3     5.3   330.0
SUMMERSIDE  2022   4   4   94     -1.4     1.5     8.1  -999.9     0.2    26.0     5.1   330.0
SUMMERSIDE  2022   4   5   95     -1.8     6.3    13.7  -999.9     0.0    16.0     4.5   330.0
SUMMERSIDE  2022   4   6   96     -3.0     7.9    16.0  -999.9     0.0    12.3     4.5   330.0
SUMMERSIDE  2022   4   7   97     -3.7     3.6    13.2  -999.9     0.0    11.2     5.3   330.0
SUMMERSIDE  2022   4   8   98     -1.4    10.9    17.3  -999.9     1.7    27.1     7.0   330.0
SUMMERSIDE  2022   4   9   99      0.5     9.8    15.2  -999.9     0.2    14.0     8.3   330.0
SUMMERSIDE  2022   4  10  100      0.3     4.3    10.1  -999.9     5.7    16.8     7.1   330.0
SUMMERSIDE  2022   4  11  101      1.3    11.6    16.3  -999.9     0.0    20.7     6.8   330.0
SUMMERSIDE  2022   4  12  102     -1.5    11.3    18.3  -999.9     0.0     6.6     5.8   330.0
SUMMERSIDE  2022   4  13  103     -0.3     9.7    16.3  -999.9     0.0    12.3     7.0   330.0
SUMMERSIDE  2022   4  14  104     -1.2    11.3    18.4  -999.9     0.0    13.0     6.7   330.0
SUMMERSIDE  2022   4  15  105      2.1     6.5    11.0  -999.9     4.6    13.3     7.6   330.0
SUMMERSIDE  2022   4  16  106      2.2    13.2    17.5  -999.9     1.0    26.0     8.5   330.0
SUMMERSIDE  2022   4  17  107      2.2     8.6    13.5  -999.9     5.5    21.6     7.7   330.0
SUMMERSIDE  2022   4  18  108     -1.8     7.6    16.4  -999.9     0.2    21.6     5.4   330.0
SUMMERSIDE  2022   4  19  109     -1.4     9.5    17.8  -999.9    18.9    31.2     6.4   330.0
SUMMERSIDE  2022   4  20  110      3.1     9.5    13.8  -999.9     0.9    30.5     7.1   330.0
SUMMERSIDE  2022   4  21  111      1.4    10.6    16.6  -999.9     0.0    17.7     5.5   330.0
SUMMERSIDE  2022   4  22  112      4.9    14.5    17.1  -999.9     0.2    21.4     8.7   330.0
SUMMERSIDE  2022   4  23  113     -1.2     5.4    14.3  -999.9     0.2    23.7     4.4   330.0
SUMMERSIDE  2022   4  24  114      1.5     5.2    10.8  -999.9     0.0    40.4     5.3   330.0
SUMMERSIDE  2022   4  25  115      1.8     8.0    14.0  -999.9     0.0    20.2     7.8   330.0
SUMMERSIDE  2022   4  26  116      1.8    14.5    20.2  -999.9     0.7    20.4     8.9   330.0
SUMMERSIDE  2022   4  27  117      5.8     8.0     8.5  -999.9    16.8    15.0     9.3   330.0
SUMMERSIDE  2022   4  28  118      3.9     9.2    13.2  -999.9     3.2    15.0     9.2   330.0
SUMMERSIDE  2022   4  29  119      2.1     4.0     8.0  -999.9     3.9    28.6     7.4   330.0
SUMMERSIDE  2022   4  30  120      0.7     2.6     8.0  -999.9     8.4    32.6     6.6   330.0
SUMMERSIDE  2022   5   1  121      1.4     3.3     8.0  -999.9     2.1    28.1     6.9   330.0
SUMMERSIDE  2022   5   2  122     -0.8     7.0    16.4  -999.9     0.2    17.4     5.7   330.0
SUMMERSIDE  2022   5   3  123     -1.4    12.1    21.7  -999.9     0.0     8.0     7.0   330.0
SUMMERSIDE  2022   5   4  124      3.5    14.0    19.2  -999.9     0.7    18.2     9.2   330.0
SUMMERSIDE  2022   5   5  125      3.3     9.0    14.2  -999.9     1.0    18.0     7.3   330.0
SUMMERSIDE  2022   5   6  126      1.9     7.0    13.5  -999.9     0.0    11.8     5.7   330.0
SUMMERSIDE  2022   5   7  127     -2.3     5.3    16.6  -999.9     0.0    15.5     4.6   330.0
SUMMERSIDE  2022   5   8  128     -3.0     9.9    21.7  -999.9     0.0     8.8     4.5   330.0
SUMMERSIDE  2022   5   9  129     -1.3    11.9    22.1  -999.9     0.0    13.4     5.3   330.0
SUMMERSIDE  2022   5  10  130      2.5    13.6    20.4  -999.9     0.0    13.4     6.6   330.0
SUMMERSIDE  2022   5  11  131     -0.5    19.6    27.5  -999.9     0.0    10.6     8.2   330.0
SUMMERSIDE  2022   5  12  132      9.4    21.8    21.7  -999.9     0.0    12.2    10.8   330.0
SUMMERSIDE  2022   5  13  133     10.2    23.7    22.8  -999.9     0.0    23.8    13.0   330.0
SUMMERSIDE  2022   5  14  134      4.9    14.0    18.8  -999.9     0.0    16.8     9.8   330.0
SUMMERSIDE  2022   5  15  135      6.4    15.7    19.0  -999.9     0.0     9.6    10.6   330.0
SUMMERSIDE  2022   5  16  136      9.1    19.5    20.2  -999.9     0.0    21.3    12.9   330.0
SUMMERSIDE  2022   5  17  137      9.5    20.3    20.7  -999.9     6.9    28.8    14.7   330.0
SUMMERSIDE  2022   5  18  138      4.2    13.2    18.9  -999.9     0.0    21.5     8.0   330.0
SUMMERSIDE  2022   5  19  139      2.9    15.8    22.8  -999.9     0.0    15.8     6.4   330.0
SUMMERSIDE  2022   5  20  140      8.5    19.1    20.7  -999.9     0.0    13.8     8.1   330.0
SUMMERSIDE  2022   5  21  141      9.0    21.6    22.7  -999.9     1.2    27.9    11.2   330.0
SUMMERSIDE  2022   5  22  142     12.9    27.4    24.4  -999.9     0.0    23.1    19.1   330.0
SUMMERSIDE  2022   5  23  143      4.8    17.1    22.5  -999.9     2.0    21.5    10.0   330.0
SUMMERSIDE  2022   5  24  144      4.4    13.3    19.2  -999.9     0.2    14.2     7.2   330.0
SUMMERSIDE  2022   5  25  145      3.3    20.6    26.9  -999.9     0.0    14.0     7.8   330.0
SUMMERSIDE  2022   5  26  146      8.9    21.3    22.8  -999.9     0.6    14.8    10.2   330.0
SUMMERSIDE  2022   5  27  147      9.8    14.6    14.2  -999.9    35.2    16.6    13.5   330.0
SUMMERSIDE  2022   5  28  148     12.9    20.3    17.7  -999.9     3.9    33.4    17.7   330.0
SUMMERSIDE  2022   5  29  149     11.0    24.3    23.8  -999.9     0.0    15.0    14.0   330.0
SUMMERSIDE  2022   5  30  150      7.1    23.4    26.4  -999.9     0.0    17.9    13.1   330.0
SUMMERSIDE  2022   5  31  151      6.3    10.8    13.9  -999.9     0.0    26.3     7.5   330.0
SUMMERSIDE  2022   6   1  152      7.0    13.1    16.2  -999.9     0.0    23.9     8.1   330.0
SUMMERSIDE  2022   6   2  153      4.2    16.1    22.7  -999.9     0.0    16.1     8.8   330.0
SUMMERSIDE  2022   6   3  154      5.2    15.8    21.5  -999.9     0.0    14.2     9.8   330.0
SUMMERSIDE  2022   6   4  155      5.8    13.6    18.5  -999.9     0.0    13.0     9.4   330.0
SUMMERSIDE  2022   6   5  156      7.8    17.4    20.5  -999.9     8.4    10.3    12.8   330.0
SUMMERSIDE  2022   6   6  157      8.1    15.3    17.8  -999.9     0.2    10.0    11.1   330.0
SUMMERSIDE  2022   6   7  158      6.7    18.0    22.3  -999.9     0.0     9.3    10.8   330.0
SUMMERSIDE  2022   6   8  159      9.9    17.9    18.8  -999.9     4.4    19.9    13.3   330.0
SUMMERSIDE  2022   6   9  160     13.9    17.9    13.3  -999.9    18.1    18.6    16.7   330.0
SUMMERSIDE  2022   6  10  161     13.4    20.3    17.5  -999.9     0.0    32.4    15.2   330.0
SUMMERSIDE  2022   6  11  162     12.7    25.0    23.4  -999.9     0.0    24.7    15.9   330.0
SUMMERSIDE  2022   6  12  163     12.8    24.2    22.6  -999.9     0.0    12.0    15.9   330.0
SUMMERSIDE  2022   6  13  164     14.6    18.8    13.7  -999.9     9.5    15.3    16.2   330.0
SUMMERSIDE  2022   6  14  165     11.3    15.0    12.9  -999.9    25.7    19.9    14.5   330.0
SUMMERSIDE  2022   6  15  166     11.4    19.9    19.5  -999.9     0.0    15.0    14.0   330.0
SUMMERSIDE  2022   6  16  167     12.3    25.1    24.0  -999.9     0.0    20.2    14.8   330.0
SUMMERSIDE  2022   6  17  168     13.7    19.2    15.7  -999.9     0.0    27.9    15.0   330.0
SUMMERSIDE  2022   6  18  169     13.3    23.8    21.7  -999.9     0.8    19.8    19.1   330.0
SUMMERSIDE  2022   6  19  170     12.4    20.8    19.4  -999.9     0.0    12.3    15.8   330.0
SUMMERSIDE  2022   6  20  171     11.1    13.3     9.9  -999.9    12.0    17.5    13.6   330.0
SUMMERSIDE  2022   6  21  172      9.3    14.4    15.1  -999.9     0.0    14.0    11.8   330.0
SUMMERSIDE  2022   6  22  173     10.2    19.4    20.3  -999.9     0.0    16.1    13.6   330.0
SUMMERSIDE  2022   6  23  174     11.3    22.5    22.4  -999.9     4.6    15.5    14.3   330.0
SUMMERSIDE  2022   6  24  175     16.4    21.4    15.0  -999.9    11.8     9.1    20.5   330.0
SUMMERSIDE  2022   6  25  176     16.0    25.4    20.5  -999.9     0.0     7.1    21.2   330.0
SUMMERSIDE  2022   6  26  177     15.0    26.6    22.8  -999.9     0.0    14.0    19.7   330.0
SUMMERSIDE  2022   6  27  178     16.5    26.5    21.1  -999.9     0.0    28.7    20.5   330.0
SUMMERSIDE  2022   6  28  179     15.3    22.5    17.9  -999.9     0.0    18.2    19.0   330.0
SUMMERSIDE  2022   6  29  180     13.9    25.6    22.8  -999.9     0.0    11.7    14.6   330.0
SUMMERSIDE  2022   6  30  181     12.8    24.2    22.5  -999.9     0.0    12.5    17.5   330.0
SUMMERSIDE  2022   7   1  182     10.7    24.4    24.6  -999.9     0.0    16.3    15.6   330.0
SUMMERSIDE  2022   7   2  183     16.5    21.8    15.3  -999.9     7.8    22.5    20.3   330.0
SUMMERSIDE  2022   7   3  184     13.1    24.5    22.4  -999.9    10.3    13.8    18.2   330.0
SUMMERSIDE  2022   7   4  185     10.5    22.1    22.6  -999.9     0.0    16.0    12.3   330.0
SUMMERSIDE  2022   7   5  186     11.5    24.0    23.4  -999.9     0.0    15.5    14.4   330.0
SUMMERSIDE  2022   7   6  187     11.6    18.0    16.7  -999.9    29.5    22.9    15.3   330.0
SUMMERSIDE  2022   7   7  188     11.8    21.9    21.0  -999.9     0.0    13.7    14.1   330.0
SUMMERSIDE  2022   7   8  189     13.1    21.2    18.7  -999.9     0.0    18.8    15.3   330.0
SUMMERSIDE  2022   7   9  190     12.4    20.5    18.7  -999.9     0.0    14.0    13.2   330.0
SUMMERSIDE  2022   7  10  191     11.5    22.6    21.9  -999.9     0.0    14.1    13.0   330.0
SUMMERSIDE  2022   7  11  192     14.1    24.2    20.8  -999.9     0.0    26.1    16.2   330.0
SUMMERSIDE  2022   7  12  193     15.8    26.1    21.0  -999.9     0.0    27.1    17.6   330.0
SUMMERSIDE  2022   7  13  194     13.7    27.5    24.2  -999.9     0.0    20.5    18.3   330.0
SUMMERSIDE  2022   7  14  195     11.1    22.8    22.2  -999.9     8.4    11.1    14.9   330.0
SUMMERSIDE  2022   7  15  196     15.0    21.9    17.0  -999.9     0.0     9.8    18.7   330.0
SUMMERSIDE  2022   7  16  197     14.1    26.6    22.9  -999.9     0.0    15.8    17.3   330.0
SUMMERSIDE  2022   7  17  198     16.2    24.9    19.0  -999.9     0.0    22.6    19.8   330.0
SUMMERSIDE  2022   7  18  199     16.6    27.5    21.2  -999.9     0.0    22.2    22.0   330.0
SUMMERSIDE  2022   7  19  200     18.0    23.9    15.6  -999.9    18.7    25.5    23.4   330.0
SUMMERSIDE  2022   7  20  201     15.4    25.7    20.5  -999.9     0.0    20.3    18.2   330.0
SUMMERSIDE  2022   7  21  202     14.7    29.4    24.4  -999.9     0.0    13.5    19.4   330.0
SUMMERSIDE  2022   7  22  203     19.3    28.6    19.3  -999.9     0.0    18.5    25.5   330.0
SUMMERSIDE  2022   7  23  204     18.6    30.1    21.4  -999.9     0.0    15.0    22.9   330.0
SUMMERSIDE  2022   7  24  205     18.5    29.6    21.0  -999.9     0.0    17.5    23.0   330.0
SUMMERSIDE  2022   7  25  206     20.2    27.4    16.8  -999.9     0.0    29.5    24.1   330.0
SUMMERSIDE  2022   7  26  207     18.1    26.9    18.5  -999.9     0.0    19.1    19.7   330.0
SUMMERSIDE  2022   7  27  208     14.2    27.0    22.3  -999.9     0.0    13.9    17.9   330.0
SUMMERSIDE  2022   7  28  209     13.3    25.7    21.8  -999.9     0.0     9.0    17.8   330.0
SUMMERSIDE  2022   7  29  210     17.7    24.0    15.5  -999.9     2.9    16.8    21.7   330.0
SUMMERSIDE  2022   7  30  211     17.1    27.0    19.3  -999.9     0.0    16.3    20.5   330.0
SUMMERSIDE  2022   7  31  212     17.0    28.2    20.5  -999.9     0.0    15.3    20.4   330.0
SUMMERSIDE  2022   8   1  213     18.3    26.4    17.3  -999.9     0.0    18.9    21.9   330.0
SUMMERSIDE  2022   8   2  214     18.1    26.2    17.3  -999.9     0.0    17.1    22.2   330.0
SUMMERSIDE  2022   8   3  215     16.8    24.3    16.5  -999.9     0.0    12.8    20.4   330.0
SUMMERSIDE  2022   8   4  216     15.6    28.9    21.9  -999.9     0.0    21.0    20.0   330.0
SUMMERSIDE  2022   8   5  217     17.7    28.5    19.6  -999.9     1.6    15.5    23.6   330.0
SUMMERSIDE  2022   8   6  218     16.5    28.2    20.3  -999.9     0.0    11.7    20.6   330.0
SUMMERSIDE  2022   8   7  219     18.3    30.1    20.3  -999.9     0.8    21.3    25.2   330.0
SUMMERSIDE  2022   8   8  220     14.2    22.1    16.5  -999.9    11.5    11.0    16.5   330.0
SUMMERSIDE  2022   8   9  221     14.4    19.3    12.9  -999.9    47.1    24.0    17.8   330.0
SUMMERSIDE  2022   8  10  222     16.8    20.5    11.2  -999.9     0.8    11.4    19.1   330.0
SUMMERSIDE  2022   8  11  223     17.4    25.1    16.0  -999.9     0.0    11.3    21.1   330.0
SUMMERSIDE  2022   8  12  224     16.0    25.4    17.6  -999.9     0.0     9.7    20.3   330.0
SUMMERSIDE  2022   8  13  225     14.8    24.7    18.0  -999.9     0.0    10.4    19.9   330.0
SUMMERSIDE  2022   8  14  226     14.9    20.6    13.6  -999.9    30.7    17.2    19.4   330.0
SUMMERSIDE  2022   8  15  227     14.1    26.2    19.6  -999.9     0.0     8.6    18.9   330.0
SUMMERSIDE  2022   8  16  228     13.5    27.4    20.9  -999.9     0.0    11.5    19.2   330.0
SUMMERSIDE  2022   8  17  229     18.4    20.4     7.9  -999.9     9.3    25.8    20.7   330.0
SUMMERSIDE  2022   8  18  230     17.6    24.1    14.1  -999.9     0.0    18.3    20.2   330.0
SUMMERSIDE  2022   8  19  231     16.8    25.2    15.9  -999.9     1.4    17.1    20.6   330.0
SUMMERSIDE  2022   8  20  232     16.9    29.6    19.5  -999.9     0.0    10.4    21.2   330.0
SUMMERSIDE  2022   8  21  233     17.1    30.8    20.1  -999.9     0.0    11.6    22.2   330.0
SUMMERSIDE  2022   8  22  234     18.3    28.5    17.2  -999.9     0.0    19.1    19.9   330.0
SUMMERSIDE  2022   8  23  235     18.8    23.6    11.7  -999.9     3.2    12.9    22.2   330.0
SUMMERSIDE  2022   8  24  236     17.1    21.7    11.4  -999.9     0.9    13.8    21.1   330.0
SUMMERSIDE  2022   8  25  237     12.8    27.4    20.1  -999.9     0.0    10.7    19.7   330.0
SUMMERSIDE  2022   8  26  238     11.3    24.4    18.9  -999.9    20.1     9.4    16.2   330.0
SUMMERSIDE  2022   8  27  239     11.2    21.7    16.8  -999.9     8.8    12.6    15.7   330.0
SUMMERSIDE  2022   8  28  240     11.0    23.9    18.5  -999.9     0.0    10.4    15.0   330.0
SUMMERSIDE  2022   8  29  241     15.8    25.1    15.6  -999.9     0.0    18.8    19.3   330.0
SUMMERSIDE  2022   8  30  242     18.5    25.9    13.8  -999.9     0.0    26.7    23.7   330.0
SUMMERSIDE  2022   8  31  243     19.1    26.0    13.2  -999.9    23.9    22.3    23.6   330.0
SUMMERSIDE  2022   9   1  244     15.6    25.2    15.4  -999.9     0.0    19.0    18.3   330.0
SUMMERSIDE  2022   9   2  245      9.6    19.9    15.8  -999.9     0.0    12.7    11.3   330.0
SUMMERSIDE  2022   9   3  246      9.0    23.2    18.4  -999.9     0.0     9.4    13.0   330.0
SUMMERSIDE  2022   9   4  247     13.0    24.6    16.5  -999.9     0.0    16.4    16.9   330.0
SUMMERSIDE  2022   9   5  248     13.2    20.0    12.5  -999.9     0.0    17.0    14.4   330.0
SUMMERSIDE  2022   9   6  249      8.7    20.6    16.4  -999.9     0.0    10.0    13.1   330.0
SUMMERSIDE  2022   9   7  250      7.8    22.4    18.0  -999.9     0.0     5.2    13.0   330.0
SUMMERSIDE  2022   9   8  251      9.8    23.3    17.2  -999.9     0.0     8.2    14.9   330.0
SUMMERSIDE  2022   9   9  252     15.1    23.5    13.4  -999.9     0.0     9.5    18.6   330.0
SUMMERSIDE  2022   9  10  253     13.0    22.0    13.7  -999.9     0.0    11.9    14.9   330.0
SUMMERSIDE  2022   9  11  254     11.0    23.4    16.0  -999.9     0.0     8.6    16.5   330.0
SUMMERSIDE  2022   9  12  255     10.3    24.9    17.2  -999.9     0.0     6.0    17.2   330.0
SUMMERSIDE  2022   9  13  256     15.4    25.1    13.9  -999.9     0.0     8.8    20.6   330.0
SUMMERSIDE  2022   9  14  257     15.3    23.7    12.8  -999.9     6.3    24.0    20.0   330.0
SUMMERSIDE  2022   9  15  258     11.2    15.3     8.8  -999.9     0.4    26.9     9.9   330.0
SUMMERSIDE  2022   9  16  259     10.4    13.4     7.5  -999.9     0.3    29.0     8.9   330.0
SUMMERSIDE  2022   9  17  260      8.9    18.6    13.3  -999.9     0.0    19.9     9.7   330.0
SUMMERSIDE  2022   9  18  261      3.8    16.7    15.2  -999.9     0.0    13.2     8.2   330.0
SUMMERSIDE  2022   9  19  262      3.2    16.2    15.1  -999.9     0.0     9.3     9.1   330.0
SUMMERSIDE  2022   9  20  263      3.5    14.3    13.6  -999.9    19.4    14.4     9.8   330.0
SUMMERSIDE  2022   9  21  264      9.4    19.0    12.7  -999.9    24.4     8.9    15.5   330.0
SUMMERSIDE  2022   9  22  265      9.5    18.5    12.1  -999.9     4.8    19.7    14.6   330.0
SUMMERSIDE  2022   9  23  266     10.7    18.0    10.8  -999.9    27.1    24.5    15.0   330.0
SUMMERSIDE  2022   9  24  267      9.5    12.4     6.7  -999.9    23.3    55.0    11.2   330.0
SUMMERSIDE  2022   9  25  268     10.5    10.8     2.1  -999.9     0.0    19.0     9.5   330.0
SUMMERSIDE  2022   9  26  269     12.3    19.2     3.4  -999.9     5.7     6.4    16.8   330.0
SUMMERSIDE  2022   9  27  270     13.8    20.2     7.8  -999.9     0.7     4.5    16.8   330.0
SUMMERSIDE  2022   9  28  271     12.5    18.4    10.4  -999.9     0.8     3.9    15.7   330.0
SUMMERSIDE  2022   9  29  272     10.4    16.6    13.5  -999.9     0.3     4.3    13.1   330.0
SUMMERSIDE  2022   9  30  273      8.2    15.8    15.5  -999.9     0.0     4.4    10.3   330.0
SUMMERSIDE  2022  10   1  274      9.2    16.0    13.4  -999.9     0.7     4.5    12.3   330.0
SUMMERSIDE  2022  10   2  275      6.8    10.2    12.1  -999.9     0.0     5.7     7.7   330.0
SUMMERSIDE  2022  10   3  276      5.3    12.2    15.4  -999.9     0.0     3.4     7.5   330.0
SUMMERSIDE  2022  10   4  277      5.2    15.4    15.2  -999.9     0.0     4.5    10.5   330.0
SUMMERSIDE  2022  10   5  278      7.9    16.0    14.5  -999.9     0.1     3.2    12.8   330.0
SUMMERSIDE  2022  10   6  279     13.3    16.3     5.9  -999.9     0.1    11.2    15.1   330.0
SUMMERSIDE  2022  10   7  280     13.3    18.9     8.0  -999.9     0.0    11.9    16.9   330.0
SUMMERSIDE  2022  10   8  281      2.7    14.4    11.4  -999.9     0.3    17.7     9.1   330.0
SUMMERSIDE  2022  10   9  282      2.3    12.2    10.3  -999.9     0.0    17.6     7.2   330.0
SUMMERSIDE  2022  10  10  283      1.8    11.7    10.2  -999.9     0.0    14.0     6.7   330.0
SUMMERSIDE  2022  10  11  284      2.3    13.6    10.7  -999.9     0.0    18.3     7.6   330.0
SUMMERSIDE  2022  10  12  285      4.0    17.3    11.5  -999.9     0.0    13.8     9.8   330.0
SUMMERSIDE  2022  10  13  286     10.0    19.7     9.7  -999.9     0.0    14.6    13.6   330.0
SUMMERSIDE  2022  10  14  287     11.7    19.7     8.7  -999.9     0.0    23.7    14.8   330.0
SUMMERSIDE  2022  10  15  288     14.7    18.2     5.7  -999.9     0.0    30.5    16.6   330.0
SUMMERSIDE  2022  10  16  289     12.0    17.7     7.1  -999.9     1.5    13.7    16.1   330.0
SUMMERSIDE  2022  10  17  290     11.3    14.1     4.9  -999.9     0.0     7.3    14.2   330.0
SUMMERSIDE  2022  10  18  291     11.1    19.5     8.4  -999.9     0.0    22.6    14.8   330.0
SUMMERSIDE  2022  10  19  292      9.3    20.1     9.4  -999.9    26.5    27.8    15.5   330.0
SUMMERSIDE  2022  10  20  293      9.1    14.3     6.4  -999.9     6.0    21.9     9.8   330.0
SUMMERSIDE  2022  10  21  294      9.4    15.8     7.0  -999.9     0.0    20.2    10.4   330.0
SUMMERSIDE  2022  10  22  295      9.2    17.1     7.7  -999.9     0.0    23.2    11.5   330.0
SUMMERSIDE  2022  10  23  296      8.9    19.3     8.7  -999.9     0.0    13.1    12.7   330.0
SUMMERSIDE  2022  10  24  297     10.9    18.8     7.5  -999.9     9.5     8.0    14.2   330.0
SUMMERSIDE  2022  10  25  298     13.6    19.1     6.2  -999.9     4.5    11.4    18.3   330.0
SUMMERSIDE  2022  10  26  299     14.4    20.8     6.6  -999.9     4.3    15.0    19.1   330.0
SUMMERSIDE  2022  10  27  300      5.9    20.6     9.8  -999.9     0.0    23.8    13.1   330.0
SUMMERSIDE  2022  10  28  301      0.5     9.6     7.6  -999.9     0.0    11.8     6.1   330.0
SUMMERSIDE  2022  10  29  302      2.1    13.3     8.3  -999.9     0.0    19.0     7.1   330.0
SUMMERSIDE  2022  10  30  303      5.1    15.2     7.8  -999.9     0.0    14.2     8.9   330.0
SUMMERSIDE  2022  10  31  304      6.0    16.5     7.8  -999.9     0.0    14.6     9.5   330.0
SUMMERSIDE  2022  11   1  305      9.8    16.1     6.0  -999.9     0.2    13.0    14.1   330.0
SUMMERSIDE  2022  11   2  306      1.2    12.4     7.9  -999.9     0.0    21.8     6.3   330.0
SUMMERSIDE  2022  11   3  307      1.7    11.4     7.2  -999.9     0.0    17.5     5.9   330.0
SUMMERSIDE  2022  11   4  308      9.5    18.1     6.7  -999.9     0.0    23.4    12.0   330.0
SUMMERSIDE  2022  11   5  309     11.2    17.2     5.5  -999.9     0.0    24.4    14.7   330.0
SUMMERSIDE  2022  11   6  310     13.1    20.5     6.0  -999.9     0.0    28.2    17.4   330.0
SUMMERSIDE  2022  11   7  311      8.2    18.1     6.9  -999.9     3.2    25.9    13.2   330.0
SUMMERSIDE  2022  11   8  312      4.1     8.6     4.6  -999.9     0.0    36.3     5.1   330.0
SUMMERSIDE  2022  11   9  313      0.7     6.4     5.1  -999.9     0.0    19.2     4.5   330.0
SUMMERSIDE  2022  11  10  314      5.6    12.1     5.4  -999.9     0.9    24.8     8.0   330.0
SUMMERSIDE  2022  11  11  315      7.2    10.1     3.5  -999.9     1.3    10.9     9.6   330.0
SUMMERSIDE  2022  11  12  316      4.3    17.8     7.5  -999.9    46.0    25.4    12.9   330.0
SUMMERSIDE  2022  11  13  317      4.2     7.5     3.7  -999.9     8.5    16.8     8.7   330.0
SUMMERSIDE  2022  11  14  318      1.1    10.0     6.0  -999.9     1.3    30.5     8.0   330.0
SUMMERSIDE  2022  11  15  319     -0.1     2.0     2.9  -999.9     0.0    13.5     5.0   330.0
SUMMERSIDE  2022  11  16  320     -1.0    11.2     6.8  -999.9     9.2    13.3     7.7   330.0
SUMMERSIDE  2022  11  17  321     -1.2    11.2     6.8  -999.9     1.0    28.8     7.7   330.0
SUMMERSIDE  2022  11  18  322     -3.0     0.6     3.6  -999.9     0.0    24.8     3.8   330.0
SUMMERSIDE  2022  11  19  323     -4.6     1.5     4.6  -999.9     0.5    11.5     3.7   330.0
SUMMERSIDE  2022  11  20  324     -2.3     6.9     5.6  -999.9     0.0    23.8     5.6   330.0
SUMMERSIDE  2022  11  21  325     -4.3     0.4     4.0  -999.9     0.3    30.6     3.5   330.0
SUMMERSIDE  2022  11  22  326     -2.6     1.1     3.5  -999.9     0.2    23.5     4.0   330.0
SUMMERSIDE  2022  11  23  327     -5.6     1.4     4.8  -999.9     0.0    22.9     3.0   330.0
SUMMERSIDE  2022  11  24  328     -6.7    -0.3     4.5  -999.9     0.0    25.8     2.7   330.0
SUMMERSIDE  2022  11  25  329     -8.9     6.5     6.9  -999.9     5.5    17.9     4.4   330.0
SUMMERSIDE  2022  11  26  330      1.5     6.2     3.8  -999.9     1.0    28.8     7.7   330.0
SUMMERSIDE  2022  11  27  331     -1.9     7.3     5.2  -999.9     0.0    14.0     6.4   330.0
SUMMERSIDE  2022  11  28  332     -1.1     5.4     4.4  -999.9    26.3    20.3     6.8   330.0
SUMMERSIDE  2022  11  29  333     -6.7     0.2     4.4  -999.9     0.2    15.8     3.5   330.0
SUMMERSIDE  2022  11  30  334     -8.3     8.6     6.9  -999.9     0.0    17.8     4.9   330.0
SUMMERSIDE  2022  12   1  335     -0.7    10.7     5.6  -999.9    19.3    34.3     6.7   330.0
SUMMERSIDE  2022  12   2  336     -6.0     0.3     4.1  -999.9     0.0    19.2     3.1   330.0
SUMMERSIDE  2022  12   3  337     -4.8    10.0     6.3  -999.9     0.0    28.7     6.1   330.0
SUMMERSIDE  2022  12   4  338     -4.3    10.5     6.3  -999.9     1.0    24.4     6.0   330.0
SUMMERSIDE  2022  12   5  339     -7.4     2.2     5.0  -999.9     0.0    12.3     3.6   330.0
SUMMERSIDE  2022  12   6  340     -1.9     5.9     4.5  -999.9     0.0     9.9     5.8   330.0
SUMMERSIDE  2022  12   7  341      2.3     8.5     4.0  -999.9     2.6    20.1     8.4   330.0
SUMMERSIDE  2022  12   8  342      2.3     8.4     3.9  -999.9    20.7    29.4     8.7   330.0
SUMMERSIDE  2022  12   9  343     -0.8     2.7     2.9  -999.9     3.7    33.8     6.4   330.0
SUMMERSIDE  2022  12  10  344     -4.7    -0.7     3.1  -999.9     0.4    37.9     4.2   330.0
SUMMERSIDE  2022  12  11  345     -5.9    -4.1     2.1  -999.9     0.0    21.9     3.2   330.0
SUMMERSIDE  2022  12  12  346     -7.9    -3.5     3.3  -999.9     0.0    10.8     3.0   330.0
SUMMERSIDE  2022  12  13  347     -5.4    -0.8     3.3  -999.9     1.5    30.5     4.0   330.0
SUMMERSIDE  2022  12  14  348     -5.1     2.3     4.2  -999.9    16.9    21.4     5.2   330.0
SUMMERSIDE  2022  12  15  349      0.9     2.3     1.8  -999.9     2.8    40.3     6.3   330.0
SUMMERSIDE  2022  12  16  350      0.8     2.1     1.8  -999.9     0.0    25.3     6.0   330.0
SUMMERSIDE  2022  12  17  351      1.5     2.6     1.6  -999.9     0.0    27.0     6.3   330.0
SUMMERSIDE  2022  12  18  352      0.9     2.3     1.8  -999.9     6.7    21.6     6.4   330.0
SUMMERSIDE  2022  12  19  353      0.2     2.6     2.4  -999.9    16.0    21.8     6.7   330.0
SUMMERSIDE  2022  12  20  354      0.6     2.9     2.3  -999.9     2.6    33.7     6.8   330.0
SUMMERSIDE  2022  12  21  355     -1.3     2.0     2.8  -999.9     0.0     9.6     5.9   330.0
SUMMERSIDE  2022  12  22  356     -7.0    -0.5     3.9  -999.9     0.0    12.2     3.9   330.0
SUMMERSIDE  2022  12  23  357     -6.6     8.9     6.0  -999.9     3.3    27.4     5.8   330.0
SUMMERSIDE  2022  12  24  358     -1.8    10.6     5.4  -999.9     3.4    37.0     6.8   330.0
SUMMERSIDE  2022  12  25  359     -6.0    -1.8     3.2  -999.9     0.9    24.0     3.3   330.0
SUMMERSIDE  2022  12  26  360     -6.3    -2.0     3.2  -999.9     0.0    22.7     2.9   330.0
SUMMERSIDE  2022  12  27  361     -9.2    -1.3     4.3  -999.9     0.9    17.4     3.2   330.0
SUMMERSIDE  2022  12  28  362    -12.4    -2.9     4.8  -999.9     0.4    14.7     2.5   330.0
SUMMERSIDE  2022  12  29  363     -7.9    -2.2     3.7  -999.9     0.9     6.9     3.7   330.0
SUMMERSIDE  2022  12  30  364     -2.2     4.4     4.0  -999.9     0.4    18.1     6.2   330.0
SUMMERSIDE  2022  12  31  365      3.7     8.3     3.4  -999.9     0.0    17.5     8.9   330.0
