SUMMERSIDE  2013   1   1    1    -13.4    -4.5     4.7  -999.9     0.0    21.5     2.5   330.0
SUMMERSIDE  2013   1   2    2    -15.5   -10.7     3.5  -999.9     0.0    31.9     1.7   330.0
SUMMERSIDE  2013   1   3    3    -13.4   -11.1     2.4  -999.9     0.0    19.6     1.9   330.0
SUMMERSIDE  2013   1   4    4    -15.3    -2.5     5.8  -999.9     0.2    19.0     2.6   330.0
SUMMERSIDE  2013   1   5    5    -14.9    -3.2     5.5  -999.9     0.7    20.7     2.4   330.0
SUMMERSIDE  2013   1   6    6    -16.4    -7.6     4.8  -999.9     0.4    12.2     1.9   330.0
SUMMERSIDE  2013   1   7    7    -18.4    -9.1     5.0  -999.9     0.0    16.4     1.5   330.0
SUMMERSIDE  2013   1   8    8    -16.1     0.0     6.6  -999.9     0.0    24.1     2.5   330.0
SUMMERSIDE  2013   1   9    9     -7.5     0.6     4.8  -999.9     0.9    15.3     3.9   330.0
SUMMERSIDE  2013   1  10   10     -1.8     1.4     3.0  -999.9     1.1    30.1     5.0   330.0
SUMMERSIDE  2013   1  11   11    -10.8    -1.6     5.2  -999.9     0.0    22.5     2.9   330.0
SUMMERSIDE  2013   1  12   12     -7.2    -1.5     4.1  -999.9     0.0     4.5     3.8   330.0
SUMMERSIDE  2013   1  13   13     -5.5     3.2     5.1  -999.9     0.0    14.2     5.2   330.0
SUMMERSIDE  2013   1  14   14     -0.4     6.9     4.7  -999.9     0.0    25.8     7.1   330.0
SUMMERSIDE  2013   1  15   15     -9.8    -0.2     5.5  -999.9     0.0    15.3     2.6   330.0
SUMMERSIDE  2013   1  16   16     -9.3    -3.6     4.3  -999.9     1.4    14.4     3.0   330.0
SUMMERSIDE  2013   1  17   17    -15.5     1.6     7.5  -999.9     1.1    24.5     3.0   330.0
SUMMERSIDE  2013   1  18   18    -18.7   -14.6     3.7  -999.9     0.0    18.8     1.1   330.0
SUMMERSIDE  2013   1  19   19    -15.3    -4.6     6.0  -999.9     0.4    18.7     2.1   330.0
SUMMERSIDE  2013   1  20   20     -5.4     5.7     6.2  -999.9     2.0    26.0     5.2   330.0
SUMMERSIDE  2013   1  21   21    -14.1    -3.3     6.2  -999.9     0.0    33.0     1.6   330.0
SUMMERSIDE  2013   1  22   22    -17.7   -13.2     4.1  -999.9     0.0    12.5     1.2   330.0
SUMMERSIDE  2013   1  23   23    -21.2   -16.8     4.1  -999.9     0.0    27.6     0.8   330.0
SUMMERSIDE  2013   1  24   24    -21.7   -16.6     4.4  -999.9     0.0    23.8     0.8   330.0
SUMMERSIDE  2013   1  25   25    -19.9   -10.3     6.2  -999.9     0.0    24.4     1.2   330.0
SUMMERSIDE  2013   1  26   26    -15.8   -12.4     3.7  -999.9     0.0    12.2     1.5   330.0
SUMMERSIDE  2013   1  27   27    -13.6    -8.9     4.4  -999.9     0.0    19.5     1.8   330.0
SUMMERSIDE  2013   1  28   28    -14.2    -5.6     6.1  -999.9     0.0    18.6     1.7   330.0
SUMMERSIDE  2013   1  29   29    -12.7    -4.3     6.1  -999.9     0.0     8.6     2.4   330.0
SUMMERSIDE  2013   1  30   30     -7.6     8.7     8.6  -999.9     4.3    28.2     5.7   330.0
SUMMERSIDE  2013   1  31   31      0.6    11.1     7.0  -999.9     2.4    40.8     8.2   330.0
SUMMERSIDE  2013   2   1   32    -11.3     0.7     7.6  -999.9     0.2    34.0     2.2   330.0
SUMMERSIDE  2013   2   2   33    -14.4    -9.7     4.8  -999.9     0.2    17.2     1.4   330.0
SUMMERSIDE  2013   2   3   34    -10.8    -1.9     6.7  -999.9     2.5    19.2     3.1   330.0
SUMMERSIDE  2013   2   4   35     -9.5    -2.0     6.2  -999.9     1.7    31.8     3.4   330.0
SUMMERSIDE  2013   2   5   36    -19.8    -9.4     7.4  -999.9     0.2    33.2     1.1   330.0
SUMMERSIDE  2013   2   6   37    -19.2    -6.0     8.5  -999.9     0.0     9.5     1.5   330.0
SUMMERSIDE  2013   2   7   38    -19.7    -8.6     7.9  -999.9     0.0    30.0     1.2   330.0
SUMMERSIDE  2013   2   8   39    -22.0   -11.4     7.8  -999.9     0.0    10.3     1.2   330.0
SUMMERSIDE  2013   2   9   40    -11.5    -5.1     6.2  -999.9     5.5    52.7     2.9   330.0
SUMMERSIDE  2013   2  10   41     -9.5    -4.6     5.5  -999.9     0.2    42.8     3.0   330.0
SUMMERSIDE  2013   2  11   42    -12.7    -1.4     8.4  -999.9     1.8    14.1     2.5   330.0
SUMMERSIDE  2013   2  12   43     -1.6     2.1     4.9  -999.9     5.0    21.2     5.8   330.0
SUMMERSIDE  2013   2  13   44     -2.2     0.8     4.5  -999.9     0.0    11.8     5.1   330.0
SUMMERSIDE  2013   2  14   45     -8.4    -1.5     6.9  -999.9     0.0     6.6     3.6   330.0
SUMMERSIDE  2013   2  15   46     -7.9     1.8     8.3  -999.9     0.0    13.1     3.8   330.0
SUMMERSIDE  2013   2  16   47     -1.1     4.4     6.3  -999.9     1.1    21.3     5.4   330.0
SUMMERSIDE  2013   2  17   48     -1.3     0.4     3.6  -999.9    26.7    25.0     5.7   330.0
SUMMERSIDE  2013   2  18   49     -6.4    -0.5     6.7  -999.9     2.5    39.5     4.1   330.0
SUMMERSIDE  2013   2  19   50     -7.0    -0.1     7.4  -999.9     0.0    24.5     3.7   330.0
SUMMERSIDE  2013   2  20   51     -4.5     1.6     7.0  -999.9     9.5    19.2     4.8   330.0
SUMMERSIDE  2013   2  21   52     -2.4     0.2     4.7  -999.9     0.8    23.2     5.3   330.0
SUMMERSIDE  2013   2  22   53     -5.3    -2.2     5.2  -999.9     0.0    35.3     3.8   330.0
SUMMERSIDE  2013   2  23   54    -14.4    -3.7     9.7  -999.9     0.0     8.9     2.4   330.0
SUMMERSIDE  2013   2  24   55    -14.8    -5.2     9.3  -999.9     0.0    10.5     2.5   330.0
SUMMERSIDE  2013   2  25   56    -13.0    -2.0    10.1  -999.9     0.0    16.0     2.9   330.0
SUMMERSIDE  2013   2  26   57    -15.0    -2.3    11.0  -999.9     0.0     3.3     2.7   330.0
SUMMERSIDE  2013   2  27   58    -15.9     0.7    12.8  -999.9     0.0     4.8     2.8   330.0
SUMMERSIDE  2013   2  28   59     -7.8    -1.3     8.1  -999.9     0.0    18.4     3.9   330.0
SUMMERSIDE  2013   3   1   60     -3.8    -0.4     6.0  -999.9     0.0    27.1     4.8   330.0
SUMMERSIDE  2013   3   2   61     -0.4     0.3     2.7  -999.9     2.3    23.9     5.8   330.0
SUMMERSIDE  2013   3   3   62     -0.8     1.9     5.4  -999.9     2.3     7.1     6.1   330.0
SUMMERSIDE  2013   3   4   63     -0.9     2.9     6.5  -999.9     5.0    11.5     6.3   330.0
SUMMERSIDE  2013   3   5   64     -0.9     0.9     4.6  -999.9     1.4    25.6     5.7   330.0
SUMMERSIDE  2013   3   6   65     -1.8     0.5     5.2  -999.9     0.0    24.6     4.8   330.0
SUMMERSIDE  2013   3   7   66     -5.9     0.2     8.6  -999.9     0.2    21.2     4.1   330.0
SUMMERSIDE  2013   3   8   67     -4.9    -0.2     7.7  -999.9     0.0    30.5     4.4   330.0
SUMMERSIDE  2013   3   9   68     -2.5    -0.8     4.7  -999.9     0.0    25.1     4.7   330.0
SUMMERSIDE  2013   3  10   69     -4.7     0.8     8.5  -999.9     0.0    10.2     4.5   330.0
SUMMERSIDE  2013   3  11   70     -2.5     3.0     8.6  -999.9     0.0    24.3     5.2   330.0
SUMMERSIDE  2013   3  12   71      0.2     4.7     7.9  -999.9     0.0    29.3     6.4   330.0
SUMMERSIDE  2013   3  13   72      3.0     9.8     9.8  -999.9    24.0    35.0     8.3   330.0
SUMMERSIDE  2013   3  14   73     -3.0     6.3    11.6  -999.9     3.8    19.7     5.6   330.0
SUMMERSIDE  2013   3  15   74     -3.9    -0.2     7.4  -999.9     0.8    13.6     4.3   330.0
SUMMERSIDE  2013   3  16   75     -6.7    -0.6     9.6  -999.9     0.0    14.5     3.3   330.0
SUMMERSIDE  2013   3  17   76    -11.2    -1.7    12.2  -999.9     0.2    19.0     2.4   330.0
SUMMERSIDE  2013   3  18   77    -13.1    -4.2    11.9  -999.9     0.0    30.5     1.6   330.0
SUMMERSIDE  2013   3  19   78    -11.0    -3.6    11.0  -999.9     0.1    16.1     2.4   330.0
SUMMERSIDE  2013   3  20   79     -5.4     1.2    10.5  -999.9     4.4    32.9     4.4   330.0
SUMMERSIDE  2013   3  21   80     -5.9     3.1    12.4  -999.9     0.5    21.5     4.0   330.0
SUMMERSIDE  2013   3  22   81     -2.7     1.8     8.9  -999.9     0.9    27.9     5.0   330.0
SUMMERSIDE  2013   3  23   82     -3.9     1.0     9.4  -999.9     0.2    19.0     4.2   330.0
SUMMERSIDE  2013   3  24   83     -4.5     2.6    11.4  -999.9     0.9    10.1     5.0   330.0
SUMMERSIDE  2013   3  25   84     -2.2     0.8     7.5  -999.9     0.2    26.2     5.1   330.0
SUMMERSIDE  2013   3  26   85     -3.5     1.4     9.7  -999.9     5.5    25.9     5.3   330.0
SUMMERSIDE  2013   3  27   86     -0.3     1.4     5.8  -999.9     0.5    23.1     5.9   330.0
SUMMERSIDE  2013   3  28   87     -1.6     3.8    10.4  -999.9     0.0    13.8     5.6   330.0
SUMMERSIDE  2013   3  29   88     -4.6     2.6    12.1  -999.9     0.0    14.5     4.5   330.0
SUMMERSIDE  2013   3  30   89     -5.7     2.1    12.7  -999.9     0.0    10.7     4.1   330.0
SUMMERSIDE  2013   3  31   90     -7.3     7.8    17.8  -999.9     0.0     9.3     3.9   330.0
SUMMERSIDE  2013   4   1   91      0.0     6.2    11.5  -999.9     1.1    26.9     6.2   330.0
SUMMERSIDE  2013   4   2   92     -4.0     3.2    12.6  -999.9     1.0    27.7     4.2   330.0
SUMMERSIDE  2013   4   3   93     -6.3    -0.3    11.6  -999.9     0.2    31.1     2.7   330.0
SUMMERSIDE  2013   4   4   94     -3.3     6.0    14.5  -999.9     0.0    26.2     3.4   330.0
SUMMERSIDE  2013   4   5   95      0.5     8.7    13.8  -999.9     0.3    24.3     6.2   330.0
SUMMERSIDE  2013   4   6   96     -3.4     2.9    12.2  -999.9     0.2    28.2     3.9   330.0
SUMMERSIDE  2013   4   7   97     -4.7     4.0    14.5  -999.9     0.0    17.0     3.0   330.0
SUMMERSIDE  2013   4   8   98     -0.6     8.0    14.5  -999.9     1.4    20.1     6.5   330.0
SUMMERSIDE  2013   4   9   99     -1.5     3.8    11.5  -999.9     0.0     7.5     6.0   330.0
SUMMERSIDE  2013   4  10  100     -1.1     8.9    15.9  -999.9     0.9     9.2     7.2   330.0
SUMMERSIDE  2013   4  11  101     -0.9     5.4    12.7  -999.9     0.0    21.6     4.0   330.0
SUMMERSIDE  2013   4  12  102     -1.6     3.9    12.0  -999.9     1.4    16.9     4.8   330.0
SUMMERSIDE  2013   4  13  103     -0.3     1.5     6.9  -999.9     2.7    19.9     6.1   330.0
SUMMERSIDE  2013   4  14  104     -0.4     4.0    10.9  -999.9     4.8    11.5     6.6   330.0
SUMMERSIDE  2013   4  15  105     -0.9     8.6    16.2  -999.9     0.2    10.2     5.8   330.0
SUMMERSIDE  2013   4  16  106     -0.9    11.4    18.5  -999.9     3.6    24.2     6.6   330.0
SUMMERSIDE  2013   4  17  107      0.3    12.4    18.5  -999.9     0.2    32.1     5.9   330.0
SUMMERSIDE  2013   4  18  108     -2.5     6.8    16.3  -999.9     0.0    13.7     4.1   330.0
SUMMERSIDE  2013   4  19  109      4.2    16.1    18.6  -999.9     0.0    35.9     9.5   330.0
SUMMERSIDE  2013   4  20  110      4.9    15.1    17.4  -999.9     2.4    27.4    11.1   330.0
SUMMERSIDE  2013   4  21  111     -3.0     6.3    16.7  -999.9     0.0    17.0     4.5   330.0
SUMMERSIDE  2013   4  22  112     -4.6     7.0    18.8  -999.9     0.0    12.1     4.0   330.0
SUMMERSIDE  2013   4  23  113     -1.9    12.0    20.7  -999.9     3.6    17.9     4.9   330.0
SUMMERSIDE  2013   4  24  114      4.5    14.5    17.7  -999.9    12.3    28.2    10.8   330.0
SUMMERSIDE  2013   4  25  115      5.0    16.1    18.7  -999.9     1.1    26.8    11.4   330.0
SUMMERSIDE  2013   4  26  116      1.6     6.6    12.7  -999.9     0.2    28.4     6.1   330.0
SUMMERSIDE  2013   4  27  117     -2.0     7.0    17.1  -999.9     0.0    21.2     5.9   330.0
SUMMERSIDE  2013   4  28  118     -2.2    11.6    21.3  -999.9     0.0    11.8     5.8   330.0
SUMMERSIDE  2013   4  29  119     -1.1    11.7    20.6  -999.9     0.0    12.3     7.2   330.0
SUMMERSIDE  2013   4  30  120      2.7    12.7    18.3  -999.9     0.0     9.6     9.3   330.0
SUMMERSIDE  2013   5   1  121      2.6     5.4     9.8  -999.9     0.2     7.8     7.8   330.0
SUMMERSIDE  2013   5   2  122      3.7     8.2    12.4  -999.9     0.0    25.5     7.2   330.0
SUMMERSIDE  2013   5   3  123      0.5     9.7    17.9  -999.9     0.0    21.4     7.0   330.0
SUMMERSIDE  2013   5   4  124     -1.1    12.4    21.8  -999.9     0.0     9.7     6.7   330.0
SUMMERSIDE  2013   5   5  125      3.8    19.8    23.9  -999.9     0.0    20.0     8.3   330.0
SUMMERSIDE  2013   5   6  126      5.7    19.1    21.9  -999.9     0.0    28.7     8.8   330.0
SUMMERSIDE  2013   5   7  127      7.7    20.7    21.7  -999.9     0.0    29.4    11.3   330.0
SUMMERSIDE  2013   5   8  128      6.7    24.6    25.6  -999.9     0.0    14.5    11.1   330.0
SUMMERSIDE  2013   5   9  129     11.3    22.4    20.3  -999.9     0.0    24.0    15.2   330.0
SUMMERSIDE  2013   5  10  130      8.0    20.6    21.7  -999.9     6.4    18.9    13.5   330.0
SUMMERSIDE  2013   5  11  131      6.8    17.8    20.4  -999.9     4.3    20.1    12.8   330.0
SUMMERSIDE  2013   5  12  132     11.8    16.9    13.9  -999.9     8.7    29.7    15.0   330.0
SUMMERSIDE  2013   5  13  133      6.5    14.8    17.8  -999.9     0.2    30.5     8.9   330.0
SUMMERSIDE  2013   5  14  134      4.9     9.1    12.7  -999.9     3.8    17.0     8.0   330.0
SUMMERSIDE  2013   5  15  135      4.3    14.4    19.8  -999.9     7.9    28.5     8.4   330.0
SUMMERSIDE  2013   5  16  136      7.3    12.6    14.4  -999.9     0.7    20.1     9.8   330.0
SUMMERSIDE  2013   5  17  137      3.5    10.0    16.0  -999.9     0.2    27.3     8.7   330.0
SUMMERSIDE  2013   5  18  138      2.2     4.9    10.4  -999.9     3.0    32.8     6.4   330.0
SUMMERSIDE  2013   5  19  139      1.4    10.8    19.4  -999.9     0.0    12.8     6.4   330.0
SUMMERSIDE  2013   5  20  140      2.5    12.9    20.5  -999.9     1.1    15.1     7.7   330.0
SUMMERSIDE  2013   5  21  141      7.2    14.3    17.0  -999.9     1.0    14.9    11.5   330.0
SUMMERSIDE  2013   5  22  142      7.6    14.2    16.4  -999.9     0.0    12.1    10.8   330.0
SUMMERSIDE  2013   5  23  143      9.2    17.8    18.8  -999.9     0.3    27.4    12.8   330.0
SUMMERSIDE  2013   5  24  144      8.2    22.1    24.0  -999.9    10.0    30.4    15.0   330.0
SUMMERSIDE  2013   5  25  145      6.0    14.1    18.4  -999.9     8.0    28.0    11.7   330.0
SUMMERSIDE  2013   5  26  146      8.1    16.8    19.1  -999.9     0.2    24.2    11.5   330.0
SUMMERSIDE  2013   5  27  147      7.6    12.5    14.4  -999.9     0.6    18.9     9.8   330.0
SUMMERSIDE  2013   5  28  148      4.0    12.3    18.8  -999.9     0.0    16.0     7.8   330.0
SUMMERSIDE  2013   5  29  149      4.9    21.7    26.8  -999.9     2.2    18.3     9.0   330.0
SUMMERSIDE  2013   5  30  150     11.8    17.5    15.6  -999.9     7.1    17.1    14.9   330.0
SUMMERSIDE  2013   5  31  151     12.1    27.2    25.5  -999.9     1.3    15.8    18.2   330.0
SUMMERSIDE  2013   6   1  152      8.7    18.2    20.3  -999.9     1.1    20.1    11.8   330.0
SUMMERSIDE  2013   6   2  153      9.2    21.5    23.1  -999.9     0.0    14.7    14.6   330.0
SUMMERSIDE  2013   6   3  154     14.0    20.0    16.2  -999.9     2.1    28.7    16.6   330.0
SUMMERSIDE  2013   6   4  155     10.4    21.7    22.2  -999.9     0.0    21.8    12.4   330.0
SUMMERSIDE  2013   6   5  156      9.8    17.2    18.0  -999.9     0.0    17.8     9.1   330.0
SUMMERSIDE  2013   6   6  157      7.4    19.3    22.9  -999.9     0.0    13.9     7.6   330.0
SUMMERSIDE  2013   6   7  158     10.7    22.5    22.8  -999.9     0.0    13.6    11.2   330.0
SUMMERSIDE  2013   6   8  159      8.6    13.8    15.2  -999.9    29.0    24.3    11.8   330.0
SUMMERSIDE  2013   6   9  160      8.5    13.2    14.4  -999.9     0.2    19.4    11.0   330.0
SUMMERSIDE  2013   6  10  161      9.4    21.0    22.7  -999.9     0.4    13.0    13.5   330.0
SUMMERSIDE  2013   6  11  162     11.7    20.6    19.9  -999.9     0.0    14.5    14.0   330.0
SUMMERSIDE  2013   6  12  163      9.8    15.0    15.2  -999.9     6.7    20.2    12.8   330.0
SUMMERSIDE  2013   6  13  164      8.3    13.4    15.1  -999.9     0.6    27.2    10.9   330.0
SUMMERSIDE  2013   6  14  165      6.7    14.9    19.2  -999.9     0.0     4.3    10.7   330.0
SUMMERSIDE  2013   6  15  166      5.4    21.9    27.2  -999.9     0.0    12.8    10.8   330.0
SUMMERSIDE  2013   6  16  167     10.5    21.1    21.8  -999.9     1.6    13.2     9.2   330.0
SUMMERSIDE  2013   6  17  168     12.3    18.8    17.1  -999.9     0.0    11.2    14.3   330.0
SUMMERSIDE  2013   6  18  169     10.5    22.3    23.0  -999.9     0.0    17.0    12.9   330.0
SUMMERSIDE  2013   6  19  170      9.9    20.2    21.5  -999.9     0.0     9.4    12.5   330.0
SUMMERSIDE  2013   6  20  171     10.9    25.0    25.2  -999.9     0.0    15.6    11.6   330.0
SUMMERSIDE  2013   6  21  172     12.3    23.2    22.1  -999.9     1.9    18.2    14.6   330.0
SUMMERSIDE  2013   6  22  173     11.4    24.9    24.6  -999.9     0.2    14.3    14.1   330.0
SUMMERSIDE  2013   6  23  174     14.9    27.9    24.2  -999.9     7.3    18.6    18.8   330.0
SUMMERSIDE  2013   6  24  175     15.8    25.1    20.4  -999.9     0.0    17.3    19.9   330.0
SUMMERSIDE  2013   6  25  176     15.1    26.0    22.1  -999.9     0.0    13.0    19.9   330.0
SUMMERSIDE  2013   6  26  177     11.3    15.5    13.7  -999.9     1.3    24.6    12.9   330.0
SUMMERSIDE  2013   6  27  178     10.9    15.7    14.6  -999.9     0.5    17.5    13.4   330.0
SUMMERSIDE  2013   6  28  179     12.4    16.8    14.0  -999.9    28.4    17.7    15.0   330.0
SUMMERSIDE  2013   6  29  180     16.8    23.3    17.0  -999.9     0.4    25.0    21.1   330.0
SUMMERSIDE  2013   6  30  181     17.7    23.3    15.8  -999.9     0.0    29.9    21.2   330.0
SUMMERSIDE  2013   7   1  182     16.6    25.1    19.4  -999.9     2.9    18.1    21.4   330.0
SUMMERSIDE  2013   7   2  183     14.9    20.3    15.5  -999.9     0.0    13.2    12.8   330.0
SUMMERSIDE  2013   7   3  184     14.9    22.9    18.8  -999.9     0.4    12.4    16.9   330.0
SUMMERSIDE  2013   7   4  185     16.5    31.7    25.9  -999.9     0.0    17.3    20.6   330.0
SUMMERSIDE  2013   7   5  186     19.9    32.8    23.8  -999.9     0.0    15.5    21.8   330.0
SUMMERSIDE  2013   7   6  187     20.6    32.0    22.3  -999.9     0.0    13.7    23.2   330.0
SUMMERSIDE  2013   7   7  188     17.5    29.8    23.1  -999.9     0.0    15.2    20.4   330.0
SUMMERSIDE  2013   7   8  189     11.7    22.3    21.4  -999.9     0.0    10.4    12.8   330.0
SUMMERSIDE  2013   7   9  190     12.2    23.5    22.1  -999.9     0.0     9.4    12.5   330.0
SUMMERSIDE  2013   7  10  191     13.9    25.8    22.6  -999.9     0.0    17.4    15.0   330.0
SUMMERSIDE  2013   7  11  192     18.3    25.9    18.0  -999.9    13.7    21.5    23.3   330.0
SUMMERSIDE  2013   7  12  193     12.1    21.6    20.1  -999.9     0.0    13.0    12.7   330.0
SUMMERSIDE  2013   7  13  194     10.1    27.5    27.2  -999.9     0.0     9.8    14.5   330.0
SUMMERSIDE  2013   7  14  195     17.2    31.7    24.7  -999.9     0.0    11.8    18.8   330.0
SUMMERSIDE  2013   7  15  196     19.3    33.7    24.6  -999.9     0.0    14.0    21.2   330.0
SUMMERSIDE  2013   7  16  197     13.0    23.4    20.8  -999.9     0.0    17.8    13.0   330.0
SUMMERSIDE  2013   7  17  198     12.2    26.6    24.5  -999.9     7.2    23.0    13.8   330.0
SUMMERSIDE  2013   7  18  199     13.6    26.0    22.6  -999.9     0.0    19.9    16.4   330.0
SUMMERSIDE  2013   7  19  200     13.4    22.1    18.9  -999.9     4.7    22.2    16.0   330.0
SUMMERSIDE  2013   7  20  201     18.9    30.8    22.0  -999.9     1.2    22.9    24.0   330.0
SUMMERSIDE  2013   7  21  202     12.1    23.2    21.2  -999.9     0.0    16.2    12.7   330.0
SUMMERSIDE  2013   7  22  203     10.4    25.3    24.5  -999.9     0.0    10.2    13.1   330.0
SUMMERSIDE  2013   7  23  204     14.9    22.2    17.1  -999.9    23.6    18.2    15.9   330.0
SUMMERSIDE  2013   7  24  205     17.7    25.3    17.4  -999.9     1.4    17.2    21.8   330.0
SUMMERSIDE  2013   7  25  206     15.3    19.9    13.5  -999.9     0.0    11.5    16.4   330.0
SUMMERSIDE  2013   7  26  207     16.9    24.2    16.9  -999.9    21.8    16.9    22.1   330.0
SUMMERSIDE  2013   7  27  208     17.4    23.7    15.6  -999.9     0.0    20.4    20.9   330.0
SUMMERSIDE  2013   7  28  209     15.3    18.9    11.8  -999.9     0.0    12.2    16.8   330.0
SUMMERSIDE  2013   7  29  210     15.4    23.2    17.2  -999.9     3.5    13.3    19.8   330.0
SUMMERSIDE  2013   7  30  211     15.9    23.4    16.8  -999.9     4.9     8.1    20.5   330.0
SUMMERSIDE  2013   7  31  212     15.5    24.4    18.3  -999.9     0.2    14.4    17.9   330.0
SUMMERSIDE  2013   8   1  213     15.8    26.9    20.3  -999.9     0.0    13.1    19.0   330.0
SUMMERSIDE  2013   8   2  214     15.1    24.0    18.1  -999.9     0.4    11.5    18.4   330.0
SUMMERSIDE  2013   8   3  215     14.9    25.8    19.9  -999.9     0.0    17.2    19.3   330.0
SUMMERSIDE  2013   8   4  216     13.2    25.2    20.8  -999.9     0.2    12.9    17.1   330.0
SUMMERSIDE  2013   8   5  217     12.2    22.6    19.3  -999.9     0.5     7.3    16.9   330.0
SUMMERSIDE  2013   8   6  218     14.2    24.3    18.9  -999.9     0.0    14.6    16.8   330.0
SUMMERSIDE  2013   8   7  219     13.8    26.5    21.1  -999.9     0.0     8.2    15.9   330.0
SUMMERSIDE  2013   8   8  220     18.7    24.2    13.8  -999.9     1.1    15.1    15.9   330.0
SUMMERSIDE  2013   8   9  221     18.2    22.7    12.4  -999.9    12.9    20.4    20.8   330.0
SUMMERSIDE  2013   8  10  222     16.3    25.8    17.9  -999.9     5.4    25.2    18.9   330.0
SUMMERSIDE  2013   8  11  223     14.3    23.9    17.9  -999.9     0.0    20.3    13.6   330.0
SUMMERSIDE  2013   8  12  224     14.3    25.4    19.1  -999.9     0.3    13.8    17.0   330.0
SUMMERSIDE  2013   8  13  225     16.0    25.2    17.3  -999.9     0.0    14.5    18.2   330.0
SUMMERSIDE  2013   8  14  226     15.0    24.1    17.1  -999.9     0.0    12.5    19.0   330.0
SUMMERSIDE  2013   8  15  227     14.0    23.6    17.5  -999.9     0.0    22.0    14.5   330.0
SUMMERSIDE  2013   8  16  228     12.4    25.8    20.5  -999.9     0.0    13.6    15.3   330.0
SUMMERSIDE  2013   8  17  229     13.5    23.8    17.9  -999.9     0.0     9.4    16.0   330.0
SUMMERSIDE  2013   8  18  230     12.6    26.2    20.4  -999.9     0.0    16.2    15.5   330.0
SUMMERSIDE  2013   8  19  231     14.2    27.4    20.0  -999.9     0.0    18.3    17.4   330.0
SUMMERSIDE  2013   8  20  232     12.1    22.8    17.9  -999.9     0.0    12.1    16.4   330.0
SUMMERSIDE  2013   8  21  233     15.7    28.3    19.2  -999.9     0.1    20.5    19.6   330.0
SUMMERSIDE  2013   8  22  234     18.4    27.2    16.0  -999.9     0.0    24.4    20.5   330.0
SUMMERSIDE  2013   8  23  235     10.2    21.2    17.7  -999.9     0.0    16.4    14.2   330.0
SUMMERSIDE  2013   8  24  236      8.6    19.9    17.8  -999.9     0.0    12.0    11.0   330.0
SUMMERSIDE  2013   8  25  237      9.0    25.9    21.6  -999.9     0.0     8.4    13.3   330.0
SUMMERSIDE  2013   8  26  238     13.4    21.9    15.2  -999.9     0.0    20.0    16.2   330.0
SUMMERSIDE  2013   8  27  239     16.2    25.6    15.9  -999.9     0.0    12.7    20.7   330.0
SUMMERSIDE  2013   8  28  240     15.8    23.7    14.5  -999.9     0.0    12.5    19.8   330.0
SUMMERSIDE  2013   8  29  241     14.1    18.2    10.3  -999.9     0.2    31.0    15.5   330.0
SUMMERSIDE  2013   8  30  242     10.6    19.1    14.7  -999.9     0.3    23.5    13.8   330.0
SUMMERSIDE  2013   8  31  243     12.1    26.3    18.9  -999.9     4.6    10.7    16.5   330.0
SUMMERSIDE  2013   9   1  244     16.6    21.7    11.2  -999.9     1.6    16.9    19.9   330.0
SUMMERSIDE  2013   9   2  245     15.4    18.3     8.4  -999.9     2.1    20.9    16.5   330.0
SUMMERSIDE  2013   9   3  246     17.4    23.8    12.4  -999.9    18.5    26.1    22.6   330.0
SUMMERSIDE  2013   9   4  247     11.8    24.0    16.9  -999.9     1.8    19.5    17.7   330.0
SUMMERSIDE  2013   9   5  248      6.5    15.3    14.2  -999.9     0.6     7.0    10.3   330.0
SUMMERSIDE  2013   9   6  249      4.1    18.5    18.1  -999.9     0.0    17.5     9.3   330.0
SUMMERSIDE  2013   9   7  250     13.0    21.7    13.9  -999.9     2.5    27.6    13.8   330.0
SUMMERSIDE  2013   9   8  251      9.3    16.4    12.4  -999.9    36.3    20.2    13.3   330.0
SUMMERSIDE  2013   9   9  252      8.0    17.3    14.1  -999.9     0.0    23.9    10.0   330.0
SUMMERSIDE  2013   9  10  253     12.7    17.8    10.3  -999.9     0.2    21.0    13.5   330.0
SUMMERSIDE  2013   9  11  254     15.7    21.1    10.5  -999.9     3.1    23.0    19.1   330.0
SUMMERSIDE  2013   9  12  255     18.0    22.6     9.6  -999.9     9.5    16.6    21.5   330.0
SUMMERSIDE  2013   9  13  256     19.1    23.4     9.2  -999.9    17.8    19.8    22.5   330.0
SUMMERSIDE  2013   9  14  257     14.3    24.0    13.7  -999.9     0.0    14.7    19.7   330.0
SUMMERSIDE  2013   9  15  258     11.3    20.2    13.0  -999.9     0.0    18.2    13.9   330.0
SUMMERSIDE  2013   9  16  259      5.7    17.1    14.6  -999.9     2.1    16.7    10.9   330.0
SUMMERSIDE  2013   9  17  260      5.2    15.9    14.0  -999.9     0.0    13.9     8.9   330.0
SUMMERSIDE  2013   9  18  261      9.3    20.3    14.0  -999.9     0.0    17.9    11.7   330.0
SUMMERSIDE  2013   9  19  262      9.4    22.6    15.2  -999.9     0.0    11.6    13.5   330.0
SUMMERSIDE  2013   9  20  263      8.8    14.5     9.9  -999.9     0.0    17.4    11.0   330.0
SUMMERSIDE  2013   9  21  264      9.9    22.7    14.6  -999.9     0.0    24.0    14.1   330.0
SUMMERSIDE  2013   9  22  265     14.6    25.2    13.2  -999.9    16.0    27.4    18.3   330.0
SUMMERSIDE  2013   9  23  266      8.8    17.0    11.4  -999.9     7.6    16.4    13.4   330.0
SUMMERSIDE  2013   9  24  267      8.5    11.9     7.3  -999.9     0.2    10.4    10.6   330.0
SUMMERSIDE  2013   9  25  268      9.6    13.4     7.6  -999.9     7.7    15.7    12.2   330.0
SUMMERSIDE  2013   9  26  269     11.9    13.1     4.2  -999.9     2.6    33.8    13.1   330.0
SUMMERSIDE  2013   9  27  270      4.8    15.3    12.4  -999.9     0.0    19.1     9.9   330.0
SUMMERSIDE  2013   9  28  271      5.1    21.3    15.2  -999.9     0.2    10.8    11.7   330.0
SUMMERSIDE  2013   9  29  272     10.6    24.0    13.6  -999.9     0.0    16.7    14.3   330.0
SUMMERSIDE  2013   9  30  273      9.5    19.9    11.9  -999.9     0.0    10.0    12.8   330.0
SUMMERSIDE  2013  10   1  274     11.3    19.9    10.6  -999.9     0.0     7.5    14.7   330.0
SUMMERSIDE  2013  10   2  275      8.8    22.6    13.3  -999.9     0.0    11.8    14.3   330.0
SUMMERSIDE  2013  10   3  276      9.0    19.4    11.4  -999.9     0.0    19.9     9.7   330.0
SUMMERSIDE  2013  10   4  277      5.6    15.5    11.0  -999.9     0.0    17.4     8.2   330.0
SUMMERSIDE  2013  10   5  278      4.4    14.1    10.8  -999.9     0.0     9.3     8.8   330.0
SUMMERSIDE  2013  10   6  279      2.9    12.5    10.6  -999.9     0.0    11.6     7.9   330.0
SUMMERSIDE  2013  10   7  280      4.8    16.9    11.7  -999.9     0.5    23.2    10.4   330.0
SUMMERSIDE  2013  10   8  281      5.2    19.0    12.3  -999.9     5.3    25.2    10.6   330.0
SUMMERSIDE  2013  10   9  282      2.9    15.2    11.5  -999.9     0.0    10.9     8.3   330.0
SUMMERSIDE  2013  10  10  283     10.0    20.3    10.4  -999.9     0.0    21.0    12.0   330.0
SUMMERSIDE  2013  10  11  284      6.4    15.4     9.6  -999.9     0.0    14.9    11.1   330.0
SUMMERSIDE  2013  10  12  285     -0.9     9.9    10.3  -999.9     0.0    13.8     5.9   330.0
SUMMERSIDE  2013  10  13  286     -1.2    11.3    11.0  -999.9     0.0     6.8     6.8   330.0
SUMMERSIDE  2013  10  14  287      2.9    17.4    11.7  -999.9     1.0    15.7     9.9   330.0
SUMMERSIDE  2013  10  15  288      0.9    15.3    11.5  -999.9     0.0    13.8     8.1   330.0
SUMMERSIDE  2013  10  16  289      1.3    16.1    11.5  -999.9     9.0    14.7     8.5   330.0
SUMMERSIDE  2013  10  17  290     12.0    20.0     8.3  -999.9     0.0    16.9    15.9   330.0
SUMMERSIDE  2013  10  18  291     10.2    15.0     6.4  -999.9     3.3    13.1    13.4   330.0
SUMMERSIDE  2013  10  19  292      6.7    14.3     7.9  -999.9     0.0    17.8     9.9   330.0
SUMMERSIDE  2013  10  20  293      7.5    15.1     7.8  -999.9     1.9    13.8    11.2   330.0
SUMMERSIDE  2013  10  21  294      4.7    11.0     7.0  -999.9     0.0    16.2     7.8   330.0
SUMMERSIDE  2013  10  22  295      2.5    14.8     9.6  -999.9    12.0    17.2     8.7   330.0
SUMMERSIDE  2013  10  23  296      4.1    11.7     7.5  -999.9     0.6     8.7     8.0   330.0
SUMMERSIDE  2013  10  24  297      4.5     9.2     5.8  -999.9     0.0    20.2     6.0   330.0
SUMMERSIDE  2013  10  25  298      4.1     9.8     6.3  -999.9     0.0    22.0     6.3   330.0
SUMMERSIDE  2013  10  26  299      2.7     8.8     6.4  -999.9     2.8    17.4     6.1   330.0
SUMMERSIDE  2013  10  27  300      4.5     7.6     4.5  -999.9     4.2     9.5     8.3   330.0
SUMMERSIDE  2013  10  28  301      1.7     7.8     6.2  -999.9     0.2    20.3     6.4   330.0
SUMMERSIDE  2013  10  29  302     -3.7     5.5     7.5  -999.9     0.0    13.6     4.5   330.0
SUMMERSIDE  2013  10  30  303     -4.3     5.6     7.7  -999.9     0.0    11.9     4.4   330.0
SUMMERSIDE  2013  10  31  304     -3.3    10.3     8.9  -999.9     8.3    18.2     5.3   330.0
SUMMERSIDE  2013  11   1  305     10.3    18.3     6.7  -999.9     4.5    39.6    14.1   330.0
SUMMERSIDE  2013  11   2  306      4.6    14.9     7.5  -999.9     0.0    20.9     8.4   330.0
SUMMERSIDE  2013  11   3  307     -0.5     5.0     5.4  -999.9     0.0    17.6     4.6   330.0
SUMMERSIDE  2013  11   4  308     -0.7     3.7     4.8  -999.9     0.2    17.2     4.5   330.0
SUMMERSIDE  2013  11   5  309     -0.9     5.4     5.7  -999.9     0.0    10.4     4.9   330.0
SUMMERSIDE  2013  11   6  310      4.3    11.2     5.8  -999.9     0.0    22.8     7.6   330.0
SUMMERSIDE  2013  11   7  311      7.0    14.0     5.8  -999.9     7.1    29.3    11.3   330.0
SUMMERSIDE  2013  11   8  312      1.4     5.2     4.2  -999.9     0.0    18.0     5.3   330.0
SUMMERSIDE  2013  11   9  313     -0.2     3.3     4.0  -999.9     0.2    22.1     4.6   330.0
SUMMERSIDE  2013  11  10  314     -1.5     4.8     5.3  -999.9     9.7    12.4     5.1   330.0
SUMMERSIDE  2013  11  11  315      1.9     5.8     4.1  -999.9     6.8    15.3     7.3   330.0
SUMMERSIDE  2013  11  12  316     -2.7     5.0     5.7  -999.9     2.5    21.8     5.3   330.0
SUMMERSIDE  2013  11  13  317     -4.1    -0.1     4.0  -999.9     0.0    18.2     3.4   330.0
SUMMERSIDE  2013  11  14  318     -4.5     4.1     5.9  -999.9     0.0    20.4     4.0   330.0
SUMMERSIDE  2013  11  15  319      2.7     9.3     5.1  -999.9     0.0    16.8     7.0   330.0
SUMMERSIDE  2013  11  16  320     -0.3    10.0     6.3  -999.9     0.0     5.7     7.4   330.0
SUMMERSIDE  2013  11  17  321     -0.3     9.2     5.9  -999.9     0.0     5.2     8.0   330.0
SUMMERSIDE  2013  11  18  322      4.2    13.6     5.8  -999.9    11.0    30.0    10.4   330.0
SUMMERSIDE  2013  11  19  323     -0.3     9.8     6.0  -999.9     0.0    17.9     6.5   330.0
SUMMERSIDE  2013  11  20  324     -2.8    -0.3     2.9  -999.9     0.0    33.5     3.5   330.0
SUMMERSIDE  2013  11  21  325     -2.1     5.5     5.1  -999.9     0.0    23.0     4.0   330.0
SUMMERSIDE  2013  11  22  326     -2.1     6.4     5.3  -999.9     0.0     6.0     5.9   330.0
SUMMERSIDE  2013  11  23  327     -3.0     2.5     4.2  -999.9     1.7    21.2     4.8   330.0
SUMMERSIDE  2013  11  24  328     -6.0    -3.0     3.1  -999.9     0.0    34.7     2.6   330.0
SUMMERSIDE  2013  11  25  329     -7.3    -2.3     3.9  -999.9     0.2    27.4     2.6   330.0
SUMMERSIDE  2013  11  26  330     -5.9     1.3     4.7  -999.9     1.4    15.0     3.7   330.0
SUMMERSIDE  2013  11  27  331     -1.8    14.5     7.0  -999.9    11.0    28.5     8.6   330.0
SUMMERSIDE  2013  11  28  332     -5.0    15.5     7.7  -999.9     1.5    37.3     6.8   330.0
SUMMERSIDE  2013  11  29  333     -6.4    -4.3     2.5  -999.9     0.0    20.2     2.6   330.0
SUMMERSIDE  2013  11  30  334     -8.7    -3.4     3.9  -999.9     0.0    14.5     2.7   330.0
SUMMERSIDE  2013  12   1  335     -6.9     1.2     4.7  -999.9     1.8    19.9     4.1   330.0
SUMMERSIDE  2013  12   2  336     -2.3     3.5     4.0  -999.9     1.5     9.3     6.1   330.0
SUMMERSIDE  2013  12   3  337      2.0     4.4     2.5  -999.9    31.5    13.4     7.5   330.0
SUMMERSIDE  2013  12   4  338     -1.1     3.0     3.3  -999.9    23.6    39.0     6.2   330.0
SUMMERSIDE  2013  12   5  339     -2.1     2.3     3.4  -999.9     0.6    11.8     5.4   330.0
SUMMERSIDE  2013  12   6  340      1.8     6.7     3.5  -999.9     5.7    19.9     7.8   330.0
SUMMERSIDE  2013  12   7  341     -4.5     1.9     4.0  -999.9     0.0    19.0     3.5   330.0
SUMMERSIDE  2013  12   8  342     -8.1    -3.7     3.3  -999.9     0.0    27.2     2.3   330.0
SUMMERSIDE  2013  12   9  343    -10.7    -2.6     4.5  -999.9     4.7    11.2     2.8   330.0
SUMMERSIDE  2013  12  10  344     -6.2     0.4     4.0  -999.9     0.9    16.3     4.0   330.0
SUMMERSIDE  2013  12  11  345     -9.6    -5.1     3.3  -999.9     0.0    26.3     2.1   330.0
SUMMERSIDE  2013  12  12  346    -15.8    -7.3     4.5  -999.9     0.0    23.2     1.5   330.0
SUMMERSIDE  2013  12  13  347    -17.2    -8.6     4.5  -999.9     0.2    18.0     1.7   330.0
SUMMERSIDE  2013  12  14  348    -18.2   -14.0     3.2  -999.9     0.0    21.9     1.2   330.0
SUMMERSIDE  2013  12  15  349    -14.3    -1.9     5.4  -999.9     7.8    28.5     2.9   330.0
SUMMERSIDE  2013  12  16  350    -11.3    -2.2     4.6  -999.9     1.5    17.6     3.1   330.0
SUMMERSIDE  2013  12  17  351    -13.7   -10.2     2.9  -999.9     0.0    14.4     2.0   330.0
SUMMERSIDE  2013  12  18  352    -18.4    -1.7     6.3  -999.9     8.6    23.2     2.6   330.0
SUMMERSIDE  2013  12  19  353    -11.1    -4.4     4.0  -999.9     0.0    21.0     2.7   330.0
SUMMERSIDE  2013  12  20  354    -13.5    -2.8     5.0  -999.9     5.6    11.0     2.6   330.0
SUMMERSIDE  2013  12  21  355     -2.8     0.5     2.8  -999.9     5.0     9.2     5.3   330.0
SUMMERSIDE  2013  12  22  356     -5.7    -1.0     3.3  -999.9     6.6    16.2     4.5   330.0
SUMMERSIDE  2013  12  23  357     -4.5    -0.6     3.0  -999.9    12.9     7.9     4.8   330.0
SUMMERSIDE  2013  12  24  358     -5.0    -0.5     3.3  -999.9     0.4     7.0     4.9   330.0
SUMMERSIDE  2013  12  25  359    -24.4    -4.9     6.8  -999.9     0.2     2.7     1.7   330.0
SUMMERSIDE  2013  12  26  360    -23.5    -2.3     7.1  -999.9     2.5     0.0     2.0   330.0
SUMMERSIDE  2013  12  27  361    -11.7    -2.7     4.6  -999.9     1.0     0.0     3.3   330.0
SUMMERSIDE  2013  12  28  362    -17.0    -0.6     6.3  -999.9     0.0     0.0     2.8   330.0
SUMMERSIDE  2013  12  29  363     -8.7    -1.8     4.1  -999.9     3.5     0.0     3.4   330.0
SUMMERSIDE  2013  12  30  364    -14.8     0.0     6.0  -999.9     9.8     0.0     3.1   330.0
SUMMERSIDE  2013  12  31  365    -22.8   -14.5     4.5  -999.9     0.2     0.0     1.1   330.0
