SUMMERSIDE_A  1991   1   1    1    -16.3    -7.4     4.7  -999.9     0.0    14.0     1.8   330.0
SUMMERSIDE_A  1991   1   2    2     -7.5     0.9     4.6  -999.9     0.2    25.5     4.0   330.0
SUMMERSIDE_A  1991   1   3    3    -16.1    -6.8     4.9  -999.9     0.8    17.4     1.8   330.0
SUMMERSIDE_A  1991   1   4    4    -16.2    -5.6     5.2  -999.9     0.0    17.9     1.8   330.0
SUMMERSIDE_A  1991   1   5    5     -8.0    -3.3     3.5  -999.9     0.0    17.0     2.7   330.0
SUMMERSIDE_A  1991   1   6    6     -9.2    -3.7     3.8  -999.9     1.2     6.4     3.3   330.0
SUMMERSIDE_A  1991   1   7    7    -19.4    -9.2     5.2  -999.9     0.0    22.2     1.3   330.0
SUMMERSIDE_A  1991   1   8    8    -22.0   -15.9     4.1  -999.9     0.0    18.5     0.9   330.0
SUMMERSIDE_A  1991   1   9    9    -19.9    -4.4     6.6  -999.9     4.4     8.0     1.7   330.0
SUMMERSIDE_A  1991   1  10   10    -19.3    -3.8     6.6  -999.9     9.4    25.4     2.1   330.0
SUMMERSIDE_A  1991   1  11   11    -20.7   -16.3     3.6  -999.9     0.0    34.2     1.0   330.0
SUMMERSIDE_A  1991   1  12   12    -19.5    -5.1     6.5  -999.9    23.2    12.4     2.0   330.0
SUMMERSIDE_A  1991   1  13   13    -13.7    -3.4     5.6  -999.9     4.2    27.3     2.8   330.0
SUMMERSIDE_A  1991   1  14   14    -15.9    -8.7     4.7  -999.9     0.6    12.7     1.9   330.0
SUMMERSIDE_A  1991   1  15   15    -22.0    -8.4     6.5  -999.9     0.8     9.5     1.6   330.0
SUMMERSIDE_A  1991   1  16   16    -21.9     0.8     8.5  -999.9     5.0    16.5     2.5   330.0
SUMMERSIDE_A  1991   1  17   17     -5.5     3.1     5.3  -999.9     9.0    31.5     4.8   330.0
SUMMERSIDE_A  1991   1  18   18     -9.2    -2.9     4.6  -999.9     1.4    19.1     2.9   330.0
SUMMERSIDE_A  1991   1  19   19    -18.2    -4.1     6.9  -999.9     1.4    26.1     1.9   330.0
SUMMERSIDE_A  1991   1  20   20    -14.1     1.1     7.3  -999.9     0.6    26.2     3.2   330.0
SUMMERSIDE_A  1991   1  21   21    -20.0   -11.8     5.4  -999.9     0.0    31.0     1.3   330.0
SUMMERSIDE_A  1991   1  22   22    -23.0   -16.4     4.9  -999.9     0.0    13.3     0.9   330.0
SUMMERSIDE_A  1991   1  23   23    -22.7    -8.6     7.3  -999.9     0.0    15.2     1.3   330.0
SUMMERSIDE_A  1991   1  24   24     -9.3    -0.3     5.9  -999.9     3.0    26.5     3.5   330.0
SUMMERSIDE_A  1991   1  25   25    -22.8    -9.0     7.4  -999.9     0.0    36.2     1.0   330.0
SUMMERSIDE_A  1991   1  26   26    -23.5   -12.2     6.8  -999.9     0.0    18.6     1.0   330.0
SUMMERSIDE_A  1991   1  27   27    -14.0    -3.1     6.7  -999.9     0.2    16.2     2.6   330.0
SUMMERSIDE_A  1991   1  28   28     -7.2     2.1     6.3  -999.9     0.2    23.2     4.3   330.0
SUMMERSIDE_A  1991   1  29   29     -9.9    -0.2     6.5  -999.9     0.0    19.0     3.1   330.0
SUMMERSIDE_A  1991   1  30   30    -10.1     0.5     6.9  -999.9     5.0    16.3     3.7   330.0
SUMMERSIDE_A  1991   1  31   31    -12.6    -6.2     5.4  -999.9    19.6    27.2     2.7   330.0
SUMMERSIDE_A  1991   2   1   32    -20.0   -12.3     6.0  -999.9     0.0    28.0     1.2   330.0
SUMMERSIDE_A  1991   2   2   33    -19.2     0.2     9.7  -999.9     0.4    21.8     2.2   330.0
SUMMERSIDE_A  1991   2   3   34     -5.4     5.3     7.3  -999.9     0.8    20.9     4.7   330.0
SUMMERSIDE_A  1991   2   4   35     -9.0    -3.8     5.2  -999.9     0.0    19.8     3.0   330.0
SUMMERSIDE_A  1991   2   5   36     -3.9     1.1     5.2  -999.9     2.4    17.3     5.1   330.0
SUMMERSIDE_A  1991   2   6   37    -10.0    -3.3     6.0  -999.9     0.0    13.5     2.9   330.0
SUMMERSIDE_A  1991   2   7   38     -9.9     0.5     7.6  -999.9     1.6    20.4     3.8   330.0
SUMMERSIDE_A  1991   2   8   39     -6.3     1.8     6.8  -999.9     0.0    11.8     4.9   330.0
SUMMERSIDE_A  1991   2   9   40     -4.2     1.5     5.8  -999.9     0.0    18.8     5.3   330.0
SUMMERSIDE_A  1991   2  10   41     -7.6    -1.1     6.3  -999.9     1.6    14.1     3.3   330.0
SUMMERSIDE_A  1991   2  11   42    -16.3    -6.0     8.1  -999.9     0.6    11.4     1.9   330.0
SUMMERSIDE_A  1991   2  12   43    -21.3   -11.2     8.1  -999.9     4.8    13.2     1.4   330.0
SUMMERSIDE_A  1991   2  13   44    -22.7   -10.2     9.1  -999.9     0.0    13.8     1.2   330.0
SUMMERSIDE_A  1991   2  14   45    -19.6     4.1    12.7  -999.9     6.4    17.9     2.6   330.0
SUMMERSIDE_A  1991   2  15   46      1.2     6.7     6.2  -999.9     3.0    17.0     7.4   330.0
SUMMERSIDE_A  1991   2  16   47    -14.0     2.5    10.9  -999.9     0.0    23.4     3.1   330.0
SUMMERSIDE_A  1991   2  17   48    -16.1    -4.6     9.3  -999.9     0.8    15.8     2.2   330.0
SUMMERSIDE_A  1991   2  18   49    -12.6    -4.9     7.7  -999.9     0.0    15.0     2.0   330.0
SUMMERSIDE_A  1991   2  19   50    -12.2     0.4    10.0  -999.9     4.8    13.1     3.0   330.0
SUMMERSIDE_A  1991   2  20   51     -1.4     4.4     6.9  -999.9     8.4    18.2     6.4   330.0
SUMMERSIDE_A  1991   2  21   52     -5.6     0.8     7.3  -999.9     0.0    15.5     3.8   330.0
SUMMERSIDE_A  1991   2  22   53     -5.0     2.7     8.1  -999.9     3.0    18.9     5.0   330.0
SUMMERSIDE_A  1991   2  23   54    -16.4    -2.9    10.9  -999.9     0.4    42.6     2.0   330.0
SUMMERSIDE_A  1991   2  24   55    -15.3    -8.2     8.0  -999.9     2.6    15.1     1.8   330.0
SUMMERSIDE_A  1991   2  25   56    -16.2    -5.6     9.9  -999.9     1.2     3.7     2.3   330.0
SUMMERSIDE_A  1991   2  26   57    -18.0    -4.7    11.3  -999.9     0.0     5.9     1.9   330.0
SUMMERSIDE_A  1991   2  27   58    -16.8    -6.2    10.2  -999.9     0.0     7.5     2.0   330.0
SUMMERSIDE_A  1991   2  28   59    -10.8    -2.4     9.2  -999.9     0.0    15.0     2.5   330.0
SUMMERSIDE_A  1991   3   1   60     -9.8     0.2    10.2  -999.9     0.6    15.6     3.7   330.0
SUMMERSIDE_A  1991   3   2   61     -0.5     8.5     9.8  -999.9     7.0    27.4     7.7   330.0
SUMMERSIDE_A  1991   3   3   62     -6.0     4.8    10.9  -999.9     0.4    26.1     5.1   330.0
SUMMERSIDE_A  1991   3   4   63     -6.2     5.8    11.6  -999.9    11.6    27.0     5.3   330.0
SUMMERSIDE_A  1991   3   5   64     -4.4     7.6    11.8  -999.9     3.8    19.8     6.5   330.0
SUMMERSIDE_A  1991   3   6   65     -5.9     3.4    10.5  -999.9     0.0    17.6     4.3   330.0
SUMMERSIDE_A  1991   3   7   66     -4.9     7.7    12.4  -999.9    11.0    12.5     5.1   330.0
SUMMERSIDE_A  1991   3   8   67     -3.5     2.0     8.3  -999.9     5.6    19.5     5.6   330.0
SUMMERSIDE_A  1991   3   9   68     -1.7     0.2     4.9  -999.9     2.6    23.6     5.7   330.0
SUMMERSIDE_A  1991   3  10   69     -1.7     0.9     5.9  -999.9     1.4    26.2     5.6   330.0
SUMMERSIDE_A  1991   3  11   70     -2.2     0.1     5.6  -999.9     9.4    43.2     5.3   330.0
SUMMERSIDE_A  1991   3  12   71     -2.6     0.4     6.4  -999.9    18.0    51.0     5.5   330.0
SUMMERSIDE_A  1991   3  13   72     -2.6     0.8     6.9  -999.9     5.8    30.9     5.6   330.0
SUMMERSIDE_A  1991   3  14   73     -6.1    -0.2     9.3  -999.9     0.0    22.2     4.3   330.0
SUMMERSIDE_A  1991   3  15   74     -8.2    -1.9     9.7  -999.9     0.0    29.8     3.7   330.0
SUMMERSIDE_A  1991   3  16   75     -8.3    -1.2    10.4  -999.9     0.0    25.8     3.4   330.0
SUMMERSIDE_A  1991   3  17   76     -9.7     1.1    13.0  -999.9     0.0    13.0     3.0   330.0
SUMMERSIDE_A  1991   3  18   77     -5.3     8.4    14.8  -999.9     0.0    12.9     4.4   330.0
SUMMERSIDE_A  1991   3  19   78     -0.4     5.5     9.8  -999.9     4.6    20.1     6.4   330.0
SUMMERSIDE_A  1991   3  20   79     -7.1     3.2    13.1  -999.9     6.2    25.4     4.8   330.0
SUMMERSIDE_A  1991   3  21   80     -8.6    -1.0    11.4  -999.9     0.6    26.8     2.8   330.0
SUMMERSIDE_A  1991   3  22   81     -9.9    -0.8    12.6  -999.9     0.0    14.5     2.6   330.0
SUMMERSIDE_A  1991   3  23   82    -10.0    -0.5    13.0  -999.9     0.0     7.5     2.4   330.0
SUMMERSIDE_A  1991   3  24   83     -3.6    -0.5     7.5  -999.9     1.8    17.8     4.1   330.0
SUMMERSIDE_A  1991   3  25   84     -6.1    -0.4    10.3  -999.9     0.0    20.7     3.9   330.0
SUMMERSIDE_A  1991   3  26   85     -8.3     1.8    13.9  -999.9     0.0    10.5     3.7   330.0
SUMMERSIDE_A  1991   3  27   86     -7.0     8.5    17.4  -999.9     0.0    10.0     4.3   330.0
SUMMERSIDE_A  1991   3  28   87      0.5     6.5    10.9  -999.9     4.2    28.5     6.5   330.0
SUMMERSIDE_A  1991   3  29   88      0.5     8.6    12.8  -999.9     0.0    21.4     5.7   330.0
SUMMERSIDE_A  1991   3  30   89     -5.8     1.9    12.6  -999.9     1.6    13.8     4.0   330.0
SUMMERSIDE_A  1991   3  31   90     -7.6     2.2    14.4  -999.9     0.0    15.5     3.2   330.0
SUMMERSIDE_A  1991   4   1   91     -4.3     1.5    11.2  -999.9     5.4    11.0     4.5   330.0
SUMMERSIDE_A  1991   4   2   92     -8.2     4.6    16.8  -999.9     1.2    15.4     4.5   330.0
SUMMERSIDE_A  1991   4   3   93     -3.2     5.1    13.6  -999.9     0.0    13.7     4.9   330.0
SUMMERSIDE_A  1991   4   4   94     -3.5    10.4    17.8  -999.9     0.0    20.1     5.1   330.0
SUMMERSIDE_A  1991   4   5   95      1.3    11.9    15.7  -999.9     0.0    22.8     6.9   330.0
SUMMERSIDE_A  1991   4   6   96      0.6    11.9    16.3  -999.9     0.0    14.0     8.0   330.0
SUMMERSIDE_A  1991   4   7   97     -2.3     0.7     8.5  -999.9     0.0    19.8     5.0   330.0
SUMMERSIDE_A  1991   4   8   98     -2.2     6.6    14.7  -999.9     0.2    12.3     6.5   330.0
SUMMERSIDE_A  1991   4   9   99     -1.3     1.1     7.7  -999.9    10.4    18.1     5.8   330.0
SUMMERSIDE_A  1991   4  10  100     -1.2     2.5     9.7  -999.9    14.8    15.9     6.1   330.0
SUMMERSIDE_A  1991   4  11  101     -2.1     1.0     8.9  -999.9     4.2    14.6     5.5   330.0
SUMMERSIDE_A  1991   4  12  102     -7.3    -1.6    12.2  -999.9     1.6    28.9     3.7   330.0
SUMMERSIDE_A  1991   4  13  103     -6.5     6.5    18.6  -999.9     0.0    13.4     4.2   330.0
SUMMERSIDE_A  1991   4  14  104     -4.2     1.2    12.1  -999.9     0.0    17.9     4.5   330.0
SUMMERSIDE_A  1991   4  15  105     -1.9    10.3    18.3  -999.9     0.0    19.8     4.9   330.0
SUMMERSIDE_A  1991   4  16  106     -3.4     1.1    11.2  -999.9     0.0    20.5     3.9   330.0
SUMMERSIDE_A  1991   4  17  107     -4.6     0.7    12.2  -999.9     0.0    14.2     4.1   330.0
SUMMERSIDE_A  1991   4  18  108     -5.0     3.4    15.5  -999.9     0.0    12.0     4.2   330.0
SUMMERSIDE_A  1991   4  19  109     -4.4     5.5    17.0  -999.9     0.0    14.1     5.4   330.0
SUMMERSIDE_A  1991   4  20  110     -3.3     6.9    17.4  -999.9     0.0     9.8     4.7   330.0
SUMMERSIDE_A  1991   4  21  111      0.1     5.9    13.2  -999.9     3.6    18.8     7.1   330.0
SUMMERSIDE_A  1991   4  22  112      5.0     8.4    10.2  -999.9     9.2    30.0     9.1   330.0
SUMMERSIDE_A  1991   4  23  113      3.6    13.1    17.1  -999.9     0.0    21.5     8.4   330.0
SUMMERSIDE_A  1991   4  24  114      3.6    17.5    20.8  -999.9     0.0    17.2     8.2   330.0
SUMMERSIDE_A  1991   4  25  115     -1.0     9.4    18.1  -999.9     0.0    16.5     6.0   330.0
SUMMERSIDE_A  1991   4  26  116     -0.9    15.0    22.6  -999.9     0.0    15.2     6.3   330.0
SUMMERSIDE_A  1991   4  27  117     -1.2     8.9    18.1  -999.9     0.0    21.9     5.0   330.0
SUMMERSIDE_A  1991   4  28  118     -1.0     8.7    17.9  -999.9     0.0    14.4     5.0   330.0
SUMMERSIDE_A  1991   4  29  119     -2.6     6.2    17.1  -999.9     0.0    14.3     3.8   330.0
SUMMERSIDE_A  1991   4  30  120     -2.4     9.8    20.3  -999.9     0.0    13.8     4.4   330.0
SUMMERSIDE_A  1991   5   1  121     -0.2     8.2    16.9  -999.9     1.4    18.1     6.1   330.0
SUMMERSIDE_A  1991   5   2  122      6.1    17.2    19.6  -999.9     0.4    19.4    10.7   330.0
SUMMERSIDE_A  1991   5   3  123      2.0    11.5    18.2  -999.9    10.6    32.3     8.8   330.0
SUMMERSIDE_A  1991   5   4  124      2.6     7.4    13.0  -999.9     0.4    27.5     7.9   330.0
SUMMERSIDE_A  1991   5   5  125      3.5    11.5    16.9  -999.9     0.0    23.2     8.3   330.0
SUMMERSIDE_A  1991   5   6  126      4.2    10.6    15.2  -999.9     0.0    12.6     7.3   330.0
SUMMERSIDE_A  1991   5   7  127      6.9    16.3    18.5  -999.9    10.8    29.5    11.3   330.0
SUMMERSIDE_A  1991   5   8  128      6.0    15.1    18.3  -999.9     0.0    19.7     8.5   330.0
SUMMERSIDE_A  1991   5   9  129      5.7    11.3    14.4  -999.9     0.0    16.8     7.4   330.0
SUMMERSIDE_A  1991   5  10  130      3.3    13.3    19.3  -999.9     0.0    11.1     6.5   330.0
SUMMERSIDE_A  1991   5  11  131      4.9    19.0    23.1  -999.9     0.2    14.0     7.1   330.0
SUMMERSIDE_A  1991   5  12  132      7.8    16.0    17.7  -999.9     7.8    31.3     9.6   330.0
SUMMERSIDE_A  1991   5  13  133      4.9    18.7    23.0  -999.9     2.2    19.9     8.6   330.0
SUMMERSIDE_A  1991   5  14  134      5.2    12.9    17.3  -999.9     0.0    20.7     5.7   330.0
SUMMERSIDE_A  1991   5  15  135      4.5    17.1    22.2  -999.9     0.0    11.8     6.1   330.0
SUMMERSIDE_A  1991   5  16  136      6.2    18.0    21.5  -999.9     0.4    20.5     9.1   330.0
SUMMERSIDE_A  1991   5  17  137      5.0    13.5    18.3  -999.9    16.2    18.4    10.4   330.0
SUMMERSIDE_A  1991   5  18  138     -1.6     5.8    17.2  -999.9     0.0    30.2     4.0   330.0
SUMMERSIDE_A  1991   5  19  139     -1.9    13.3    24.7  -999.9     0.0    16.5     5.3   330.0
SUMMERSIDE_A  1991   5  20  140      4.9    21.2    25.7  -999.9     0.0    18.0     8.6   330.0
SUMMERSIDE_A  1991   5  21  141      7.8    20.9    23.1  -999.9     0.0    23.9    11.2   330.0
SUMMERSIDE_A  1991   5  22  142      3.5    13.4    20.1  -999.9     0.0    26.2     7.3   330.0
SUMMERSIDE_A  1991   5  23  143      3.0     8.6    15.2  -999.9     0.0    21.5     5.7   330.0
SUMMERSIDE_A  1991   5  24  144      6.7    15.5    19.1  -999.9     5.2    27.5    12.1   330.0
SUMMERSIDE_A  1991   5  25  145      8.9    24.0    25.1  -999.9     0.0    20.0    14.9   330.0
SUMMERSIDE_A  1991   5  26  146      6.4    18.9    22.9  -999.9     0.0    14.1     8.9   330.0
SUMMERSIDE_A  1991   5  27  147      8.2    16.8    19.1  -999.9     9.4    11.3    11.6   330.0
SUMMERSIDE_A  1991   5  28  148      8.5    12.7    13.3  -999.9     6.6    15.9    12.3   330.0
SUMMERSIDE_A  1991   5  29  149      6.3    13.9    18.0  -999.9     0.0    18.3    10.4   330.0
SUMMERSIDE_A  1991   5  30  150      6.3    16.2    20.6  -999.9     0.0    10.5     9.0   330.0
SUMMERSIDE_A  1991   5  31  151      6.0    16.2    20.9  -999.9     0.0    14.1     8.6   330.0
SUMMERSIDE_A  1991   6   1  152      5.5    10.6    14.8  -999.9     4.4     7.0     9.4   330.0
SUMMERSIDE_A  1991   6   2  153      5.3    15.6    21.1  -999.9     0.0    11.7    10.3   330.0
SUMMERSIDE_A  1991   6   3  154      4.9    14.5    20.4  -999.9     0.2    14.8     9.3   330.0
SUMMERSIDE_A  1991   6   4  155      4.6    12.5    18.6  -999.9     0.0    17.9     8.4   330.0
SUMMERSIDE_A  1991   6   5  156      7.7    10.4    10.9  -999.9     0.0    32.1     8.2   330.0
SUMMERSIDE_A  1991   6   6  157      8.2    14.9    17.2  -999.9     0.0    17.4     8.5   330.0
SUMMERSIDE_A  1991   6   7  158      9.9    26.5    27.1  -999.9     0.0    27.0    12.2   330.0
SUMMERSIDE_A  1991   6   8  159      6.7    22.6    26.5  -999.9     0.6    22.9    11.4   330.0
SUMMERSIDE_A  1991   6   9  160      4.3    18.5    25.1  -999.9     0.0    14.0     8.2   330.0
SUMMERSIDE_A  1991   6  10  161     10.4    23.8    24.4  -999.9     0.0    30.9    13.7   330.0
SUMMERSIDE_A  1991   6  11  162     13.5    26.9    24.4  -999.9     2.0    28.1    16.3   330.0
SUMMERSIDE_A  1991   6  12  163     13.9    19.2    15.4  -999.9     2.4    12.2    17.3   330.0
SUMMERSIDE_A  1991   6  13  164      7.0    16.0    20.1  -999.9     5.4    19.0    12.5   330.0
SUMMERSIDE_A  1991   6  14  165      6.2     8.9    11.0  -999.9     0.8    38.0     8.2   330.0
SUMMERSIDE_A  1991   6  15  166      5.4    14.0    19.6  -999.9     0.0    14.6     7.6   330.0
SUMMERSIDE_A  1991   6  16  167      5.4    19.4    25.1  -999.9     0.0     7.4     8.5   330.0
SUMMERSIDE_A  1991   6  17  168     10.3    17.7    18.2  -999.9     0.0    10.5    10.3   330.0
SUMMERSIDE_A  1991   6  18  169     11.8    24.9    24.3  -999.9     0.0    18.4    13.0   330.0
SUMMERSIDE_A  1991   6  19  170     12.4    26.6    25.3  -999.9     0.0    25.8    13.4   330.0
SUMMERSIDE_A  1991   6  20  171     11.8    27.5    26.6  -999.9     0.0    17.5    16.6   330.0
SUMMERSIDE_A  1991   6  21  172     12.3    23.7    22.6  -999.9     0.0    18.4    13.0   330.0
SUMMERSIDE_A  1991   6  22  173     11.3    16.3    15.0  -999.9     0.0    10.8    12.2   330.0
SUMMERSIDE_A  1991   6  23  174     11.9    19.9    18.9  -999.9     8.2     7.0    13.7   330.0
SUMMERSIDE_A  1991   6  24  175     12.4    23.6    22.4  -999.9     0.0     8.3    13.7   330.0
SUMMERSIDE_A  1991   6  25  176     11.0    26.9    26.7  -999.9     0.0     6.9    13.6   330.0
SUMMERSIDE_A  1991   6  26  177     15.0    24.3    20.4  -999.9     1.8    18.1    16.2   330.0
SUMMERSIDE_A  1991   6  27  178     13.8    16.6    11.2  -999.9     0.0     8.8    15.2   330.0
SUMMERSIDE_A  1991   6  28  179     15.7    26.7    22.2  -999.9     1.8    14.3    20.5   330.0
SUMMERSIDE_A  1991   6  29  180     10.8    21.2    21.5  -999.9     0.8    26.1    12.6   330.0
SUMMERSIDE_A  1991   6  30  181     10.8    19.2    19.3  -999.9     0.0    14.6     9.2   330.0
SUMMERSIDE_A  1991   7   1  182     10.1    20.0    23.2  -999.9     0.1     6.6    11.0   330.0
SUMMERSIDE_A  1991   7   2  183     10.1    17.5    22.8  -999.9     0.0     5.4    12.3   330.0
SUMMERSIDE_A  1991   7   3  184      9.7    17.5    30.3  -999.9     0.0     2.6    12.1   330.0
SUMMERSIDE_A  1991   7   4  185     10.5    25.5    30.1  -999.9     0.0     2.3    12.9   330.0
SUMMERSIDE_A  1991   7   5  186     12.9    29.0    26.6  -999.9     0.0     5.0    16.8   330.0
SUMMERSIDE_A  1991   7   6  187     14.0    23.0    23.5  -999.9     0.0     3.0    15.8   330.0
SUMMERSIDE_A  1991   7   7  188     14.3    25.5    25.4  -999.9     0.0     3.0    16.5   330.0
SUMMERSIDE_A  1991   7   8  189     14.9    22.0    17.4  -999.9     1.2     6.5    16.9   330.0
SUMMERSIDE_A  1991   7   9  190     12.6    19.5    21.0  -999.9     1.5     7.6    15.5   330.0
SUMMERSIDE_A  1991   7  10  191     12.2    21.0    12.2  -999.9     0.5     7.0    13.6   330.0
SUMMERSIDE_A  1991   7  11  192     11.4    21.0    16.6  -999.9     0.8     4.8    14.4   330.0
SUMMERSIDE_A  1991   7  12  193     12.4    21.5    27.6  -999.9     0.3     3.3    15.8   330.0
SUMMERSIDE_A  1991   7  13  194     13.7    27.0    25.9  -999.9     0.6     4.0    17.4   330.0
SUMMERSIDE_A  1991   7  14  195     15.0    16.0     3.6  -999.9     7.2     3.5    17.2   330.0
SUMMERSIDE_A  1991   7  15  196     15.2    23.5    25.9  -999.9     1.8     3.2    17.9   330.0
SUMMERSIDE_A  1991   7  16  197     14.2    29.0    28.4  -999.9     0.0     5.7    18.5   330.0
SUMMERSIDE_A  1991   7  17  198     16.4    29.5    14.9  -999.9     5.6     6.0    20.8   330.0
SUMMERSIDE_A  1991   7  18  199     17.0    28.0    24.7  -999.9     1.3     3.0    19.0   330.0
SUMMERSIDE_A  1991   7  19  200     17.0    31.5    25.3  -999.9     0.0     4.1    21.1   330.0
SUMMERSIDE_A  1991   7  20  201     18.2    31.5    28.2  -999.9     0.2     6.0    22.3   330.0
SUMMERSIDE_A  1991   7  21  202     16.4    20.5    14.2  -999.9     1.2     3.0    22.8   330.0
SUMMERSIDE_A  1991   7  22  203     14.7    22.0    26.7  -999.9     0.1     4.6    15.2   330.0
SUMMERSIDE_A  1991   7  23  204     12.6    20.9    20.9  -999.9     0.4     4.2    15.6   330.0
SUMMERSIDE_A  1991   7  24  205     14.0    26.0    26.4  -999.9     0.1     3.3    18.5   330.0
SUMMERSIDE_A  1991   7  25  206     15.2    30.5    26.6  -999.9     0.0     3.6    19.2   330.0
SUMMERSIDE_A  1991   7  26  207     15.2    30.0    25.7  -999.9     0.0     3.6    19.7   330.0
SUMMERSIDE_A  1991   7  27  208     16.9    23.0    13.9  -999.9     6.7     2.4    19.0   330.0
SUMMERSIDE_A  1991   7  28  209     16.3    27.0    25.5  -999.9     0.1     4.2    18.4   330.0
SUMMERSIDE_A  1991   7  29  210     15.6    25.5    26.9  -999.9     1.7     3.3    18.0   330.0
SUMMERSIDE_A  1991   7  30  211     15.7    28.0    26.0  -999.9     0.8     2.7    17.9   330.0
SUMMERSIDE_A  1991   7  31  212     16.4    23.0    10.5  -999.9     4.6     3.1    18.0   330.0
SUMMERSIDE_A  1991   8   1  213     14.6    24.5    19.6  -999.9     1.4     2.9    18.1   330.0
SUMMERSIDE_A  1991   8   2  214     17.0    26.0    25.7  -999.9     7.6     4.4    19.4   330.0
SUMMERSIDE_A  1991   8   3  215     14.6    18.5    10.2  -999.9     1.8     6.6    16.4   330.0
SUMMERSIDE_A  1991   8   4  216     14.4    19.5    20.3  -999.9     0.8     3.4    16.1   330.0
SUMMERSIDE_A  1991   8   5  217     14.0    16.5     5.1  -999.9    26.0     8.0    15.3   330.0
SUMMERSIDE_A  1991   8   6  218     14.2    23.0    22.6  -999.9     5.0     6.6    16.2   330.0
SUMMERSIDE_A  1991   8   7  219     16.1    27.0    23.8  -999.9     0.0     5.6    18.0   330.0
SUMMERSIDE_A  1991   8   8  220     15.0    24.5    25.4  -999.9     0.0     3.1    16.9   330.0
SUMMERSIDE_A  1991   8   9  221     14.4    29.5    23.8  -999.9     0.0     3.7    18.4   330.0
SUMMERSIDE_A  1991   8  10  222     16.9    21.5     4.8  -999.9     1.4     4.4    18.0   330.0
SUMMERSIDE_A  1991   8  11  223     15.9    24.5    11.7  -999.9    15.8     7.0    19.3   330.0
SUMMERSIDE_A  1991   8  12  224     15.1    20.5    10.6  -999.9     0.5     4.6    17.4   330.0
SUMMERSIDE_A  1991   8  13  225     15.8    30.0    23.8  -999.9     0.1     5.7    21.2   330.0
SUMMERSIDE_A  1991   8  14  226     19.2    31.0    20.9  -999.9     1.3     4.1    23.8   330.0
SUMMERSIDE_A  1991   8  15  227     19.1    30.0    17.2  -999.9     0.6     4.9    22.5   330.0
SUMMERSIDE_A  1991   8  16  228     16.3    27.0    19.4  -999.9     1.7     5.6    19.3   330.0
SUMMERSIDE_A  1991   8  17  229     15.6    27.0    23.5  -999.9     0.0     3.7    18.1   330.0
SUMMERSIDE_A  1991   8  18  230     18.4    28.0    21.6  -999.9     1.8     8.6    20.9   330.0
SUMMERSIDE_A  1991   8  19  231     15.2    20.5     3.7  -999.9    13.4     5.7    16.5   330.0
SUMMERSIDE_A  1991   8  20  232     13.1    18.5     8.9  -999.9     3.6     9.4    16.8   330.0
SUMMERSIDE_A  1991   8  21  233     12.3    19.5     7.1  -999.9     5.5     4.7    14.6   330.0
SUMMERSIDE_A  1991   8  22  234     15.9    22.5    17.5  -999.9     0.4     6.4    19.5   330.0
SUMMERSIDE_A  1991   8  23  235     14.4    26.0    20.0  -999.9     0.3     6.2    17.3   330.0
SUMMERSIDE_A  1991   8  24  236     12.4    18.5    24.2  -999.9     0.0     3.7    12.1   330.0
SUMMERSIDE_A  1991   8  25  237     10.8    20.5    22.6  -999.9     0.0     2.8    12.3   330.0
SUMMERSIDE_A  1991   8  26  238     12.2    22.0    20.0  -999.9     0.0     9.3    13.1   330.0
SUMMERSIDE_A  1991   8  27  239     13.2    22.5     8.6  -999.9     4.2     4.6    15.8   330.0
SUMMERSIDE_A  1991   8  28  240     11.8    23.0    19.8  -999.9     0.0     1.4    15.8   330.0
SUMMERSIDE_A  1991   8  29  241     14.3    25.5    18.7  -999.9     0.0     3.3    18.4   330.0
SUMMERSIDE_A  1991   8  30  242     17.4    30.5    19.5  -999.9     1.3     7.9    20.0   330.0
SUMMERSIDE_A  1991   8  31  243     12.7    21.0     4.8  -999.9    14.9     6.8    17.7   330.0
SUMMERSIDE_A  1991   9   1  244      9.7    14.0    13.2  -999.9     3.0     9.5     9.9   330.0
SUMMERSIDE_A  1991   9   2  245     10.3    17.5    15.8  -999.9     0.0     4.8    11.3   330.0
SUMMERSIDE_A  1991   9   3  246     12.2    23.0    15.3  -999.9     0.0     5.9    14.5   330.0
SUMMERSIDE_A  1991   9   4  247     13.1    23.0    17.6  -999.9     0.1     7.0    16.4   330.0
SUMMERSIDE_A  1991   9   5  248     13.8    22.0     9.5  -999.9     0.7     1.8    16.6   330.0
SUMMERSIDE_A  1991   9   6  249     12.5    19.5    14.0  -999.9     2.7     3.9    15.2   330.0
SUMMERSIDE_A  1991   9   7  250     14.3    15.0     6.3  -999.9    10.4     5.3    15.9   330.0
SUMMERSIDE_A  1991   9   8  251     12.9    23.5    17.4  -999.9     0.8     5.4    14.8   330.0
SUMMERSIDE_A  1991   9   9  252     10.4    20.0    18.3  -999.9     0.0     6.6    10.9   330.0
SUMMERSIDE_A  1991   9  10  253      9.2    19.5     8.0  -999.9     1.9     5.4    14.1   330.0
SUMMERSIDE_A  1991   9  11  254     11.5    13.5     4.8  -999.9     2.9     6.2    14.4   330.0
SUMMERSIDE_A  1991   9  12  255      9.8    12.5    10.6  -999.9     0.3     7.2    10.9   330.0
SUMMERSIDE_A  1991   9  13  256     10.7    15.0    12.7  -999.9     0.3     4.8    12.3   330.0
SUMMERSIDE_A  1991   9  14  257     11.2    18.0    13.2  -999.9     0.3     2.6    13.0   330.0
SUMMERSIDE_A  1991   9  15  258     11.8    18.5    17.6  -999.9     0.0     2.0    12.2   330.0
SUMMERSIDE_A  1991   9  16  259     11.7    17.0     4.9  -999.9     1.6     5.3    15.2   330.0
SUMMERSIDE_A  1991   9  17  260     15.0    25.5    12.2  -999.9     1.0     7.0    19.3   330.0
SUMMERSIDE_A  1991   9  18  261     13.1    19.5    18.1  -999.9     0.0     4.5    13.7   330.0
SUMMERSIDE_A  1991   9  19  262     12.6    23.5     6.8  -999.9    10.5     7.2    17.4   330.0
SUMMERSIDE_A  1991   9  20  263      9.4    11.0     4.0  -999.9    11.1     3.9    10.9   330.0
SUMMERSIDE_A  1991   9  21  264      8.8    14.0    12.2  -999.9     1.2     5.8     9.7   330.0
SUMMERSIDE_A  1991   9  22  265      8.0    14.5    16.8  -999.9     0.0     5.6     9.3   330.0
SUMMERSIDE_A  1991   9  23  266      7.8    18.0    16.2  -999.9     0.8     7.3    12.0   330.0
SUMMERSIDE_A  1991   9  24  267     11.8    20.0     9.4  -999.9     0.5     6.0    14.0   330.0
SUMMERSIDE_A  1991   9  25  268     10.6    17.0     3.2  -999.9    15.8     7.2    15.3   330.0
SUMMERSIDE_A  1991   9  26  269     12.2    19.5     4.1  -999.9    19.0     5.1    16.9   330.0
SUMMERSIDE_A  1991   9  27  270     10.8    15.0    11.2  -999.9     1.5     4.7    13.9   330.0
SUMMERSIDE_A  1991   9  28  271      7.7    13.5    11.3  -999.9     0.1     5.0    10.1   330.0
SUMMERSIDE_A  1991   9  29  272      6.3    11.5    12.7  -999.9     1.1     4.2     8.5   330.0
SUMMERSIDE_A  1991   9  30  273      6.2    10.5     8.8  -999.9     4.7     6.3     8.4   330.0
SUMMERSIDE_A  1991  10   1  274      4.5    12.0     4.0  -999.9     5.7     6.4     8.9   330.0
SUMMERSIDE_A  1991  10   2  275     11.3    15.5     4.5  -999.9    12.8     4.1    14.1   330.0
SUMMERSIDE_A  1991  10   3  276     14.3    20.5    10.5  -999.9    10.1     6.0    16.7   330.0
SUMMERSIDE_A  1991  10   4  277     10.5    17.0     8.7  -999.9     1.3     3.7    14.2   330.0
SUMMERSIDE_A  1991  10   5  278      9.8    18.0    14.6  -999.9     0.0     3.1    12.5   330.0
SUMMERSIDE_A  1991  10   6  279     10.1    18.0     9.8  -999.9     0.6     7.4    13.8   330.0
SUMMERSIDE_A  1991  10   7  280      7.8    16.5     4.3  -999.9     6.2     6.8    12.8   330.0
SUMMERSIDE_A  1991  10   8  281      5.5    11.5    12.0  -999.9     0.0     6.8     7.6   330.0
SUMMERSIDE_A  1991  10   9  282      4.0    14.0    14.0  -999.9     0.0     5.4     9.2   330.0
SUMMERSIDE_A  1991  10  10  283     10.0    18.5     9.2  -999.9     0.0     7.8    12.6   330.0
SUMMERSIDE_A  1991  10  11  284     11.3    16.5     4.4  -999.9    10.1     5.9    14.8   330.0
SUMMERSIDE_A  1991  10  12  285     10.0    17.5     5.0  -999.9     7.7     7.1    14.2   330.0
SUMMERSIDE_A  1991  10  13  286      6.4    12.5    12.8  -999.9     0.0     6.0     8.7   330.0
SUMMERSIDE_A  1991  10  14  287      4.4     9.0     6.3  -999.9     1.0     6.2     8.4   330.0
SUMMERSIDE_A  1991  10  15  288      5.8    11.5     9.1  -999.9     0.1     3.8     9.0   330.0
SUMMERSIDE_A  1991  10  16  289      6.9    15.0     5.3  -999.9     4.7     7.4    11.9   330.0
SUMMERSIDE_A  1991  10  17  290      8.5    14.0     8.7  -999.9     1.5     4.1    10.1   330.0
SUMMERSIDE_A  1991  10  18  291      9.3    14.0     7.3  -999.9     3.2     5.2    13.9   330.0
SUMMERSIDE_A  1991  10  19  292     10.4    13.0    11.0  -999.9     0.8     2.2    13.1   330.0
SUMMERSIDE_A  1991  10  20  293      4.5     7.0     1.8  -999.9     1.2     6.4     8.5   330.0
SUMMERSIDE_A  1991  10  21  294      3.0     5.5     5.6  -999.9     0.0     6.6     5.5   330.0
SUMMERSIDE_A  1991  10  22  295      3.1     8.0     4.8  -999.9     4.3     5.0     9.0   330.0
SUMMERSIDE_A  1991  10  23  296      4.8     8.5     4.5  -999.9     0.2     5.0     7.8   330.0
SUMMERSIDE_A  1991  10  24  297      4.7    18.0     9.6  -999.9     0.0     6.5    10.0   330.0
SUMMERSIDE_A  1991  10  25  298      9.0    18.5    10.9  -999.9     0.0     7.0    12.1   330.0
SUMMERSIDE_A  1991  10  26  299     11.3    17.5     5.2  -999.9     0.4     6.5    14.5   330.0
SUMMERSIDE_A  1991  10  27  300      7.8     9.5     3.0  -999.9     5.8     5.5    10.3   330.0
SUMMERSIDE_A  1991  10  28  301      4.0     6.0     3.5  -999.9    11.6    13.0     7.9   330.0
SUMMERSIDE_A  1991  10  29  302      3.2     6.0     4.5  -999.9     0.3    14.4     5.7   330.0
SUMMERSIDE_A  1991  10  30  303      5.6     7.5     3.6  -999.9     0.7    11.6     7.3   330.0
SUMMERSIDE_A  1991  10  31  304      7.0    10.0     2.0  -999.9     1.8     6.8    10.2   330.0
SUMMERSIDE_A  1991  11   1  305      8.6     9.5     5.4  -999.9     7.2     8.1    11.1   330.0
SUMMERSIDE_A  1991  11   2  306      9.6    13.0     5.1  -999.9     2.1     4.9    13.4   330.0
SUMMERSIDE_A  1991  11   3  307      8.3    14.0     7.0  -999.9     0.5     4.3    12.1   330.0
SUMMERSIDE_A  1991  11   4  308      3.3     8.0     2.9  -999.9     7.1     3.4     8.9   330.0
SUMMERSIDE_A  1991  11   5  309      1.3     5.0     8.0  -999.9     0.0     3.6     5.3   330.0
SUMMERSIDE_A  1991  11   6  310      1.3     5.5     8.0  -999.9     0.0     3.0     4.8   330.0
SUMMERSIDE_A  1991  11   7  311      1.3     8.0     5.4  -999.9     4.8     5.4     7.8   330.0
SUMMERSIDE_A  1991  11   8  312      0.2     6.5     3.6  -999.9     1.8     5.3     7.2   330.0
SUMMERSIDE_A  1991  11   9  313     -1.6     2.5     4.7  -999.9     0.1     4.3     4.4   330.0
SUMMERSIDE_A  1991  11  10  314     -0.6     4.0     6.7  -999.9     0.4     2.1     4.7   330.0
SUMMERSIDE_A  1991  11  11  315      1.7     9.0     2.3  -999.9    37.4    11.0     7.1   330.0
SUMMERSIDE_A  1991  11  12  316      3.6     9.5     3.1  -999.9     3.7     4.0     8.7   330.0
SUMMERSIDE_A  1991  11  13  317      3.7     5.5     4.4  -999.9     0.9     4.8     7.8   330.0
SUMMERSIDE_A  1991  11  14  318      3.1     5.5     3.3  -999.9     2.8     6.0     7.5   330.0
SUMMERSIDE_A  1991  11  15  319      2.0     6.0     5.4  -999.9     0.9     6.3     6.6   330.0
SUMMERSIDE_A  1991  11  16  320      2.7     5.0     3.6  -999.9     1.1     6.0     7.3   330.0
SUMMERSIDE_A  1991  11  17  321      2.2     3.0     4.0  -999.9     2.5     9.9     6.6   330.0
SUMMERSIDE_A  1991  11  18  322      1.6     5.5     5.4  -999.9     0.1     8.3     6.2   330.0
SUMMERSIDE_A  1991  11  19  323      0.1     7.0     7.4  -999.9     0.0     5.1     6.7   330.0
SUMMERSIDE_A  1991  11  20  324      3.2    14.5     7.4  -999.9     0.6     5.0     9.5   330.0
SUMMERSIDE_A  1991  11  21  325      3.4    11.0     8.0  -999.9     0.1     7.3     9.0   330.0
SUMMERSIDE_A  1991  11  22  326      0.4     6.5     5.9  -999.9     0.0     2.9     6.6   330.0
SUMMERSIDE_A  1991  11  23  327      2.4     5.0     2.6  -999.9     2.0     4.5     7.1   330.0
SUMMERSIDE_A  1991  11  24  328      2.5    12.0     3.2  -999.9     1.8     6.6     7.6   330.0
SUMMERSIDE_A  1991  11  25  329      2.4     6.0     6.0  -999.9     1.1     9.9     7.0   330.0
SUMMERSIDE_A  1991  11  26  330     -0.7     1.5     4.9  -999.9     0.4     6.8     4.7   330.0
SUMMERSIDE_A  1991  11  27  331     -2.3    -0.5     5.3  -999.9     0.1     5.3     4.2   330.0
SUMMERSIDE_A  1991  11  28  332     -2.1     4.0     3.5  -999.9     0.4     6.3     6.1   330.0
SUMMERSIDE_A  1991  11  29  333     -0.7     4.0     4.6  -999.9     0.0     7.1     5.5   330.0
SUMMERSIDE_A  1991  11  30  334     -1.3    11.5     4.3  -999.9     0.6     5.8     4.9   330.0
SUMMERSIDE_A  1991  12   1  335      0.6    11.0     4.5  -999.9     0.2     6.4     8.2   330.0
SUMMERSIDE_A  1991  12   2  336     -8.6     5.5     4.0  -999.9     0.2     9.8     4.3   330.0
SUMMERSIDE_A  1991  12   3  337     -8.1     1.0     0.2  -999.9     2.5     6.2     3.2   330.0
SUMMERSIDE_A  1991  12   4  338     -6.0     4.5     3.9  -999.9     8.1     9.5     5.7   330.0
SUMMERSIDE_A  1991  12   5  339    -12.7    -9.5     3.3  -999.9     0.1    13.2     2.4   330.0
SUMMERSIDE_A  1991  12   6  340    -12.6   -11.0     4.8  -999.9     1.6     5.1     2.3   330.0
SUMMERSIDE_A  1991  12   7  341     -8.3    -2.0     2.5  -999.9     1.5     4.8     3.0   330.0
SUMMERSIDE_A  1991  12   8  342     -4.2     0.5     3.1  -999.9     0.7     5.5     4.8   330.0
SUMMERSIDE_A  1991  12   9  343     -1.7     6.5     0.2  -999.9     2.2     8.0     6.2   330.0
SUMMERSIDE_A  1991  12  10  344     -4.3    -2.5     4.6  -999.9     0.0     5.4     4.0   330.0
SUMMERSIDE_A  1991  12  11  345     -5.0     3.0     2.5  -999.9     0.2     5.2     4.8   330.0
SUMMERSIDE_A  1991  12  12  346     -0.8     3.5     6.6  -999.9     0.0     5.5     5.8   330.0
SUMMERSIDE_A  1991  12  13  347     -0.3     7.5     1.8  -999.9     3.1     7.7     7.4   330.0
SUMMERSIDE_A  1991  12  14  348     -0.3     8.5     4.2  -999.9     2.4     4.0     6.4   330.0
SUMMERSIDE_A  1991  12  15  349     -6.4     0.0     3.0  -999.9     1.7     9.2     4.6   330.0
SUMMERSIDE_A  1991  12  16  350     -9.7    -8.0     5.4  -999.9     0.1     5.4     2.4   330.0
SUMMERSIDE_A  1991  12  17  351    -10.3    -8.0     3.9  -999.9     0.6     5.4     2.7   330.0
SUMMERSIDE_A  1991  12  18  352    -10.8    -2.5     2.2  -999.9     9.6     9.1     3.6   330.0
SUMMERSIDE_A  1991  12  19  353     -8.5    -5.0     3.6  -999.9     1.0     9.6     3.5   330.0
SUMMERSIDE_A  1991  12  20  354     -9.0    -9.0     3.6  -999.9     0.5     8.4     2.9   330.0
SUMMERSIDE_A  1991  12  21  355     -9.0    -1.5     2.4  -999.9     3.5     5.3     3.7   330.0
SUMMERSIDE_A  1991  12  22  356     -7.3    -2.0     3.1  -999.9     0.9     3.5     4.7   330.0
SUMMERSIDE_A  1991  12  23  357     -8.2     0.5     5.0  -999.9     1.8     5.0     4.7   330.0
SUMMERSIDE_A  1991  12  24  358     -9.3     0.5     5.2  -999.9     0.8     5.8     4.1   330.0
SUMMERSIDE_A  1991  12  25  359     -9.5    -7.0     3.2  -999.9     1.2     9.1     3.2   330.0
SUMMERSIDE_A  1991  12  26  360    -13.3    -5.5     4.0  -999.9     0.0     6.7     2.3   330.0
SUMMERSIDE_A  1991  12  27  361     -9.1    -4.5     3.1  -999.9     3.4     6.5     3.8   330.0
SUMMERSIDE_A  1991  12  28  362    -11.3    -4.5     4.5  -999.9     0.1     5.3     3.2   330.0
SUMMERSIDE_A  1991  12  29  363     -6.6    -2.0     5.4  -999.9     0.0     4.9     4.1   330.0
SUMMERSIDE_A  1991  12  30  364     -6.7    -3.0     3.4  -999.9     0.5     9.7     3.6   330.0
SUMMERSIDE_A  1991  12  31  365    -10.6    -4.0     6.5  -999.9     0.0     5.9     3.1   330.0
