SUMMERSIDE  2011   1   1    1     -3.6     2.3     3.8  -999.9     0.0    10.5     5.4   330.0
SUMMERSIDE  2011   1   2    2     -2.0     1.7     3.1  -999.9     0.0     5.0     5.7   330.0
SUMMERSIDE  2011   1   3    3     -5.0     0.6     3.8  -999.9    16.7    14.7     4.8   330.0
SUMMERSIDE  2011   1   4    4     -7.6    -4.8     2.7  -999.9     0.0    28.3     2.9   330.0
SUMMERSIDE  2011   1   5    5     -9.2    -4.9     3.4  -999.9     0.0    23.8     2.4   330.0
SUMMERSIDE  2011   1   6    6    -12.3    -4.5     4.6  -999.9     0.0    14.8     2.2   330.0
SUMMERSIDE  2011   1   7    7    -12.3     0.4     5.9  -999.9     1.3    15.8     3.6   330.0
SUMMERSIDE  2011   1   8    8     -2.0     0.0     2.3  -999.9     2.7    20.5     5.5   330.0
SUMMERSIDE  2011   1   9    9     -3.2     0.9     3.4  -999.9     2.1    24.9     5.4   330.0
SUMMERSIDE  2011   1  10   10     -0.9     1.6     2.7  -999.9     0.0    28.8     5.5   330.0
SUMMERSIDE  2011   1  11   11     -1.7     1.2     2.9  -999.9     0.0    17.3     4.9   330.0
SUMMERSIDE  2011   1  12   12     -4.5     0.3     3.8  -999.9     1.5    23.0     4.8   330.0
SUMMERSIDE  2011   1  13   13     -1.2     0.9     2.5  -999.9     1.3    49.2     5.9   330.0
SUMMERSIDE  2011   1  14   14     -5.4    -1.1     3.6  -999.9     0.2    16.4     4.1   330.0
SUMMERSIDE  2011   1  15   15     -8.0    -5.4     2.9  -999.9     0.8     9.5     2.9   330.0
SUMMERSIDE  2011   1  16   16     -9.6    -2.7     4.7  -999.9     0.6    18.9     3.2   330.0
SUMMERSIDE  2011   1  17   17    -19.5    -8.6     6.0  -999.9     0.0    17.3     1.6   330.0
SUMMERSIDE  2011   1  18   18    -20.9     0.6     8.5  -999.9     0.5    15.2     2.3   330.0
SUMMERSIDE  2011   1  19   19     -4.3     1.8     4.6  -999.9    16.1    34.7     5.2   330.0
SUMMERSIDE  2011   1  20   20    -16.9    -4.3     6.6  -999.9     0.4    21.0     2.4   330.0
SUMMERSIDE  2011   1  21   21    -15.1     3.2     8.1  -999.9     6.2    14.6     3.6   330.0
SUMMERSIDE  2011   1  22   22    -14.1    -4.8     5.8  -999.9     0.0    41.8     2.2   330.0
SUMMERSIDE  2011   1  23   23    -18.1   -11.3     5.1  -999.9     0.2    13.6     1.4   330.0
SUMMERSIDE  2011   1  24   24    -22.1   -14.9     5.3  -999.9     0.0    31.5     0.9   330.0
SUMMERSIDE  2011   1  25   25    -19.3   -12.3     5.3  -999.9     0.0    16.1     1.2   330.0
SUMMERSIDE  2011   1  26   26    -21.9    -4.0     8.5  -999.9     0.2     3.6     2.0   330.0
SUMMERSIDE  2011   1  27   27     -4.4    -0.8     3.9  -999.9     5.0    39.1     4.8   330.0
SUMMERSIDE  2011   1  28   28    -16.5    -3.9     7.3  -999.9     0.0    15.6     2.4   330.0
SUMMERSIDE  2011   1  29   29    -16.6    -4.0     7.4  -999.9     0.0     4.9     2.5   330.0
SUMMERSIDE  2011   1  30   30    -14.3    -5.7     6.2  -999.9     1.0     5.2     2.5   330.0
SUMMERSIDE  2011   1  31   31    -16.6    -8.9     6.0  -999.9     0.2    20.5     1.6   330.0
SUMMERSIDE  2011   2   1   32    -19.1    -9.4     6.8  -999.9     0.0    16.6     1.4   330.0
SUMMERSIDE  2011   2   2   33    -15.4    -5.9     6.8  -999.9     8.6    13.1     2.2   330.0
SUMMERSIDE  2011   2   3   34    -18.0    -5.9     7.8  -999.9     0.2    22.3     2.0   330.0
SUMMERSIDE  2011   2   4   35    -13.1    -4.2     6.8  -999.9     0.0    24.2     2.3   330.0
SUMMERSIDE  2011   2   5   36    -13.0    -1.3     7.9  -999.9     0.0    17.6     2.9   330.0
SUMMERSIDE  2011   2   6   37     -9.8    -0.9     7.0  -999.9    11.1    29.2     3.8   330.0
SUMMERSIDE  2011   2   7   38    -12.1    -2.2     7.5  -999.9     0.3    10.9     3.1   330.0
SUMMERSIDE  2011   2   8   39     -4.8    -0.8     4.8  -999.9     6.1    12.8     4.7   330.0
SUMMERSIDE  2011   2   9   40    -13.2    -4.8     7.1  -999.9     0.7    31.5     2.4   330.0
SUMMERSIDE  2011   2  10   41    -20.0    -8.4     8.4  -999.9     0.2     9.0     1.6   330.0
SUMMERSIDE  2011   2  11   42    -22.6    -7.4     9.8  -999.9     0.2    18.4     1.4   330.0
SUMMERSIDE  2011   2  12   43    -22.4    -2.4    11.4  -999.9     0.0    21.0     2.0   330.0
SUMMERSIDE  2011   2  13   44    -13.8    -5.2     7.6  -999.9     1.3    23.6     1.9   330.0
SUMMERSIDE  2011   2  14   45     -8.7     0.4     7.9  -999.9     3.9    21.4     4.0   330.0
SUMMERSIDE  2011   2  15   46    -14.4    -1.6     9.5  -999.9     1.2    35.5     2.8   330.0
SUMMERSIDE  2011   2  16   47    -14.3    -5.9     7.8  -999.9     0.0    23.8     1.9   330.0
SUMMERSIDE  2011   2  17   48    -11.1     3.8    10.5  -999.9     0.0    20.4     3.3   330.0
SUMMERSIDE  2011   2  18   49    -11.3     0.6     9.6  -999.9    16.3    10.8     3.8   330.0
SUMMERSIDE  2011   2  19   50     -1.8     0.3     4.1  -999.9     3.2    21.4     5.7   330.0
SUMMERSIDE  2011   2  20   51     -5.4     0.5     6.9  -999.9     1.5    32.0     4.8   330.0
SUMMERSIDE  2011   2  21   52     -8.7    -3.0     6.9  -999.9     3.4    16.0     3.5   330.0
SUMMERSIDE  2011   2  22   53     -8.9    -3.0     7.1  -999.9     0.8    30.3     3.3   330.0
SUMMERSIDE  2011   2  23   54     -9.7    -6.5     5.3  -999.9     0.0    23.9     2.6   330.0
SUMMERSIDE  2011   2  24   55    -14.7    -2.8    10.4  -999.9     0.0    15.4     2.5   330.0
SUMMERSIDE  2011   2  25   56     -5.1     1.4     7.8  -999.9    12.6    24.0     4.8   330.0
SUMMERSIDE  2011   2  26   57    -15.4    -5.1     9.9  -999.9     0.8    36.8     2.2   330.0
SUMMERSIDE  2011   2  27   58    -25.1   -12.1    11.3  -999.9     0.2     8.7     0.9   330.0
SUMMERSIDE  2011   2  28   59    -23.9     1.6    16.1  -999.9    11.5    18.2     2.2   330.0
SUMMERSIDE  2011   3   1   60    -14.6    -0.3    12.2  -999.9     0.2    28.4     2.6   330.0
SUMMERSIDE  2011   3   2   61    -14.6     2.2    13.4  -999.9     0.8    24.8     3.0   330.0
SUMMERSIDE  2011   3   3   62    -16.8    -4.2    11.8  -999.9     0.4    26.5     1.9   330.0
SUMMERSIDE  2011   3   4   63    -17.6    -7.4    10.7  -999.9     0.0    14.0     1.6   330.0
SUMMERSIDE  2011   3   5   64    -14.7     2.1    13.9  -999.9     0.0    28.4     3.0   330.0
SUMMERSIDE  2011   3   6   65      0.6     7.2     8.9  -999.9     2.1    33.1     6.8   330.0
SUMMERSIDE  2011   3   7   66     -1.4     7.6    10.5  -999.9     4.3    20.0     7.4   330.0
SUMMERSIDE  2011   3   8   67     -9.0    -1.3     9.8  -999.9     0.2    17.5     3.4   330.0
SUMMERSIDE  2011   3   9   68    -10.2    -5.9     7.4  -999.9     0.6    16.2     2.7   330.0
SUMMERSIDE  2011   3  10   69     -7.8    -0.5     9.8  -999.9     0.0    10.3     3.6   330.0
SUMMERSIDE  2011   3  11   70     -0.6     5.8     9.3  -999.9     0.0    29.0     6.5   330.0
SUMMERSIDE  2011   3  12   71      0.6     7.6     9.8  -999.9    13.5    33.3     7.5   330.0
SUMMERSIDE  2011   3  13   72     -2.6     6.0    11.0  -999.9     0.0    27.0     5.3   330.0
SUMMERSIDE  2011   3  14   73    -11.7    -2.5    11.6  -999.9     0.2    33.0     2.8   330.0
SUMMERSIDE  2011   3  15   74    -12.9     0.1    13.9  -999.9     0.0    15.2     2.8   330.0
SUMMERSIDE  2011   3  16   75     -2.9     3.6    10.0  -999.9     3.2    25.5     5.0   330.0
SUMMERSIDE  2011   3  17   76     -0.2     6.4    10.1  -999.9     0.4    13.8     6.4   330.0
SUMMERSIDE  2011   3  18   77     -3.2     6.1    12.2  -999.9     7.2    32.0     5.8   330.0
SUMMERSIDE  2011   3  19   78     -8.3    -3.1     9.2  -999.9     0.2    23.8     3.1   330.0
SUMMERSIDE  2011   3  20   79    -10.4    -2.1    11.8  -999.9     0.2    15.1     2.9   330.0
SUMMERSIDE  2011   3  21   80     -9.9     2.3    14.4  -999.9     0.0    11.7     3.2   330.0
SUMMERSIDE  2011   3  22   81     -3.4     2.1     9.8  -999.9     0.0    14.9     4.2   330.0
SUMMERSIDE  2011   3  23   82     -4.3     0.7     9.5  -999.9     0.0    17.3     4.3   330.0
SUMMERSIDE  2011   3  24   83     -3.8    -0.4     7.9  -999.9     1.4    19.4     4.2   330.0
SUMMERSIDE  2011   3  25   84     -7.4    -1.2    10.8  -999.9     1.6    18.5     3.8   330.0
SUMMERSIDE  2011   3  26   85     -7.4    -1.1    11.0  -999.9     0.0    24.6     2.7   330.0
SUMMERSIDE  2011   3  27   86     -7.0    -2.0     9.9  -999.9     0.0    30.6     2.6   330.0
SUMMERSIDE  2011   3  28   87     -6.9     2.1    13.4  -999.9     0.0    27.6     3.3   330.0
SUMMERSIDE  2011   3  29   88     -4.1     4.9    13.5  -999.9     0.0    19.1     4.3   330.0
SUMMERSIDE  2011   3  30   89     -3.0     4.3    12.3  -999.9     0.0    12.5     4.3   330.0
SUMMERSIDE  2011   3  31   90     -3.3     6.4    14.3  -999.9     0.0     8.8     4.8   330.0
SUMMERSIDE  2011   4   1   91     -4.2     4.2    13.4  -999.9     8.2    19.5     5.0   330.0
SUMMERSIDE  2011   4   2   92     -0.2     1.8     6.6  -999.9     2.1    23.8     6.1   330.0
SUMMERSIDE  2011   4   3   93     -6.4     1.3    13.1  -999.9     0.2    14.8     4.3   330.0
SUMMERSIDE  2011   4   4   94     -5.8     3.5    14.5  -999.9     0.4    12.3     4.3   330.0
SUMMERSIDE  2011   4   5   95      1.3    10.1    14.3  -999.9     5.9    35.3     8.4   330.0
SUMMERSIDE  2011   4   6   96     -0.8     5.7    12.4  -999.9     0.0    21.7     5.2   330.0
SUMMERSIDE  2011   4   7   97     -4.1     3.6    13.6  -999.9     0.2    20.3     3.4   330.0
SUMMERSIDE  2011   4   8   98     -4.2     2.8    13.1  -999.9     0.0    13.3     4.2   330.0
SUMMERSIDE  2011   4   9   99     -5.5     7.5    18.0  -999.9     0.0     8.0     4.3   330.0
SUMMERSIDE  2011   4  10  100     -3.6    11.3    19.4  -999.9     0.0    11.4     5.7   330.0
SUMMERSIDE  2011   4  11  101      2.6     9.3    13.1  -999.9     5.9    30.6     8.0   330.0
SUMMERSIDE  2011   4  12  102      0.3    12.0    17.5  -999.9     2.1    32.2     6.2   330.0
SUMMERSIDE  2011   4  13  103     -3.2    10.7    19.2  -999.9     0.0    13.6     4.0   330.0
SUMMERSIDE  2011   4  14  104      0.4    10.1    16.2  -999.9    12.3    22.1     7.3   330.0
SUMMERSIDE  2011   4  15  105     -6.5     0.8    14.2  -999.9     0.2    21.5     3.1   330.0
SUMMERSIDE  2011   4  16  106     -7.7     5.2    19.0  -999.9     0.0    11.1     3.0   330.0
SUMMERSIDE  2011   4  17  107     -0.1    10.0    16.9  -999.9     5.6    35.9     7.2   330.0
SUMMERSIDE  2011   4  18  108      1.5     9.1    14.8  -999.9     0.4    26.3     6.7   330.0
SUMMERSIDE  2011   4  19  109     -3.0    11.1    20.3  -999.9     0.0    17.5     5.2   330.0
SUMMERSIDE  2011   4  20  110     -2.3     3.2    12.8  -999.9    10.1    11.7     4.7   330.0
SUMMERSIDE  2011   4  21  111     -0.7     4.1    12.0  -999.9     2.5    11.4     6.4   330.0
SUMMERSIDE  2011   4  22  112     -0.4     9.4    17.3  -999.9     0.0    17.6     5.4   330.0
SUMMERSIDE  2011   4  23  113      0.5    12.8    19.5  -999.9     0.0    28.0     5.3   330.0
SUMMERSIDE  2011   4  24  114      1.0    14.7    20.7  -999.9     0.0    23.2     7.3   330.0
SUMMERSIDE  2011   4  25  115      0.1    14.5    21.4  -999.9     0.0    10.7     6.0   330.0
SUMMERSIDE  2011   4  26  116      3.0    12.2    17.2  -999.9     0.2    19.5     8.3   330.0
SUMMERSIDE  2011   4  27  117      1.6     5.7    11.5  -999.9     5.5    23.1     7.0   330.0
SUMMERSIDE  2011   4  28  118      5.7    18.1    20.2  -999.9     4.1    32.3    12.7   330.0
SUMMERSIDE  2011   4  29  119      8.9    18.3    17.7  -999.9     0.0    22.2    12.8   330.0
SUMMERSIDE  2011   4  30  120      3.5     9.1    13.7  -999.9     0.4    26.8     8.0   330.0
SUMMERSIDE  2011   5   1  121      1.4     6.0    12.5  -999.9     0.0    32.6     6.5   330.0
SUMMERSIDE  2011   5   2  122      1.5    10.5    17.6  -999.9     0.0    22.5     6.7   330.0
SUMMERSIDE  2011   5   3  123      4.7    13.9    17.9  -999.9     0.0    20.2     9.1   330.0
SUMMERSIDE  2011   5   4  124      7.3    18.0    19.4  -999.9     0.0    27.5    11.3   330.0
SUMMERSIDE  2011   5   5  125      7.8    17.1    18.2  -999.9     5.8    26.1    12.1   330.0
SUMMERSIDE  2011   5   6  126      5.4    13.0    16.5  -999.9     1.7    26.3     8.8   330.0
SUMMERSIDE  2011   5   7  127      6.4    17.0    19.6  -999.9     5.4    22.8     9.9   330.0
SUMMERSIDE  2011   5   8  128      4.3    14.3    19.1  -999.9     0.2    18.9    10.5   330.0
SUMMERSIDE  2011   5   9  129      3.8     5.8     8.6  -999.9     9.4    36.9     8.2   330.0
SUMMERSIDE  2011   5  10  130      4.9     6.7     8.2  -999.9     6.6    39.1     8.5   330.0
SUMMERSIDE  2011   5  11  131      4.8     9.3    13.0  -999.9     1.4    40.2     8.9   330.0
SUMMERSIDE  2011   5  12  132      4.8     6.8     8.7  -999.9     0.5    33.3     7.8   330.0
SUMMERSIDE  2011   5  13  133      3.8     6.4    10.0  -999.9     0.0    23.0     8.5   330.0
SUMMERSIDE  2011   5  14  134      4.0     7.8    12.1  -999.9     1.6    15.6     8.9   330.0
SUMMERSIDE  2011   5  15  135      5.0    10.5    14.6  -999.9    13.0    15.8    10.0   330.0
SUMMERSIDE  2011   5  16  136      3.5     6.0     9.9  -999.9    27.8    25.5     7.6   330.0
SUMMERSIDE  2011   5  17  137      3.9     9.8    15.3  -999.9     6.9    12.9     9.4   330.0
SUMMERSIDE  2011   5  18  138      3.5    10.9    17.2  -999.9     0.0    10.0     9.2   330.0
SUMMERSIDE  2011   5  19  139      6.7    23.2    25.7  -999.9     0.0    13.2    13.4   330.0
SUMMERSIDE  2011   5  20  140     12.6    22.9    20.4  -999.9     0.9    15.4    17.2   330.0
SUMMERSIDE  2011   5  21  141      3.9    15.4    21.6  -999.9     3.2    32.3    10.9   330.0
SUMMERSIDE  2011   5  22  142      1.8    10.1    18.4  -999.9     0.0    18.2     7.3   330.0
SUMMERSIDE  2011   5  23  143      2.5    14.6    22.3  -999.9     0.0    23.2     8.6   330.0
SUMMERSIDE  2011   5  24  144      7.5    16.9    19.8  -999.9     1.9    30.7    11.7   330.0
SUMMERSIDE  2011   5  25  145      5.0    14.5    19.9  -999.9     0.0    15.2     9.5   330.0
SUMMERSIDE  2011   5  26  146      4.2    19.4    25.3  -999.9     0.0    17.4    10.9   330.0
SUMMERSIDE  2011   5  27  147      6.8    21.1    24.6  -999.9     0.0    23.9    13.8   330.0
SUMMERSIDE  2011   5  28  148      6.6    11.7    14.7  -999.9     0.0    15.8    11.0   330.0
SUMMERSIDE  2011   5  29  149     11.7    23.9    22.8  -999.9     0.7    23.0    17.3   330.0
SUMMERSIDE  2011   5  30  150      9.7    23.5    24.3  -999.9     0.0    19.1    14.7   330.0
SUMMERSIDE  2011   5  31  151      5.4    13.6    18.8  -999.9     0.0    18.4     8.0   330.0
SUMMERSIDE  2011   6   1  152      6.8    21.1    24.9  -999.9     0.6    29.4    10.9   330.0
SUMMERSIDE  2011   6   2  153     12.1    23.5    22.2  -999.9     0.0    24.3    14.8   330.0
SUMMERSIDE  2011   6   3  154      7.6    12.3    14.3  -999.9     8.3    19.0    10.9   330.0
SUMMERSIDE  2011   6   4  155      7.6     9.9    10.0  -999.9     0.8    17.5    10.4   330.0
SUMMERSIDE  2011   6   5  156      7.4    10.7    12.0  -999.9     0.0    16.4    10.6   330.0
SUMMERSIDE  2011   6   6  157      8.4    13.7    15.3  -999.9     0.0    14.0    12.1   330.0
SUMMERSIDE  2011   6   7  158      8.7    13.9    15.1  -999.9     0.0    16.4    12.3   330.0
SUMMERSIDE  2011   6   8  159      7.4    19.6    23.2  -999.9     0.0     9.8    13.2   330.0
SUMMERSIDE  2011   6   9  160     12.1    23.2    22.2  -999.9     4.5    19.9    15.9   330.0
SUMMERSIDE  2011   6  10  161      4.2    12.2    18.9  -999.9     0.0    22.2     8.6   330.0
SUMMERSIDE  2011   6  11  162      3.8    16.4    23.7  -999.9     0.0    15.0     8.3   330.0
SUMMERSIDE  2011   6  12  163      7.0    21.6    25.5  -999.9     0.0    10.2    10.7   330.0
SUMMERSIDE  2011   6  13  164     10.0    13.5    12.5  -999.9     9.3    15.0    11.1   330.0
SUMMERSIDE  2011   6  14  165      9.5    14.0    14.2  -999.9     0.0    21.9    12.0   330.0
SUMMERSIDE  2011   6  15  166      9.9    13.4    12.5  -999.9     0.0    25.3    11.2   330.0
SUMMERSIDE  2011   6  16  167      5.4    13.4    18.9  -999.9     0.0    23.5     9.7   330.0
SUMMERSIDE  2011   6  17  168      6.0    21.3    26.2  -999.9     0.0    10.2    13.1   330.0
SUMMERSIDE  2011   6  18  169     13.0    19.6    17.2  -999.9     9.6    22.5    16.0   330.0
SUMMERSIDE  2011   6  19  170     11.4    19.1    18.6  -999.9    16.0    18.5    15.5   330.0
SUMMERSIDE  2011   6  20  171      8.9    14.5    15.9  -999.9     0.2    16.4    12.1   330.0
SUMMERSIDE  2011   6  21  172      8.0    13.1    15.1  -999.9     0.0    13.0    10.7   330.0
SUMMERSIDE  2011   6  22  173      5.5    15.1    20.8  -999.9     0.2    14.5    10.2   330.0
SUMMERSIDE  2011   6  23  174      5.5    22.5    27.6  -999.9     0.0    10.6    11.9   330.0
SUMMERSIDE  2011   6  24  175      9.0    17.3    19.3  -999.9     0.0    17.0    12.1   330.0
SUMMERSIDE  2011   6  25  176     10.0    15.0    15.0  -999.9    13.9    21.9    12.0   330.0
SUMMERSIDE  2011   6  26  177     12.3    19.5    18.0  -999.9     0.0    12.4    16.0   330.0
SUMMERSIDE  2011   6  27  178     12.2    19.0    17.4  -999.9     5.1    13.7    15.9   330.0
SUMMERSIDE  2011   6  28  179     11.6    25.3    24.7  -999.9     0.0    10.7    17.7   330.0
SUMMERSIDE  2011   6  29  180     11.0    25.6    25.5  -999.9     0.0    13.0    16.3   330.0
SUMMERSIDE  2011   6  30  181     15.3    24.3    20.0  -999.9     0.4    11.6    19.8   330.0
SUMMERSIDE  2011   7   1  182     10.6    18.0    18.1  -999.9     0.0    11.6    15.0   330.0
SUMMERSIDE  2011   7   2  183     12.8    23.0    21.2  -999.9     0.0     9.8    16.8   330.0
SUMMERSIDE  2011   7   3  184     14.0    23.6    20.6  -999.9     0.0    25.3    16.8   330.0
SUMMERSIDE  2011   7   4  185     15.8    20.2    13.9  -999.9     2.2    26.2    18.5   330.0
SUMMERSIDE  2011   7   5  186     15.4    25.7    21.3  -999.9     0.0    16.4    20.0   330.0
SUMMERSIDE  2011   7   6  187     14.4    28.5    24.8  -999.9     0.0    19.4    17.7   330.0
SUMMERSIDE  2011   7   7  188     13.7    26.4    23.5  -999.9     0.0    19.9    17.3   330.0
SUMMERSIDE  2011   7   8  189     13.4    25.4    22.8  -999.9     0.0    11.0    14.7   330.0
SUMMERSIDE  2011   7   9  190     13.8    20.0    16.4  -999.9    15.2    10.7    16.4   330.0
SUMMERSIDE  2011   7  10  191     14.6    25.9    22.1  -999.9     0.0    19.0    15.6   330.0
SUMMERSIDE  2011   7  11  192     16.4    26.2    20.5  -999.9     0.7    24.0    18.3   330.0
SUMMERSIDE  2011   7  12  193     16.7    23.7    17.3  -999.9     2.5    22.7    20.5   330.0
SUMMERSIDE  2011   7  13  194     14.0    18.1    13.2  -999.9     0.0    21.0    14.4   330.0
SUMMERSIDE  2011   7  14  195     13.6    16.8    11.6  -999.9     0.0    27.8    11.8   330.0
SUMMERSIDE  2011   7  15  196     14.0    17.8    12.6  -999.9     0.0    26.5    12.6   330.0
SUMMERSIDE  2011   7  16  197     11.9    22.6    21.1  -999.9     0.0    13.1    14.0   330.0
SUMMERSIDE  2011   7  17  198     13.3    27.6    24.4  -999.9     0.0    20.7    17.5   330.0
SUMMERSIDE  2011   7  18  199     15.9    27.0    21.4  -999.9     2.6    15.5    21.3   330.0
SUMMERSIDE  2011   7  19  200     13.3    27.4    24.1  -999.9     0.0     7.3    17.6   330.0
SUMMERSIDE  2011   7  20  201     11.5    25.6    24.0  -999.9     4.7    17.7    14.5   330.0
SUMMERSIDE  2011   7  21  202     16.1    22.7    16.3  -999.9    11.5    19.1    19.8   330.0
SUMMERSIDE  2011   7  22  203     15.5    21.8    15.9  -999.9     1.2    12.6    19.1   330.0
SUMMERSIDE  2011   7  23  204     15.5    27.6    22.0  -999.9     3.5    16.3    21.8   330.0
SUMMERSIDE  2011   7  24  205     13.6    22.0    18.3  -999.9     0.2    14.6    15.9   330.0
SUMMERSIDE  2011   7  25  206     12.7    25.9    22.8  -999.9     0.0    11.0    14.8   330.0
SUMMERSIDE  2011   7  26  207     14.5    21.4    16.4  -999.9     0.6    14.4    15.2   330.0
SUMMERSIDE  2011   7  27  208     15.6    19.4    12.1  -999.9    33.1    16.8    18.2   330.0
SUMMERSIDE  2011   7  28  209     12.4    20.6    17.7  -999.9     0.7    16.3    15.3   330.0
SUMMERSIDE  2011   7  29  210     14.4    24.6    19.7  -999.9     0.0    18.7    17.6   330.0
SUMMERSIDE  2011   7  30  211     15.5    19.4    12.1  -999.9    14.2    17.3    17.8   330.0
SUMMERSIDE  2011   7  31  212     13.7    21.6    17.2  -999.9     0.0    11.1    17.7   330.0
SUMMERSIDE  2011   8   1  213     15.3    26.1    20.0  -999.9     0.0    14.5    18.7   330.0
SUMMERSIDE  2011   8   2  214     15.3    22.9    16.7  -999.9     3.0    20.6    18.3   330.0
SUMMERSIDE  2011   8   3  215     16.0    20.2    12.4  -999.9     1.9    17.5    18.1   330.0
SUMMERSIDE  2011   8   4  216     14.5    20.5    14.7  -999.9     0.3    23.0    16.1   330.0
SUMMERSIDE  2011   8   5  217      9.5    20.2    19.5  -999.9     0.2    18.2    13.5   330.0
SUMMERSIDE  2011   8   6  218      8.8    23.6    22.9  -999.9     0.0     9.2    14.3   330.0
SUMMERSIDE  2011   8   7  219     17.1    25.2    16.8  -999.9     3.2    15.5    21.5   330.0
SUMMERSIDE  2011   8   8  220     16.6    19.1     9.3  -999.9    38.3    17.8    19.1   330.0
SUMMERSIDE  2011   8   9  221     14.4    18.2    11.4  -999.9     0.7    20.6    16.6   330.0
SUMMERSIDE  2011   8  10  222     14.4    18.8    12.2  -999.9     3.6    13.8    16.6   330.0
SUMMERSIDE  2011   8  11  223     14.2    20.9    15.0  -999.9     0.2    11.7    17.6   330.0
SUMMERSIDE  2011   8  12  224     15.4    24.3    17.1  -999.9     0.0    14.5    18.6   330.0
SUMMERSIDE  2011   8  13  225     14.9    21.4    14.6  -999.9     0.0    11.7    17.8   330.0
SUMMERSIDE  2011   8  14  226     15.6    26.7    18.9  -999.9     0.8    14.6    20.5   330.0
SUMMERSIDE  2011   8  15  227     16.4    23.9    15.5  -999.9     0.0    10.0    19.5   330.0
SUMMERSIDE  2011   8  16  228     14.7    19.7    12.5  -999.9    21.8    19.8    17.4   330.0
SUMMERSIDE  2011   8  17  229     13.4    23.3    17.5  -999.9     0.0    12.0    16.9   330.0
SUMMERSIDE  2011   8  18  230     14.5    25.1    18.0  -999.9     0.0    20.5    18.0   330.0
SUMMERSIDE  2011   8  19  231     16.7    25.7    16.5  -999.9     0.0    22.7    21.4   330.0
SUMMERSIDE  2011   8  20  232     18.5    25.7    14.6  -999.9     0.0    22.8    22.2   330.0
SUMMERSIDE  2011   8  21  233     18.0    26.3    15.6  -999.9     0.0    19.4    22.4   330.0
SUMMERSIDE  2011   8  22  234     16.0    23.7    14.9  -999.9     7.8    30.5    19.7   330.0
SUMMERSIDE  2011   8  23  235     10.9    22.3    18.0  -999.9     0.0    11.8    13.9   330.0
SUMMERSIDE  2011   8  24  236     10.2    22.8    18.8  -999.9     0.0    19.6    13.0   330.0
SUMMERSIDE  2011   8  25  237     15.9    25.4    16.2  -999.9     0.0    26.5    17.9   330.0
SUMMERSIDE  2011   8  26  238     15.0    25.4    16.8  -999.9     6.2    18.6    19.1   330.0
SUMMERSIDE  2011   8  27  239     13.1    25.8    18.5  -999.9     0.0    15.2    18.0   330.0
SUMMERSIDE  2011   8  28  240     17.5    23.3    12.4  -999.9    14.3    16.0    21.8   330.0
SUMMERSIDE  2011   8  29  241     13.0    23.5    16.5  -999.9     0.0    38.0    14.8   330.0
SUMMERSIDE  2011   8  30  242     12.2    23.6    17.1  -999.9     0.0    11.3    15.5   330.0
SUMMERSIDE  2011   8  31  243      9.6    22.7    18.2  -999.9     0.0    12.5    14.4   330.0
SUMMERSIDE  2011   9   1  244      9.1    21.4    17.4  -999.9     0.0     7.9    14.2   330.0
SUMMERSIDE  2011   9   2  245     10.8    21.8    16.4  -999.9     0.0     9.0    14.4   330.0
SUMMERSIDE  2011   9   3  246     14.7    22.6    13.7  -999.9     0.0    18.9    17.3   330.0
SUMMERSIDE  2011   9   4  247     14.2    25.1    16.0  -999.9     0.0    13.2    17.3   330.0
SUMMERSIDE  2011   9   5  248     18.9    24.9    11.8  -999.9     0.0    29.3    20.5   330.0
SUMMERSIDE  2011   9   6  249     10.6    20.2    14.7  -999.9     0.3    25.7    14.9   330.0
SUMMERSIDE  2011   9   7  250      6.6    17.3    15.4  -999.9     0.0     8.7    10.8   330.0
SUMMERSIDE  2011   9   8  251     13.0    18.7    11.2  -999.9     2.8    13.0    15.5   330.0
SUMMERSIDE  2011   9   9  252     11.2    22.7    15.7  -999.9     0.0    14.7    14.0   330.0
SUMMERSIDE  2011   9  10  253      5.9    16.6    15.0  -999.9     0.9    17.1    10.5   330.0
SUMMERSIDE  2011   9  11  254      3.9    18.9    17.6  -999.9     0.0    20.4     9.6   330.0
SUMMERSIDE  2011   9  12  255     11.3    22.9    15.3  -999.9     0.0    21.5    14.6   330.0
SUMMERSIDE  2011   9  13  256     10.6    24.5    16.6  -999.9     0.0    14.1    15.9   330.0
SUMMERSIDE  2011   9  14  257     17.2    22.7    10.3  -999.9     0.0    23.2    19.5   330.0
SUMMERSIDE  2011   9  15  258     13.5    24.8    14.6  -999.9     0.5    18.4    19.0   330.0
SUMMERSIDE  2011   9  16  259      9.1    15.1    10.6  -999.9     2.7    26.7    10.3   330.0
SUMMERSIDE  2011   9  17  260      5.0    16.5    14.5  -999.9     0.0    20.8     8.4   330.0
SUMMERSIDE  2011   9  18  261      5.9    18.5    15.0  -999.9     0.0     8.0     9.5   330.0
SUMMERSIDE  2011   9  19  262      4.9    16.0    13.9  -999.9     0.0     6.5    10.1   330.0
SUMMERSIDE  2011   9  20  263      8.0    19.2    13.8  -999.9     0.0    12.3    12.1   330.0
SUMMERSIDE  2011   9  21  264     11.7    22.2    13.2  -999.9     0.0    14.4    14.7   330.0
SUMMERSIDE  2011   9  22  265      9.8    21.1    13.6  -999.9     0.0    14.5    14.8   330.0
SUMMERSIDE  2011   9  23  266     15.8    23.1    10.8  -999.9     0.0    12.1    20.0   330.0
SUMMERSIDE  2011   9  24  267     14.7    17.3     6.4  -999.9     0.0     7.7    17.1   330.0
SUMMERSIDE  2011   9  25  268     15.6    26.0    12.6  -999.9     0.0    14.8    19.1   330.0
SUMMERSIDE  2011   9  26  269      9.8    23.2    14.1  -999.9     0.0    13.0    13.4   330.0
SUMMERSIDE  2011   9  27  270      2.4    15.7    13.9  -999.9     0.0    17.2     8.4   330.0
SUMMERSIDE  2011   9  28  271      1.8    16.7    14.5  -999.9     0.0    11.9     8.1   330.0
SUMMERSIDE  2011   9  29  272     11.0    20.3    11.3  -999.9     1.8    20.8    13.4   330.0
SUMMERSIDE  2011   9  30  273     15.1    21.1     9.0  -999.9     0.0    31.9    16.0   330.0
SUMMERSIDE  2011  10   1  274     11.8    16.7     8.0  -999.9    20.7    19.0    14.4   330.0
SUMMERSIDE  2011  10   2  275     12.6    14.6     5.1  -999.9    10.5    29.0    14.2   330.0
SUMMERSIDE  2011  10   3  276     11.6    14.1     5.6  -999.9     2.3    18.8    13.7   330.0
SUMMERSIDE  2011  10   4  277     10.7    15.5     7.7  -999.9    18.4    21.6    12.8   330.0
SUMMERSIDE  2011  10   5  278      2.0    11.2    10.5  -999.9    37.8    47.6     8.9   330.0
SUMMERSIDE  2011  10   6  279      2.0     5.7     6.6  -999.9     0.6    34.0     6.2   330.0
SUMMERSIDE  2011  10   7  280      0.5     8.1     9.3  -999.9     0.0    16.6     5.4   330.0
SUMMERSIDE  2011  10   8  281      7.7    22.8    12.9  -999.9     0.0    20.0    11.7   330.0
SUMMERSIDE  2011  10   9  282     13.4    26.0    11.6  -999.9     0.0    18.7    15.0   330.0
SUMMERSIDE  2011  10  10  283      6.5    18.6    11.3  -999.9     0.0    22.1     8.3   330.0
SUMMERSIDE  2011  10  11  284      0.8    11.6    10.5  -999.9     0.0    13.4     7.1   330.0
SUMMERSIDE  2011  10  12  285      0.4    13.4    11.4  -999.9     0.0     8.1     8.0   330.0
SUMMERSIDE  2011  10  13  286      8.9    14.8     7.5  -999.9     0.0    15.4    11.4   330.0
SUMMERSIDE  2011  10  14  287     13.1    18.1     6.9  -999.9     8.5    15.9    16.0   330.0
SUMMERSIDE  2011  10  15  288     12.2    19.0     7.9  -999.9     0.6    32.5    13.3   330.0
SUMMERSIDE  2011  10  16  289      9.1    15.0     7.2  -999.9     0.5    27.7    10.6   330.0
SUMMERSIDE  2011  10  17  290      7.3    14.8     8.1  -999.9     2.9    20.8    10.4   330.0
SUMMERSIDE  2011  10  18  291      8.1    14.3     7.2  -999.9     0.5    12.4    10.4   330.0
SUMMERSIDE  2011  10  19  292      6.3    14.8     8.3  -999.9     1.9    10.4    10.1   330.0
SUMMERSIDE  2011  10  20  293      9.5    13.7     5.8  -999.9    26.1    22.7    12.6   330.0
SUMMERSIDE  2011  10  21  294      8.9    17.0     7.9  -999.9     0.0    24.2    11.8   330.0
SUMMERSIDE  2011  10  22  295      6.7    15.5     8.1  -999.9     0.0    12.9    10.5   330.0
SUMMERSIDE  2011  10  23  296      4.4    14.3     8.5  -999.9     0.0     9.2     9.5   330.0
SUMMERSIDE  2011  10  24  297      4.2    13.7     8.2  -999.9     0.0     7.2     9.8   330.0
SUMMERSIDE  2011  10  25  298      7.2    11.8     5.6  -999.9     4.6     7.2    10.3   330.0
SUMMERSIDE  2011  10  26  299      3.3     9.6     6.5  -999.9     0.2    28.3     7.2   330.0
SUMMERSIDE  2011  10  27  300      0.8     7.6     6.7  -999.9     0.0    14.3     5.9   330.0
SUMMERSIDE  2011  10  28  301      1.6     6.8     5.7  -999.9     0.0    18.8     5.3   330.0
SUMMERSIDE  2011  10  29  302      0.1     8.0     7.0  -999.9     0.0    11.8     5.9   330.0
SUMMERSIDE  2011  10  30  303      1.2     5.3     5.0  -999.9    43.7    41.5     6.7   330.0
SUMMERSIDE  2011  10  31  304     -1.8     5.6     6.6  -999.9     0.0    16.8     5.3   330.0
SUMMERSIDE  2011  11   1  305     -1.2    10.5     8.1  -999.9     0.0    10.6     6.8   330.0
SUMMERSIDE  2011  11   2  306     -0.4    11.3     8.0  -999.9     0.0    16.0     6.9   330.0
SUMMERSIDE  2011  11   3  307      4.6    12.1     6.3  -999.9     0.0    25.2     8.4   330.0
SUMMERSIDE  2011  11   4  308      1.0     8.0     6.0  -999.9     2.1    19.1     6.5   330.0
SUMMERSIDE  2011  11   5  309     -3.7     3.0     5.8  -999.9     0.4    22.5     4.0   330.0
SUMMERSIDE  2011  11   6  310     -2.1     9.9     7.7  -999.9     0.0    22.0     4.7   330.0
SUMMERSIDE  2011  11   7  311     -0.6    10.3     7.2  -999.9     0.0    15.3     5.7   330.0
SUMMERSIDE  2011  11   8  312      4.0    13.4     6.6  -999.9     0.0    13.2     7.2   330.0
SUMMERSIDE  2011  11   9  313     -0.6    11.4     7.4  -999.9     0.0     6.7     6.9   330.0
SUMMERSIDE  2011  11  10  314      5.4    15.4     6.7  -999.9     0.0    19.4     9.1   330.0
SUMMERSIDE  2011  11  11  315      3.1    15.9     7.4  -999.9    55.7    32.2    11.0   330.0
SUMMERSIDE  2011  11  12  316      1.4     6.3     4.5  -999.9     0.0    34.3     5.5   330.0
SUMMERSIDE  2011  11  13  317      2.7    11.2     5.9  -999.9     0.0    17.5     7.1   330.0
SUMMERSIDE  2011  11  14  318      8.2    13.6     4.6  -999.9     0.0    29.5    10.6   330.0
SUMMERSIDE  2011  11  15  319      7.7    13.2     4.6  -999.9     1.7    22.0    11.0   330.0
SUMMERSIDE  2011  11  16  320      0.7    12.1     6.6  -999.9     8.7    17.4     7.2   330.0
SUMMERSIDE  2011  11  17  321      0.3    10.6     6.2  -999.9     5.5    14.0     7.5   330.0
SUMMERSIDE  2011  11  18  322     -1.1     1.0     2.8  -999.9     3.1    22.1     4.6   330.0
SUMMERSIDE  2011  11  19  323     -1.6     7.6     5.7  -999.9     0.0    22.1     5.5   330.0
SUMMERSIDE  2011  11  20  324      1.9    12.2     6.0  -999.9     0.0    26.5     7.6   330.0
SUMMERSIDE  2011  11  21  325     -6.6     2.0     5.4  -999.9     0.2    16.3     3.4   330.0
SUMMERSIDE  2011  11  22  326     -8.7    -1.0     5.0  -999.9     0.0    10.9     2.8   330.0
SUMMERSIDE  2011  11  23  327     -5.9     0.8     4.6  -999.9     8.9    13.5     4.2   330.0
SUMMERSIDE  2011  11  24  328     -5.5     1.2     4.6  -999.9     0.0    25.3     4.1   330.0
SUMMERSIDE  2011  11  25  329     -5.2     5.5     5.8  -999.9     0.0    20.2     5.4   330.0
SUMMERSIDE  2011  11  26  330      0.6     7.9     4.7  -999.9     0.0    18.6     6.4   330.0
SUMMERSIDE  2011  11  27  331      0.1     3.9     3.4  -999.9     0.0    16.1     5.2   330.0
SUMMERSIDE  2011  11  28  332      1.1    12.3     5.7  -999.9     1.6    30.4     8.0   330.0
SUMMERSIDE  2011  11  29  333     -3.1     7.0     5.4  -999.9     0.0    14.7     5.6   330.0
SUMMERSIDE  2011  11  30  334      6.3    16.5     5.4  -999.9     7.3    29.0    12.0   330.0
SUMMERSIDE  2011  12   1  335      1.2     7.4     4.1  -999.9     1.0    15.4     7.2   330.0
SUMMERSIDE  2011  12   2  336     -1.1     3.2     3.4  -999.9     0.0     7.5     5.1   330.0
SUMMERSIDE  2011  12   3  337     -1.5     2.1     3.1  -999.9     0.0    10.8     5.1   330.0
SUMMERSIDE  2011  12   4  338     -0.6     7.1     4.5  -999.9     0.0    23.1     6.2   330.0
SUMMERSIDE  2011  12   5  339      4.6    11.9     4.4  -999.9     0.0    18.3     9.1   330.0
SUMMERSIDE  2011  12   6  340      3.2     9.5     4.0  -999.9     6.8    18.2     9.0   330.0
SUMMERSIDE  2011  12   7  341      3.3     4.5     1.7  -999.9     5.3    20.0     7.6   330.0
SUMMERSIDE  2011  12   8  342     -2.1    14.2     6.4  -999.9    17.6    34.1     7.8   330.0
SUMMERSIDE  2011  12   9  343     -2.7     4.9     4.3  -999.9     0.0    19.7     4.6   330.0
SUMMERSIDE  2011  12  10  344     -5.8     4.2     5.0  -999.9    10.2    15.2     5.0   330.0
SUMMERSIDE  2011  12  11  345     -7.5    -1.8     3.7  -999.9     0.0    19.2     2.9   330.0
SUMMERSIDE  2011  12  12  346     -4.5     4.8     4.7  -999.9     0.0    20.2     4.3   330.0
SUMMERSIDE  2011  12  13  347     -6.9     3.8     5.1  -999.9     0.0     8.0     4.9   330.0
SUMMERSIDE  2011  12  14  348     -1.9     0.6     2.4  -999.9     0.0    18.7     3.9   330.0
SUMMERSIDE  2011  12  15  349     -2.3     6.4     4.5  -999.9    11.1    24.8     5.6   330.0
SUMMERSIDE  2011  12  16  350     -2.7     8.3     5.1  -999.9     4.2    28.6     6.5   330.0
SUMMERSIDE  2011  12  17  351     -8.4    -2.5     3.7  -999.9     0.0    15.3     2.9   330.0
SUMMERSIDE  2011  12  18  352     -7.6    -3.1     3.3  -999.9     0.0    19.1     2.9   330.0
SUMMERSIDE  2011  12  19  353    -10.6     0.5     5.1  -999.9     0.8    19.3     3.0   330.0
SUMMERSIDE  2011  12  20  354    -11.5     0.5     5.3  -999.9     0.0    27.9     2.8   330.0
SUMMERSIDE  2011  12  21  355    -10.8     3.8     5.8  -999.9    15.3    22.4     3.5   330.0
SUMMERSIDE  2011  12  22  356     -3.0     4.6     4.2  -999.9     1.6    13.1     6.0   330.0
SUMMERSIDE  2011  12  23  357     -5.3    -0.4     3.4  -999.9     4.5    14.8     4.7   330.0
SUMMERSIDE  2011  12  24  358    -12.2    -5.2     4.1  -999.9     0.8    25.2     2.5   330.0
SUMMERSIDE  2011  12  25  359    -11.0    -4.3     4.0  -999.9     0.0    16.1     2.6   330.0
SUMMERSIDE  2011  12  26  360     -9.0    -0.1     4.6  -999.9     1.3    17.8     3.8   330.0
SUMMERSIDE  2011  12  27  361     -5.9     2.4     4.5  -999.9     0.0    25.7     4.5   330.0
SUMMERSIDE  2011  12  28  362      1.1     8.3     4.2  -999.9     7.6    32.2     7.5   330.0
SUMMERSIDE  2011  12  29  363     -9.5     1.1     5.1  -999.9     0.0    42.1     3.0   330.0
SUMMERSIDE  2011  12  30  364    -11.0    -5.3     3.7  -999.9     0.0    23.3     2.2   330.0
SUMMERSIDE  2011  12  31  365     -9.2     4.2     5.8  -999.9    21.5    11.7     4.3   330.0
