SUMMERSIDE  2019   1   1    1     -9.4    -1.2     4.5  -999.9     7.2    24.8     3.7   330.0
SUMMERSIDE  2019   1   2    2    -20.7    -9.3     5.4  -999.9     0.2    22.5     1.4   330.0
SUMMERSIDE  2019   1   3    3    -22.4    -6.3     6.4  -999.9     0.0     8.8     1.6   330.0
SUMMERSIDE  2019   1   4    4     -6.4     0.6     4.3  -999.9     1.3    18.1     4.3   330.0
SUMMERSIDE  2019   1   5    5     -5.0     0.8     3.9  -999.9     1.9    10.5     4.9   330.0
SUMMERSIDE  2019   1   6    6     -5.1    -0.7     3.4  -999.9     1.1    27.3     4.5   330.0
SUMMERSIDE  2019   1   7    7    -11.9    -5.0     4.3  -999.9     0.0    29.2     2.3   330.0
SUMMERSIDE  2019   1   8    8    -11.2    -3.2     4.7  -999.9     0.0    11.2     2.9   330.0
SUMMERSIDE  2019   1   9    9     -3.3     2.9     4.2  -999.9    15.6    29.8     5.4   330.0
SUMMERSIDE  2019   1  10   10     -3.1     2.3     3.9  -999.9     0.7    24.1     5.0   330.0
SUMMERSIDE  2019   1  11   11    -14.2    -3.1     5.7  -999.9     0.5    23.7     2.5   330.0
SUMMERSIDE  2019   1  12   12    -15.4   -12.2     3.1  -999.9     0.0    22.4     1.5   330.0
SUMMERSIDE  2019   1  13   13    -15.2   -10.4     3.8  -999.9     0.0    13.5     1.7   330.0
SUMMERSIDE  2019   1  14   14    -19.0   -10.4     5.1  -999.9     0.0     7.3     1.6   330.0
SUMMERSIDE  2019   1  15   15    -19.0    -4.8     6.7  -999.9     0.0     9.0     2.0   330.0
SUMMERSIDE  2019   1  16   16    -18.3    -0.7     7.5  -999.9     0.3    15.8     2.5   330.0
SUMMERSIDE  2019   1  17   17    -20.9    -3.1     7.6  -999.9     0.0    24.6     1.5   330.0
SUMMERSIDE  2019   1  18   18    -21.3    -2.5     7.9  -999.9     0.0    15.4     1.8   330.0
SUMMERSIDE  2019   1  19   19    -17.0    -1.8     7.2  -999.9     0.0    20.3     1.9   330.0
SUMMERSIDE  2019   1  20   20    -17.1     7.6     9.3  -999.9    37.6    23.7     3.7   330.0
SUMMERSIDE  2019   1  21   21    -10.3     0.1     6.1  -999.9     1.4     9.5     3.8   330.0
SUMMERSIDE  2019   1  22   22    -12.6    -7.2     4.4  -999.9     0.0    19.9     2.2   330.0
SUMMERSIDE  2019   1  23   23    -13.2    -0.8     6.8  -999.9     1.2    18.6     2.7   330.0
SUMMERSIDE  2019   1  24   24     -0.8     8.6     6.0  -999.9    11.7    27.4     7.7   330.0
SUMMERSIDE  2019   1  25   25     -2.6     7.9     6.4  -999.9     0.0    27.3     5.5   330.0
SUMMERSIDE  2019   1  26   26     -6.2    -2.1     4.1  -999.9     0.2    14.3     2.5   330.0
SUMMERSIDE  2019   1  27   27     -7.7     1.6     6.2  -999.9     0.2    15.2     4.2   330.0
SUMMERSIDE  2019   1  28   28    -15.8     1.8     8.7  -999.9     0.2    24.0     2.4   330.0
SUMMERSIDE  2019   1  29   29    -16.4    -7.8     6.1  -999.9     0.0    14.0     1.8   330.0
SUMMERSIDE  2019   1  30   30    -10.6     1.7     7.4  -999.9     5.1    23.3     3.8   330.0
SUMMERSIDE  2019   1  31   31    -16.7    -9.1     5.9  -999.9     0.5    24.2     1.5   330.0
SUMMERSIDE  2019   2   1   32    -17.1   -11.6     5.1  -999.9     0.0    31.4     1.1   330.0
SUMMERSIDE  2019   2   2   33    -15.1   -10.0     5.0  -999.9     0.2    26.1     1.5   330.0
SUMMERSIDE  2019   2   3   34    -15.2    -7.0     6.4  -999.9     0.0    17.9     1.7   330.0
SUMMERSIDE  2019   2   4   35     -8.3     1.3     7.0  -999.9     0.0    20.4     3.9   330.0
SUMMERSIDE  2019   2   5   36     -3.6     4.8     6.7  -999.9     0.2    20.1     5.7   330.0
SUMMERSIDE  2019   2   6   37     -7.2    -1.1     5.8  -999.9     0.0    27.6     3.6   330.0
SUMMERSIDE  2019   2   7   38     -8.7    -3.9     5.2  -999.9     0.2     7.4     3.2   330.0
SUMMERSIDE  2019   2   8   39     -6.7     3.5     7.7  -999.9     9.0    17.0     5.0   330.0
SUMMERSIDE  2019   2   9   40    -11.8    -0.9     8.0  -999.9     0.0    40.1     2.0   330.0
SUMMERSIDE  2019   2  10   41    -12.3    -6.6     5.9  -999.9     0.0    39.2     1.5   330.0
SUMMERSIDE  2019   2  11   42    -13.9    -8.9     5.6  -999.9     0.0    33.7     1.4   330.0
SUMMERSIDE  2019   2  12   43    -13.3    -5.3     7.2  -999.9     0.0    13.0     1.9   330.0
SUMMERSIDE  2019   2  13   44     -8.9    -2.0     6.8  -999.9     9.4    20.4     3.5   330.0
SUMMERSIDE  2019   2  14   45    -10.4    -5.6     5.7  -999.9     0.0    23.1     2.6   330.0
SUMMERSIDE  2019   2  15   46    -18.3     1.6    11.8  -999.9     0.2    14.4     2.4   330.0
SUMMERSIDE  2019   2  16   47     -3.0     4.6     7.4  -999.9    16.6    22.6     5.5   330.0
SUMMERSIDE  2019   2  17   48    -11.8    -3.0     8.1  -999.9     0.0    22.8     2.2   330.0
SUMMERSIDE  2019   2  18   49    -14.1    -8.6     6.5  -999.9     0.0    11.0     1.6   330.0
SUMMERSIDE  2019   2  19   50    -14.8    -9.5     6.5  -999.9     0.2    28.1     1.4   330.0
SUMMERSIDE  2019   2  20   51    -15.7    -9.1     7.3  -999.9     0.0    27.6     1.2   330.0
SUMMERSIDE  2019   2  21   52    -14.6    -8.3     7.3  -999.9     2.8    12.5     2.0   330.0
SUMMERSIDE  2019   2  22   53    -16.7    -4.1    10.4  -999.9     0.2    12.6     2.1   330.0
SUMMERSIDE  2019   2  23   54    -15.9    -5.0     9.8  -999.9     0.0    13.8     1.7   330.0
SUMMERSIDE  2019   2  24   55    -20.4    -5.9    11.5  -999.9     3.7    12.7     1.5   330.0
SUMMERSIDE  2019   2  25   56     -6.1     1.2     8.3  -999.9     2.8    38.2     4.1   330.0
SUMMERSIDE  2019   2  26   57    -16.1    -4.4    10.6  -999.9     0.0    42.9     1.7   330.0
SUMMERSIDE  2019   2  27   58    -16.7    -7.5     9.5  -999.9     0.0    34.4     1.3   330.0
SUMMERSIDE  2019   2  28   59    -16.6    -8.0     9.3  -999.9     0.0    27.4     1.2   330.0
SUMMERSIDE  2019   3   1   60    -12.3    -1.6    10.6  -999.9     0.0    22.5     2.0   330.0
SUMMERSIDE  2019   3   2   61    -11.5    -0.8    10.7  -999.9     0.0    12.6     2.7   330.0
SUMMERSIDE  2019   3   3   62     -7.4    -3.1     6.9  -999.9     0.0    16.5     2.8   330.0
SUMMERSIDE  2019   3   4   63     -6.6    -3.8     5.6  -999.9     8.7    25.1     3.5   330.0
SUMMERSIDE  2019   3   5   64    -14.5    -3.7    11.2  -999.9     0.2    19.4     2.3   330.0
SUMMERSIDE  2019   3   6   65    -16.6    -6.6    10.9  -999.9     0.0    11.0     1.8   330.0
SUMMERSIDE  2019   3   7   66    -17.3   -10.2     9.3  -999.9     0.0    20.1     1.2   330.0
SUMMERSIDE  2019   3   8   67    -19.4    -3.8    14.0  -999.9     0.0    21.8     1.5   330.0
SUMMERSIDE  2019   3   9   68    -12.8    -2.1    11.7  -999.9     0.0    15.9     2.3   330.0
SUMMERSIDE  2019   3  10   69    -19.4    -1.5    15.4  -999.9     0.2    10.8     1.8   330.0
SUMMERSIDE  2019   3  11   70     -1.5     4.4     8.9  -999.9     3.2    29.8     5.7   330.0
SUMMERSIDE  2019   3  12   71     -1.9     1.7     7.1  -999.9     0.0    17.4     4.5   330.0
SUMMERSIDE  2019   3  13   72     -5.9     1.9    10.5  -999.9     0.0    12.7     3.5   330.0
SUMMERSIDE  2019   3  14   73     -4.3     5.3    11.8  -999.9     0.0    15.0     4.7   330.0
SUMMERSIDE  2019   3  15   74     -0.3     5.9     9.6  -999.9     2.4    30.2     6.5   330.0
SUMMERSIDE  2019   3  16   75     -3.1     5.6    11.5  -999.9     2.1    21.5     5.7   330.0
SUMMERSIDE  2019   3  17   76     -6.2    -1.4     8.7  -999.9     0.0    27.3     2.3   330.0
SUMMERSIDE  2019   3  18   77     -8.6    -2.6     9.8  -999.9     0.0    19.1     2.3   330.0
SUMMERSIDE  2019   3  19   78     -9.6    -2.0    11.1  -999.9     0.0    12.2     2.5   330.0
SUMMERSIDE  2019   3  20   79     -8.2     2.4    13.3  -999.9     0.0    19.1     3.1   330.0
SUMMERSIDE  2019   3  21   80     -2.9     5.8    12.2  -999.9     0.0    23.2     4.8   330.0
SUMMERSIDE  2019   3  22   81     -0.7     8.2    12.5  -999.9    11.7    20.2     6.9   330.0
SUMMERSIDE  2019   3  23   82      0.2     5.4     9.6  -999.9     2.6    25.2     6.8   330.0
SUMMERSIDE  2019   3  24   83     -1.2     7.9    12.9  -999.9     0.2    22.5     4.7   330.0
SUMMERSIDE  2019   3  25   84     -5.7     0.8    11.0  -999.9     0.2    11.2     3.1   330.0
SUMMERSIDE  2019   3  26   85     -8.1    -1.3    11.4  -999.9     0.0    15.8     2.3   330.0
SUMMERSIDE  2019   3  27   86     -8.8    -1.0    12.3  -999.9     0.0    12.5     2.4   330.0
SUMMERSIDE  2019   3  28   87     -4.4     5.9    14.3  -999.9     0.0    27.0     4.3   330.0
SUMMERSIDE  2019   3  29   88      0.9     5.8    10.0  -999.9     3.2    23.2     6.7   330.0
SUMMERSIDE  2019   3  30   89     -1.5     4.6    11.2  -999.9     0.0    18.0     5.3   330.0
SUMMERSIDE  2019   3  31   90      4.0    15.1    15.3  -999.9     0.0    31.3     9.7   330.0
SUMMERSIDE  2019   4   1   91     -2.2     8.5    15.2  -999.9    11.3    30.4     5.7   330.0
SUMMERSIDE  2019   4   2   92     -2.1     6.4    13.7  -999.9     0.0    28.2     4.1   330.0
SUMMERSIDE  2019   4   3   93     -0.6     5.4    11.6  -999.9    17.5    25.1     6.0   330.0
SUMMERSIDE  2019   4   4   94     -4.0     2.2    11.9  -999.9     0.0    47.3     3.4   330.0
SUMMERSIDE  2019   4   5   95     -4.5     4.0    14.0  -999.9     0.0    29.8     2.9   330.0
SUMMERSIDE  2019   4   6   96     -0.5     5.4    11.8  -999.9     0.4    20.5     6.1   330.0
SUMMERSIDE  2019   4   7   97     -5.9     8.4    18.5  -999.9     0.0    22.2     4.0   330.0
SUMMERSIDE  2019   4   8   98     -6.7    -1.6    11.2  -999.9     0.7    15.4     2.7   330.0
SUMMERSIDE  2019   4   9   99     -5.8    -0.3    11.7  -999.9     0.2    17.7     3.4   330.0
SUMMERSIDE  2019   4  10  100     -5.0     2.5    13.8  -999.9     1.5     7.4     4.5   330.0
SUMMERSIDE  2019   4  11  101     -3.6     5.4    15.2  -999.9     0.0    14.3     4.8   330.0
SUMMERSIDE  2019   4  12  102     -4.2     8.5    18.2  -999.9     0.0    11.4     4.6   330.0
SUMMERSIDE  2019   4  13  103      2.9    10.5    14.2  -999.9     5.1    23.5     8.7   330.0
SUMMERSIDE  2019   4  14  104      3.4    12.5    15.7  -999.9     1.6    15.8     7.0   330.0
SUMMERSIDE  2019   4  15  105      1.5    10.8    16.0  -999.9    22.4    21.5     8.7   330.0
SUMMERSIDE  2019   4  16  106      0.2     2.8     8.5  -999.9     7.8    24.0     6.1   330.0
SUMMERSIDE  2019   4  17  107     -3.2     4.4    14.7  -999.9     0.0    31.0     4.9   330.0
SUMMERSIDE  2019   4  18  108     -2.7     9.0    18.3  -999.9     4.2    13.3     5.2   330.0
SUMMERSIDE  2019   4  19  109      2.0    12.0    17.1  -999.9    14.2    30.3     9.3   330.0
SUMMERSIDE  2019   4  20  110      2.2     4.3     7.9  -999.9    21.2    19.9     7.5   330.0
SUMMERSIDE  2019   4  21  111      4.3    18.1    20.3  -999.9     0.5    20.0    12.4   330.0
SUMMERSIDE  2019   4  22  112      3.0    11.1    15.7  -999.9     0.0    18.3     8.9   330.0
SUMMERSIDE  2019   4  23  113      2.1     4.4     8.4  -999.9    12.3    22.7     6.7   330.0
SUMMERSIDE  2019   4  24  114      1.3     4.0     9.2  -999.9     5.2    14.2     6.9   330.0
SUMMERSIDE  2019   4  25  115     -0.9     2.2     9.9  -999.9     3.1    27.0     6.1   330.0
SUMMERSIDE  2019   4  26  116     -1.7     8.8    18.3  -999.9     0.0    12.0     6.4   330.0
SUMMERSIDE  2019   4  27  117      3.3     8.4    12.9  -999.9     6.5    33.2     8.0   330.0
SUMMERSIDE  2019   4  28  118      2.4    10.5    16.3  -999.9     0.0    23.9     7.7   330.0
SUMMERSIDE  2019   4  29  119      1.2     6.7    13.5  -999.9     0.0    22.9     4.7   330.0
SUMMERSIDE  2019   4  30  120      0.7    10.6    18.3  -999.9     0.0    23.2     3.7   330.0
SUMMERSIDE  2019   5   1  121      0.4    10.5    18.5  -999.9     0.0    24.4     4.2   330.0
SUMMERSIDE  2019   5   2  122     -2.9     6.7    18.2  -999.9     0.0    15.4     4.6   330.0
SUMMERSIDE  2019   5   3  123     -2.7    15.4    25.1  -999.9     0.0    11.8     5.8   330.0
SUMMERSIDE  2019   5   4  124      3.6    11.0    16.1  -999.9     1.3    14.7     9.1   330.0
SUMMERSIDE  2019   5   5  125      0.7    14.0    21.7  -999.9     0.2    14.0     8.1   330.0
SUMMERSIDE  2019   5   6  126      0.5    14.5    22.4  -999.9     0.0    10.6     6.7   330.0
SUMMERSIDE  2019   5   7  127      3.2    18.8    23.8  -999.9     6.1    19.4     9.2   330.0
SUMMERSIDE  2019   5   8  128      3.1    12.4    18.5  -999.9     0.0    23.1     6.7   330.0
SUMMERSIDE  2019   5   9  129     -0.6     8.9    18.7  -999.9     0.0    23.5     6.1   330.0
SUMMERSIDE  2019   5  10  130     -0.5     9.7    19.5  -999.9     9.2    10.7     6.9   330.0
SUMMERSIDE  2019   5  11  131      4.7    12.2    16.8  -999.9     0.7    21.2     9.3   330.0
SUMMERSIDE  2019   5  12  132      1.7     8.8    16.4  -999.9     0.0    24.8     6.6   330.0
SUMMERSIDE  2019   5  13  133      1.2     8.4    16.6  -999.9     0.0    16.8     6.7   330.0
SUMMERSIDE  2019   5  14  134      0.0    10.2    19.9  -999.9     4.5    21.2     6.7   330.0
SUMMERSIDE  2019   5  15  135      2.5     4.7     9.3  -999.9     5.3    30.8     7.2   330.0
SUMMERSIDE  2019   5  16  136      2.9     6.7    12.2  -999.9     1.3    13.5     7.5   330.0
SUMMERSIDE  2019   5  17  137      2.9     9.5    16.2  -999.9     0.3     7.9     7.8   330.0
SUMMERSIDE  2019   5  18  138      3.4     6.6    11.3  -999.9     4.7    25.7     7.8   330.0
SUMMERSIDE  2019   5  19  139      3.8    14.9    21.1  -999.9     0.0    13.3     8.6   330.0
SUMMERSIDE  2019   5  20  140      6.9    10.2    11.6  -999.9    20.2    16.4    10.1   330.0
SUMMERSIDE  2019   5  21  141      3.4     7.9    13.5  -999.9    33.9    18.7     8.8   330.0
SUMMERSIDE  2019   5  22  142      3.3     8.4    14.5  -999.9     0.4    33.6     7.5   330.0
SUMMERSIDE  2019   5  23  143      3.9    11.4    17.6  -999.9     0.0    13.8     7.4   330.0
SUMMERSIDE  2019   5  24  144      1.1    12.0    21.3  -999.9     0.0    13.7     6.5   330.0
SUMMERSIDE  2019   5  25  145      0.6    17.9    26.9  -999.9     0.0     9.9     7.7   330.0
SUMMERSIDE  2019   5  26  146      7.6    12.3    14.0  -999.9     1.9    22.3     9.6   330.0
SUMMERSIDE  2019   5  27  147      5.8    12.3    16.6  -999.9     0.2    15.8    10.5   330.0
SUMMERSIDE  2019   5  28  148      3.4    14.5    21.7  -999.9     0.0    16.5     6.3   330.0
SUMMERSIDE  2019   5  29  149      4.8    16.3    22.1  -999.9     0.0    17.5     8.0   330.0
SUMMERSIDE  2019   5  30  150      4.7    15.9    21.9  -999.9     0.0    15.1     9.4   330.0
SUMMERSIDE  2019   5  31  151      5.9    15.1    19.9  -999.9     2.1    23.3    10.7   330.0
SUMMERSIDE  2019   6   1  152      2.7    20.2    27.5  -999.9     0.0    11.3     8.1   330.0
SUMMERSIDE  2019   6   2  153      8.5    16.9    19.1  -999.9     6.9    19.5    11.4   330.0
SUMMERSIDE  2019   6   3  154      7.5    18.2    21.6  -999.9     0.2    17.8    13.3   330.0
SUMMERSIDE  2019   6   4  155      8.1    17.5    20.3  -999.9     0.0    18.8    10.4   330.0
SUMMERSIDE  2019   6   5  156      6.9    17.6    21.7  -999.9     0.0    21.3    10.4   330.0
SUMMERSIDE  2019   6   6  157      8.7    14.8    16.4  -999.9     5.1    11.8    12.5   330.0
SUMMERSIDE  2019   6   7  158      7.4    19.3    22.9  -999.9     0.0    10.8    11.4   330.0
SUMMERSIDE  2019   6   8  159      6.5    18.2    22.7  -999.9     0.0    18.0     8.4   330.0
SUMMERSIDE  2019   6   9  160      6.4    19.2    23.8  -999.9     0.0    12.8     8.3   330.0
SUMMERSIDE  2019   6  10  161      5.2    18.4    24.2  -999.9     0.0    12.2     8.4   330.0
SUMMERSIDE  2019   6  11  162     10.7    25.0    25.2  -999.9     6.1    20.2    13.3   330.0
SUMMERSIDE  2019   6  12  163     10.4    22.6    23.3  -999.9     1.1    24.4    11.6   330.0
SUMMERSIDE  2019   6  13  164     11.4    24.9    24.6  -999.9    10.3    17.0    12.1   330.0
SUMMERSIDE  2019   6  14  165     11.3    21.7    21.6  -999.9     4.7    24.6    15.2   330.0
SUMMERSIDE  2019   6  15  166     12.0    22.4    21.6  -999.9     0.0    19.3    15.1   330.0
SUMMERSIDE  2019   6  16  167     13.1    24.4    22.5  -999.9     0.0    18.7    14.7   330.0
SUMMERSIDE  2019   6  17  168      9.8    21.1    22.5  -999.9     0.0    12.5    15.2   330.0
SUMMERSIDE  2019   6  18  169      8.5    23.2    25.7  -999.9     0.0    12.5    11.5   330.0
SUMMERSIDE  2019   6  19  170     12.0    26.5    25.5  -999.9     0.0    18.5    14.1   330.0
SUMMERSIDE  2019   6  20  171     13.8    23.7    21.1  -999.9     2.5    15.8    15.8   330.0
SUMMERSIDE  2019   6  21  172     11.2    15.0    13.1  -999.9    50.6    26.7    14.2   330.0
SUMMERSIDE  2019   6  22  173     11.4    18.1    17.3  -999.9     1.9    32.3    13.3   330.0
SUMMERSIDE  2019   6  23  174     10.5    22.5    23.2  -999.9     0.0    22.9    11.2   330.0
SUMMERSIDE  2019   6  24  175      9.2    17.2    18.9  -999.9     0.0    12.3    10.0   330.0
SUMMERSIDE  2019   6  25  176      8.4    20.0    22.8  -999.9     0.0    12.2    10.4   330.0
SUMMERSIDE  2019   6  26  177     13.0    21.5    19.5  -999.9     0.0    13.6    12.9   330.0
SUMMERSIDE  2019   6  27  178     12.9    15.2    10.1  -999.9    13.6    17.3    13.7   330.0
SUMMERSIDE  2019   6  28  179     12.0    18.2    16.6  -999.9     6.2    12.4    15.8   330.0
SUMMERSIDE  2019   6  29  180     12.9    19.5    17.1  -999.9     2.6     9.5    17.2   330.0
SUMMERSIDE  2019   6  30  181     12.7    16.4    12.8  -999.9     1.2    20.4    15.8   330.0
SUMMERSIDE  2019   7   1  182     12.2    14.1     9.2  -999.9     4.7    32.1    14.2   330.0
SUMMERSIDE  2019   7   2  183     10.6    18.0    18.1  -999.9     0.0    16.2    14.7   330.0
SUMMERSIDE  2019   7   3  184     10.8    20.3    20.5  -999.9     0.6    13.8    14.5   330.0
SUMMERSIDE  2019   7   4  185     14.0    23.9    20.9  -999.9     0.0    10.7    17.2   330.0
SUMMERSIDE  2019   7   5  186     16.1    31.6    26.1  -999.9     0.0    13.8    21.1   330.0
SUMMERSIDE  2019   7   6  187     16.4    24.7    19.0  -999.9     7.1    23.2    19.8   330.0
SUMMERSIDE  2019   7   7  188     13.6    22.9    20.1  -999.9     0.0    13.6    13.7   330.0
SUMMERSIDE  2019   7   8  189     12.6    26.0    24.1  -999.9     0.2    14.3    14.0   330.0
SUMMERSIDE  2019   7   9  190     13.9    23.5    20.4  -999.9     0.0    14.8    13.8   330.0
SUMMERSIDE  2019   7  10  191      8.2    18.4    21.0  -999.9     0.0    13.3    11.1   330.0
SUMMERSIDE  2019   7  11  192      8.7    21.9    23.8  -999.9     0.0     9.3    12.6   330.0
SUMMERSIDE  2019   7  12  193     15.3    19.4    13.2  -999.9     3.1    20.0    15.9   330.0
SUMMERSIDE  2019   7  13  194     16.2    23.6    17.7  -999.9     0.0    16.7    19.4   330.0
SUMMERSIDE  2019   7  14  195     15.3    25.9    21.2  -999.9     9.2    18.2    20.4   330.0
SUMMERSIDE  2019   7  15  196     15.3    20.8    15.2  -999.9     0.0    12.2    17.9   330.0
SUMMERSIDE  2019   7  16  197     15.3    27.3    22.4  -999.9     0.1    13.7    17.8   330.0
SUMMERSIDE  2019   7  17  198     17.3    23.1    15.5  -999.9     7.4    20.4    19.4   330.0
SUMMERSIDE  2019   7  18  199     13.9    23.5    19.9  -999.9     0.1    12.3    14.7   330.0
SUMMERSIDE  2019   7  19  200     14.3    25.4    21.3  -999.9     0.0    15.2    16.3   330.0
SUMMERSIDE  2019   7  20  201     16.0    29.9    23.8  -999.9     0.0    11.4    21.8   330.0
SUMMERSIDE  2019   7  21  202     15.4    24.6    19.3  -999.9     0.4    11.3    20.4   330.0
SUMMERSIDE  2019   7  22  203     16.4    26.1    19.8  -999.9     0.0    11.5    19.3   330.0
SUMMERSIDE  2019   7  23  204     14.1    21.7    17.4  -999.9     1.3     6.8    16.8   330.0
SUMMERSIDE  2019   7  24  205     13.6    25.3    21.5  -999.9     0.0    10.6    17.7   330.0
SUMMERSIDE  2019   7  25  206     12.0    23.0    20.8  -999.9     0.0     9.2    15.0   330.0
SUMMERSIDE  2019   7  26  207     11.9    27.0    24.3  -999.9     0.0     9.8    15.2   330.0
SUMMERSIDE  2019   7  27  208     17.0    29.0    21.6  -999.9     0.0    19.5    19.0   330.0
SUMMERSIDE  2019   7  28  209     16.2    26.8    20.2  -999.9     0.0    23.9    16.6   330.0
SUMMERSIDE  2019   7  29  210     17.9    27.5    19.1  -999.9     0.0    20.4    21.1   330.0
SUMMERSIDE  2019   7  30  211     18.2    30.7    21.7  -999.9     0.0    16.3    24.2   330.0
SUMMERSIDE  2019   7  31  212     19.3    30.4    20.4  -999.9     0.0    19.9    24.6   330.0
SUMMERSIDE  2019   8   1  213     13.9    26.7    21.8  -999.9     0.0    11.4    17.9   330.0
SUMMERSIDE  2019   8   2  214     13.8    28.8    23.5  -999.9     0.0    11.8    16.7   330.0
SUMMERSIDE  2019   8   3  215     16.4    29.2    21.6  -999.9     3.0    19.4    18.5   330.0
SUMMERSIDE  2019   8   4  216     13.7    24.3    19.5  -999.9     0.0    14.2    15.9   330.0
SUMMERSIDE  2019   8   5  217     13.1    23.9    19.6  -999.9     0.0    14.2    15.2   330.0
SUMMERSIDE  2019   8   6  218     14.0    27.5    21.8  -999.9     0.0    12.5    16.5   330.0
SUMMERSIDE  2019   8   7  219     12.5    26.1    21.8  -999.9     0.0    14.6    15.5   330.0
SUMMERSIDE  2019   8   8  220     17.5    25.5    16.6  -999.9     9.1    24.8    18.8   330.0
SUMMERSIDE  2019   8   9  221     17.8    26.4    17.1  -999.9     2.2    17.4    21.5   330.0
SUMMERSIDE  2019   8  10  222     14.8    24.7    18.3  -999.9     1.3    12.5    18.9   330.0
SUMMERSIDE  2019   8  11  223     14.2    22.7    16.9  -999.9     1.7    17.0    17.1   330.0
SUMMERSIDE  2019   8  12  224     12.7    25.2    20.3  -999.9     0.0    16.0    16.7   330.0
SUMMERSIDE  2019   8  13  225     11.5    25.7    21.5  -999.9     0.0    15.3    15.8   330.0
SUMMERSIDE  2019   8  14  226     10.8    24.3    20.9  -999.9     0.0     8.2    14.0   330.0
SUMMERSIDE  2019   8  15  227     10.1    23.9    21.0  -999.9     0.0     8.8    15.0   330.0
SUMMERSIDE  2019   8  16  228     12.8    25.5    20.0  -999.9     0.0    12.3    15.5   330.0
SUMMERSIDE  2019   8  17  229     16.2    25.8    17.3  -999.9     0.0    14.2    18.4   330.0
SUMMERSIDE  2019   8  18  230     17.4    22.6    12.6  -999.9     2.5    12.3    20.0   330.0
SUMMERSIDE  2019   8  19  231     18.9    26.5    15.2  -999.9     0.0    15.4    23.5   330.0
SUMMERSIDE  2019   8  20  232     16.9    27.1    17.4  -999.9     0.0    16.5    17.3   330.0
SUMMERSIDE  2019   8  21  233     15.8    28.4    19.2  -999.9     0.0    17.9    17.7   330.0
SUMMERSIDE  2019   8  22  234     17.4    25.8    15.6  -999.9    26.2    14.0    22.5   330.0
SUMMERSIDE  2019   8  23  235     14.3    25.0    17.5  -999.9     0.0    15.5    15.9   330.0
SUMMERSIDE  2019   8  24  236      7.5    17.8    17.0  -999.9     0.0    21.5    11.1   330.0
SUMMERSIDE  2019   8  25  237      6.5    20.0    19.3  -999.9     0.0    10.2    11.5   330.0
SUMMERSIDE  2019   8  26  238      9.2    18.8    16.2  -999.9     1.4     7.5    12.5   330.0
SUMMERSIDE  2019   8  27  239     12.4    19.0    13.3  -999.9     3.4    13.1    14.9   330.0
SUMMERSIDE  2019   8  28  240     13.0    27.6    19.6  -999.9     0.0     9.9    18.5   330.0
SUMMERSIDE  2019   8  29  241     14.2    21.5    13.8  -999.9    65.1    19.6    18.5   330.0
SUMMERSIDE  2019   8  30  242     17.1    24.8    14.0  -999.9     1.4    17.0    20.6   330.0
SUMMERSIDE  2019   8  31  243     13.3    22.7    15.4  -999.9     0.0    16.1    14.5   330.0
SUMMERSIDE  2019   9   1  244      9.9    19.8    15.7  -999.9     0.0    10.1    11.1   330.0
SUMMERSIDE  2019   9   2  245     10.7    21.9    16.5  -999.9     0.6    20.3    14.5   330.0
SUMMERSIDE  2019   9   3  246     10.4    19.8    15.0  -999.9     1.9    12.7    14.8   330.0
SUMMERSIDE  2019   9   4  247     12.7    24.1    16.4  -999.9     0.9    17.2    17.8   330.0
SUMMERSIDE  2019   9   5  248     10.2    20.1    15.1  -999.9     0.0    18.1    12.1   330.0
SUMMERSIDE  2019   9   6  249      6.7    18.1    16.1  -999.9     0.0     9.7     9.8   330.0
SUMMERSIDE  2019   9   7  250      8.9    15.0    11.6  -999.9    88.8    41.6    12.3   330.0
SUMMERSIDE  2019   9   8  251      7.0    15.1    13.3  -999.9     2.0    36.4    10.3   330.0
SUMMERSIDE  2019   9   9  252     13.6    13.6     0.0  -999.9     0.3     9.0    13.8   330.0
SUMMERSIDE  2019   9  10  253      8.6    18.0    14.1  -999.9     0.0    10.2    10.9   330.0
SUMMERSIDE  2019   9  11  254     11.8    15.7     9.0  -999.9    34.4    14.1    14.3   330.0
SUMMERSIDE  2019   9  12  255      6.8    15.2    13.0  -999.9     5.7    17.0    10.7   330.0
SUMMERSIDE  2019   9  13  256      5.9    15.5    13.8  -999.9     0.2    12.6    10.2   330.0
SUMMERSIDE  2019   9  14  257      8.2    16.9    13.0  -999.9     0.6    24.2    10.8   330.0
SUMMERSIDE  2019   9  15  258     13.7    21.8    12.4  -999.9     0.0    20.0    16.1   330.0
SUMMERSIDE  2019   9  16  259     11.6    17.3    10.3  -999.9     4.2    14.6    14.1   330.0
SUMMERSIDE  2019   9  17  260      7.4    11.6     8.7  -999.9     0.2    26.8     9.6   330.0
SUMMERSIDE  2019   9  18  261      1.0    13.2    14.7  -999.9     0.0    16.3     7.7   330.0
SUMMERSIDE  2019   9  19  262      0.6    17.7    17.3  -999.9     0.0     9.1     8.6   330.0
SUMMERSIDE  2019   9  20  263      7.1    23.7    16.8  -999.9     0.0    12.3    13.4   330.0
SUMMERSIDE  2019   9  21  264      8.2    17.6    12.5  -999.9     0.0    16.4    11.0   330.0
SUMMERSIDE  2019   9  22  265      8.1    23.2    15.7  -999.9     0.0    19.9    14.0   330.0
SUMMERSIDE  2019   9  23  266     14.1    20.9    10.4  -999.9     0.6    23.9    17.6   330.0
SUMMERSIDE  2019   9  24  267     12.2    17.0     8.7  -999.9    58.2    18.5    15.3   330.0
SUMMERSIDE  2019   9  25  268     11.4    16.6     8.9  -999.9     0.0    12.8    15.1   330.0
SUMMERSIDE  2019   9  26  269     11.1    17.2     9.5  -999.9     0.0    14.9    13.7   330.0
SUMMERSIDE  2019   9  27  270      8.5    18.0    11.7  -999.9     2.7    17.8    12.0   330.0
SUMMERSIDE  2019   9  28  271      8.5    18.6    12.0  -999.9     5.7    16.2    12.8   330.0
SUMMERSIDE  2019   9  29  272      6.7    15.9    11.3  -999.9     0.2    19.2    10.4   330.0
SUMMERSIDE  2019   9  30  273      4.3    12.0    10.2  -999.9     0.0    13.8     7.4   330.0
SUMMERSIDE  2019  10   1  274      7.0    11.9     8.0  -999.9     6.1     8.7     8.8   330.0
SUMMERSIDE  2019  10   2  275      5.5    12.6     9.6  -999.9     1.6    22.8     9.7   330.0
SUMMERSIDE  2019  10   3  276      2.1    11.3    10.7  -999.9     0.2    14.6     6.7   330.0
SUMMERSIDE  2019  10   4  277      3.3     7.9     7.5  -999.9     1.9    13.5     7.4   330.0
SUMMERSIDE  2019  10   5  278      0.1    11.3    11.6  -999.9     0.0    15.4     6.6   330.0
SUMMERSIDE  2019  10   6  279      0.0    15.3    13.3  -999.9     0.0    17.7     7.5   330.0
SUMMERSIDE  2019  10   7  280     12.3    16.6     7.0  -999.9    17.2    25.4    14.8   330.0
SUMMERSIDE  2019  10   8  281      4.9    17.0    11.6  -999.9     0.9    14.5    11.2   330.0
SUMMERSIDE  2019  10   9  282      2.2    13.8    11.2  -999.9     0.0     8.2     8.6   330.0
SUMMERSIDE  2019  10  10  283      1.7    13.4    11.1  -999.9     0.2    10.9     8.9   330.0
SUMMERSIDE  2019  10  11  284      4.2    15.0    10.5  -999.9     0.0    14.4     9.8   330.0
SUMMERSIDE  2019  10  12  285      9.4    11.4     4.5  -999.9    27.5    21.0    11.4   330.0
SUMMERSIDE  2019  10  13  286      6.2    11.9     7.4  -999.9     0.2    11.6    10.6   330.0
SUMMERSIDE  2019  10  14  287      8.7    13.8     6.9  -999.9     0.0    10.2    12.2   330.0
SUMMERSIDE  2019  10  15  288      3.9    14.4     9.8  -999.9     4.5     9.6    10.5   330.0
SUMMERSIDE  2019  10  16  289      3.8    14.0     9.5  -999.9     0.0    11.0     8.0   330.0
SUMMERSIDE  2019  10  17  290      6.8    14.1     7.9  -999.9    14.1    26.2    10.7   330.0
SUMMERSIDE  2019  10  18  291      8.2    11.9     5.6  -999.9     6.3    22.6    10.8   330.0
SUMMERSIDE  2019  10  19  292      6.4    11.0     6.1  -999.9     0.0    18.0     8.5   330.0
SUMMERSIDE  2019  10  20  293      2.4    11.6     8.6  -999.9     0.0    11.3     7.8   330.0
SUMMERSIDE  2019  10  21  294      3.2    15.8     9.9  -999.9     0.0     8.1     9.8   330.0
SUMMERSIDE  2019  10  22  295      3.5    11.3     7.7  -999.9     0.0    14.2     8.6   330.0
SUMMERSIDE  2019  10  23  296      7.6    13.5     6.6  -999.9    13.7    30.7    10.6   330.0
SUMMERSIDE  2019  10  24  297      8.1    13.9     6.4  -999.9     0.0    24.5    10.0   330.0
SUMMERSIDE  2019  10  25  298      5.4    11.4     6.4  -999.9     0.0    14.5     7.8   330.0
SUMMERSIDE  2019  10  26  299      1.1     9.2     7.4  -999.9     0.4    12.5     6.6   330.0
SUMMERSIDE  2019  10  27  300     -0.3     9.2     7.9  -999.9     0.0     7.1     6.4   330.0
SUMMERSIDE  2019  10  28  301      0.1     7.9     7.0  -999.9     0.0     8.2     5.9   330.0
SUMMERSIDE  2019  10  29  302     -0.7    11.2     8.6  -999.9     0.0     6.7     7.1   330.0
SUMMERSIDE  2019  10  30  303      7.5    13.0     5.7  -999.9     0.0    15.1    10.5   330.0
SUMMERSIDE  2019  10  31  304      9.2    17.4     6.9  -999.9    11.5    23.8    14.4   330.0
SUMMERSIDE  2019  11   1  305      5.1    19.1     8.9  -999.9     0.5    43.6    10.4   330.0
SUMMERSIDE  2019  11   2  306      1.2     7.4     5.9  -999.9     0.0    16.0     5.2   330.0
SUMMERSIDE  2019  11   3  307      0.6     8.3     6.4  -999.9     0.0    13.6     6.2   330.0
SUMMERSIDE  2019  11   4  308      0.2     7.9     6.3  -999.9     0.0    14.2     5.4   330.0
SUMMERSIDE  2019  11   5  309     -0.6    11.1     7.7  -999.9     2.8    22.0     7.8   330.0
SUMMERSIDE  2019  11   6  310      0.9    14.1     8.1  -999.9     9.3    27.7     7.0   330.0
SUMMERSIDE  2019  11   7  311      0.2     4.8     4.7  -999.9    16.7    13.7     5.3   330.0
SUMMERSIDE  2019  11   8  312     -2.0     2.6     4.6  -999.9     7.7    26.5     5.3   330.0
SUMMERSIDE  2019  11   9  313     -3.0    -0.2     3.6  -999.9     0.0    22.7     3.9   330.0
SUMMERSIDE  2019  11  10  314      0.7     6.8     5.2  -999.9     0.0    29.2     6.0   330.0
SUMMERSIDE  2019  11  11  315     -2.4     6.3     6.1  -999.9     1.6    14.0     4.8   330.0
SUMMERSIDE  2019  11  12  316     -1.7    13.6     8.0  -999.9    14.4    20.5     8.7   330.0
SUMMERSIDE  2019  11  13  317     -5.2    -0.9     4.2  -999.9     0.4    31.1     3.8   330.0
SUMMERSIDE  2019  11  14  318     -5.2     1.3     5.1  -999.9     0.0    17.1     3.6   330.0
SUMMERSIDE  2019  11  15  319     -0.1     7.5     5.4  -999.9     1.8    30.3     6.1   330.0
SUMMERSIDE  2019  11  16  320     -7.3    -2.3     4.4  -999.9     0.2    37.9     2.5   330.0
SUMMERSIDE  2019  11  17  321     -5.9     4.3     6.1  -999.9     0.0    11.0     4.3   330.0
SUMMERSIDE  2019  11  18  322     -5.9     3.8     5.9  -999.9    10.7    15.4     4.9   330.0
SUMMERSIDE  2019  11  19  323      0.7     3.8     3.3  -999.9    11.0    27.1     7.0   330.0
SUMMERSIDE  2019  11  20  324      0.9     3.9     3.2  -999.9     1.7    24.2     6.7   330.0
SUMMERSIDE  2019  11  21  325      0.4     4.1     3.5  -999.9     2.3    26.8     6.4   330.0
SUMMERSIDE  2019  11  22  326     -0.5     6.4     4.8  -999.9    15.3    18.6     6.7   330.0
SUMMERSIDE  2019  11  23  327     -2.0     7.5     5.5  -999.9     1.2    33.9     5.5   330.0
SUMMERSIDE  2019  11  24  328     -3.7     3.5     4.8  -999.9    17.0    13.0     4.8   330.0
SUMMERSIDE  2019  11  25  329      1.0     7.8     4.6  -999.9     4.5    31.0     7.6   330.0
SUMMERSIDE  2019  11  26  330      0.8     6.5     4.2  -999.9     0.2    18.6     6.3   330.0
SUMMERSIDE  2019  11  27  331     -1.0     6.0     4.6  -999.9     0.0    18.3     5.6   330.0
SUMMERSIDE  2019  11  28  332      0.1     3.9     3.3  -999.9     0.0    34.0     6.4   330.0
SUMMERSIDE  2019  11  29  333     -2.9     2.3     3.9  -999.9     0.5    42.9     5.0   330.0
SUMMERSIDE  2019  11  30  334     -4.0    -1.1     2.9  -999.9     1.1    36.1     4.3   330.0
SUMMERSIDE  2019  12   1  335    -10.9    -1.8     5.0  -999.9     0.0    15.2     2.8   330.0
SUMMERSIDE  2019  12   2  336    -11.1    -0.2     5.4  -999.9     0.0    12.5     3.2   330.0
SUMMERSIDE  2019  12   3  337     -0.8     2.6     3.0  -999.9    21.0    34.0     6.0   330.0
SUMMERSIDE  2019  12   4  338     -2.9     1.6     3.4  -999.9     1.4    20.8     5.1   330.0
SUMMERSIDE  2019  12   5  339     -3.5     1.5     3.6  -999.9     0.6     5.5     5.1   330.0
SUMMERSIDE  2019  12   6  340     -4.8    -1.0     3.1  -999.9     0.0    22.1     3.6   330.0
SUMMERSIDE  2019  12   7  341     -6.8    -4.4     2.5  -999.9     0.0    22.0     2.5   330.0
SUMMERSIDE  2019  12   8  342     -8.3     1.0     4.8  -999.9     0.0    21.5     3.0   330.0
SUMMERSIDE  2019  12   9  343      1.0     9.2     4.5  -999.9     3.0    28.2     7.8   330.0
SUMMERSIDE  2019  12  10  344      4.9    11.4     4.0  -999.9    13.6    36.4    10.1   330.0
SUMMERSIDE  2019  12  11  345     -9.0     4.9     5.8  -999.9     0.7    17.2     3.9   330.0
SUMMERSIDE  2019  12  12  346     -9.4    -3.9     3.6  -999.9     0.0    23.2     2.2   330.0
SUMMERSIDE  2019  12  13  347    -11.7     0.7     5.5  -999.9     0.0    17.9     2.8   330.0
SUMMERSIDE  2019  12  14  348      0.2    12.9     5.5  -999.9    19.9    28.0     8.6   330.0
SUMMERSIDE  2019  12  15  349     -2.7    12.7     6.0  -999.9     0.6    36.7     7.0   330.0
SUMMERSIDE  2019  12  16  350     -7.3     2.1     4.7  -999.9     0.0    43.5     2.3   330.0
SUMMERSIDE  2019  12  17  351     -7.1    -2.1     3.4  -999.9     0.0    19.1     2.7   330.0
SUMMERSIDE  2019  12  18  352     -6.5    -2.9     2.9  -999.9     0.0    10.5     3.1   330.0
SUMMERSIDE  2019  12  19  353    -10.2    -6.2     3.1  -999.9     0.0    19.8     2.2   330.0
SUMMERSIDE  2019  12  20  354     -8.3     1.9     4.9  -999.9     0.0    24.1     3.6   330.0
SUMMERSIDE  2019  12  21  355     -8.6    -0.3     4.4  -999.9     0.0    11.7     3.5   330.0
SUMMERSIDE  2019  12  22  356     -9.0     0.1     4.6  -999.9     3.3    14.0     4.0   330.0
SUMMERSIDE  2019  12  23  357     -6.0    -0.1     3.7  -999.9     0.3    16.3     4.5   330.0
SUMMERSIDE  2019  12  24  358     -2.8     1.6     3.2  -999.9     0.0    27.5     4.4   330.0
SUMMERSIDE  2019  12  25  359    -11.9    -2.7     4.7  -999.9     0.0    13.8     2.7   330.0
SUMMERSIDE  2019  12  26  360    -13.3    -5.7     4.3  -999.9     0.0    19.4     2.2   330.0
SUMMERSIDE  2019  12  27  361    -14.4     2.0     6.3  -999.9     5.2    17.2     3.3   330.0
SUMMERSIDE  2019  12  28  362     -1.2     2.2     2.9  -999.9     0.0    23.7     4.8   330.0
SUMMERSIDE  2019  12  29  363     -5.1    -1.1     3.1  -999.9     0.0    21.4     3.1   330.0
SUMMERSIDE  2019  12  30  364     -3.9    -0.4     2.9  -999.9     0.0    25.8     4.1   330.0
SUMMERSIDE  2019  12  31  365     -3.5     3.0     4.0  -999.9     2.9    22.8     4.8   330.0
