SUMMERSIDE  2002   1   1    1    -10.3    -6.1     3.2  -999.9     0.0    21.0     2.3   330.0
SUMMERSIDE  2002   1   2    2    -10.2    -3.9     4.0  -999.9     0.0    22.8     2.6   330.0
SUMMERSIDE  2002   1   3    3     -8.4    -2.2     4.0  -999.9     0.0    22.0     2.9   330.0
SUMMERSIDE  2002   1   4    4    -13.9    -8.3     3.8  -999.9     0.0    24.2     1.6   330.0
SUMMERSIDE  2002   1   5    5    -15.8    -4.7     5.4  -999.9     0.0    11.9     1.9   330.0
SUMMERSIDE  2002   1   6    6     -9.4     1.1     5.3  -999.9     0.0    13.7     4.0   330.0
SUMMERSIDE  2002   1   7    7     -4.6     1.5     4.1  -999.9     3.7    22.9     5.1   330.0
SUMMERSIDE  2002   1   8    8    -11.3    -4.0     4.5  -999.9     0.0    24.6     3.1   330.0
SUMMERSIDE  2002   1   9    9     -5.5     0.9     4.2  -999.9     1.7    17.7     4.5   330.0
SUMMERSIDE  2002   1  10   10     -1.8     1.1     2.9  -999.9     0.7    10.2     5.6   330.0
SUMMERSIDE  2002   1  11   11     -6.2     1.1     4.6  -999.9     0.7    10.8     4.7   330.0
SUMMERSIDE  2002   1  12   12    -10.0    -1.0     5.1  -999.9     1.2    13.3     3.4   330.0
SUMMERSIDE  2002   1  13   13     -9.9     1.1     5.7  -999.9    17.0    23.4     3.9   330.0
SUMMERSIDE  2002   1  14   14    -11.9     0.9     6.3  -999.9     0.7    30.9     3.5   330.0
SUMMERSIDE  2002   1  15   15    -10.6    -2.9     4.9  -999.9     3.7     9.8     3.2   330.0
SUMMERSIDE  2002   1  16   16     -9.4    -2.4     4.7  -999.9     1.5    24.5     3.7   330.0
SUMMERSIDE  2002   1  17   17    -12.7    -3.6     5.4  -999.9     4.2     9.5     3.0   330.0
SUMMERSIDE  2002   1  18   18     -8.8    -2.8     4.5  -999.9     1.0     9.7     3.6   330.0
SUMMERSIDE  2002   1  19   19    -11.5    -1.4     5.9  -999.9     0.0    12.7     3.3   330.0
SUMMERSIDE  2002   1  20   20     -9.5    -2.5     4.9  -999.9     0.0     7.4     3.6   330.0
SUMMERSIDE  2002   1  21   21     -9.9     0.3     6.0  -999.9     2.5    11.8     3.8   330.0
SUMMERSIDE  2002   1  22   22    -10.1    -0.2     6.0  -999.9     6.8    26.1     3.8   330.0
SUMMERSIDE  2002   1  23   23    -13.9     2.4     7.8  -999.9     1.1    18.3     3.2   330.0
SUMMERSIDE  2002   1  24   24     -4.2     2.0     4.9  -999.9     3.2    10.7     5.3   330.0
SUMMERSIDE  2002   1  25   25     -6.7    -2.7     4.0  -999.9     0.7    15.4     3.9   330.0
SUMMERSIDE  2002   1  26   26    -15.8    -5.6     6.4  -999.9     0.9    11.3     2.3   330.0
SUMMERSIDE  2002   1  27   27    -15.7    -7.4     5.9  -999.9     0.0     7.4     2.0   330.0
SUMMERSIDE  2002   1  28   28     -8.8     1.1     6.5  -999.9     0.6    16.4     4.2   330.0
SUMMERSIDE  2002   1  29   29     -4.8    -1.4     3.9  -999.9     0.0    12.9     4.5   330.0
SUMMERSIDE  2002   1  30   30    -14.7    -4.7     6.7  -999.9     0.8    15.2     2.7   330.0
SUMMERSIDE  2002   1  31   31    -16.3   -12.6     4.1  -999.9     0.0    18.1     1.4   330.0
SUMMERSIDE  2002   2   1   32    -15.0    -5.1     6.9  -999.9    10.7     9.8     2.2   330.0
SUMMERSIDE  2002   2   2   33    -13.5    -4.9     6.5  -999.9     0.8    29.8     2.7   330.0
SUMMERSIDE  2002   2   3   34    -17.0    -9.8     6.0  -999.9    16.0    13.6     1.5   330.0
SUMMERSIDE  2002   2   4   35    -14.5    -4.2     7.3  -999.9     0.0    17.3     2.3   330.0
SUMMERSIDE  2002   2   5   36    -12.9    -6.3     5.9  -999.9     0.0    30.7     2.3   330.0
SUMMERSIDE  2002   2   6   37    -18.1   -10.0     6.7  -999.9     0.0    24.5     1.3   330.0
SUMMERSIDE  2002   2   7   38    -20.2    -9.9     7.6  -999.9     0.9    12.2     1.2   330.0
SUMMERSIDE  2002   2   8   39    -16.9    -3.1     8.9  -999.9     4.6    15.1     2.6   330.0
SUMMERSIDE  2002   2   9   40    -17.6   -10.3     6.6  -999.9     0.0    19.5     1.5   330.0
SUMMERSIDE  2002   2  10   41    -16.2    -0.3     9.9  -999.9     0.0    19.9     2.2   330.0
SUMMERSIDE  2002   2  11   42    -19.7     3.3    12.0  -999.9    23.2    34.2     2.9   330.0
SUMMERSIDE  2002   2  12   43    -22.0    -2.0    11.4  -999.9     0.0    19.2     1.9   330.0
SUMMERSIDE  2002   2  13   44    -15.8    -0.1    10.2  -999.9     0.4    25.2     2.8   330.0
SUMMERSIDE  2002   2  14   45    -17.7    -5.1     9.3  -999.9     0.0    22.3     1.7   330.0
SUMMERSIDE  2002   2  15   46     -5.1     3.2     7.7  -999.9     0.0    33.3     5.0   330.0
SUMMERSIDE  2002   2  16   47      0.5     4.4     5.3  -999.9     0.8    21.4     6.6   330.0
SUMMERSIDE  2002   2  17   48     -4.5     2.9     7.4  -999.9     0.0    10.2     5.1   330.0
SUMMERSIDE  2002   2  18   49     -8.5    -3.9     5.9  -999.9     0.0    33.8     3.2   330.0
SUMMERSIDE  2002   2  19   50    -10.9    -3.7     7.5  -999.9     0.0    24.7     2.8   330.0
SUMMERSIDE  2002   2  20   51    -10.9     0.2     9.5  -999.9     0.7     6.5     3.4   330.0
SUMMERSIDE  2002   2  21   52     -4.1     2.7     7.5  -999.9    30.0    18.0     4.9   330.0
SUMMERSIDE  2002   2  22   53     -3.5     3.4     7.7  -999.9     1.6    19.5     5.5   330.0
SUMMERSIDE  2002   2  23   54     -9.6    -1.1     8.7  -999.9     0.0    10.4     3.4   330.0
SUMMERSIDE  2002   2  24   55     -9.2    -1.1     8.6  -999.9     0.0     8.9     3.5   330.0
SUMMERSIDE  2002   2  25   56     -5.2     0.6     7.4  -999.9     2.2     8.9     4.1   330.0
SUMMERSIDE  2002   2  26   57     -2.7     3.9     8.0  -999.9     0.0    20.5     5.7   330.0
SUMMERSIDE  2002   2  27   58      3.4     8.3     7.0  -999.9     1.4    33.2     8.4   330.0
SUMMERSIDE  2002   2  28   59     -5.8     8.1    11.9  -999.9     6.9    36.1     5.4   330.0
SUMMERSIDE  2002   3   1   60     -6.9     1.3     9.2  -999.9     0.0    18.3     3.4   330.0
SUMMERSIDE  2002   3   2   61     -5.2     1.6     8.5  -999.9     0.0    13.2     3.9   330.0
SUMMERSIDE  2002   3   3   62     -2.0     9.0    11.0  -999.9     3.1    30.4     6.6   330.0
SUMMERSIDE  2002   3   4   63     -7.7     8.9    13.7  -999.9     0.0    23.0     4.2   330.0
SUMMERSIDE  2002   3   5   64    -10.4    -6.6     6.6  -999.9     0.0    22.4     1.6   330.0
SUMMERSIDE  2002   3   6   65     -9.1     0.2    10.5  -999.9     0.0    14.3     2.7   330.0
SUMMERSIDE  2002   3   7   66     -5.1     2.8     9.8  -999.9     0.0    10.1     4.2   330.0
SUMMERSIDE  2002   3   8   67     -7.6    -3.7     7.0  -999.9     0.0    15.5     2.2   330.0
SUMMERSIDE  2002   3   9   68     -5.9     3.0    10.7  -999.9     8.8    11.2     4.6   330.0
SUMMERSIDE  2002   3  10   69     -1.7    10.3    12.6  -999.9     2.8    28.8     7.4   330.0
SUMMERSIDE  2002   3  11   70     -9.3    -1.6    10.2  -999.9     0.0    31.9     1.9   330.0
SUMMERSIDE  2002   3  12   71     -6.2     2.2    10.8  -999.9     0.0    18.1     3.3   330.0
SUMMERSIDE  2002   3  13   72     -1.9     5.8    10.4  -999.9     0.6    14.8     5.8   330.0
SUMMERSIDE  2002   3  14   73     -4.8    10.3    14.8  -999.9     0.7    22.2     5.1   330.0
SUMMERSIDE  2002   3  15   74     -8.2    -4.0     7.9  -999.9     2.2    14.2     2.0   330.0
SUMMERSIDE  2002   3  16   75     -8.0    -3.8     8.0  -999.9     3.7    18.8     3.4   330.0
SUMMERSIDE  2002   3  17   76     -8.5    -1.8    10.2  -999.9     0.0    19.2     2.9   330.0
SUMMERSIDE  2002   3  18   77     -8.9    -2.3    10.3  -999.9     0.0    14.8     3.1   330.0
SUMMERSIDE  2002   3  19   78     -9.7    -1.7    11.4  -999.9     0.0    14.1     3.1   330.0
SUMMERSIDE  2002   3  20   79    -10.8     2.1    14.7  -999.9     0.0     9.5     3.0   330.0
SUMMERSIDE  2002   3  21   80     -2.9     2.6     9.7  -999.9     9.1    14.4     5.1   330.0
SUMMERSIDE  2002   3  22   81    -11.7     0.8    14.8  -999.9     1.5    26.5     3.3   330.0
SUMMERSIDE  2002   3  23   82    -12.2    -1.6    13.8  -999.9     0.7    38.8     2.2   330.0
SUMMERSIDE  2002   3  24   83     -8.8    -0.2    12.5  -999.9     0.0    30.8     2.8   330.0
SUMMERSIDE  2002   3  25   84     -9.3    -0.9    12.5  -999.9     0.0    25.6     2.2   330.0
SUMMERSIDE  2002   3  26   85     -9.8     4.0    16.2  -999.9     0.0     9.7     3.0   330.0
SUMMERSIDE  2002   3  27   86     -2.9     7.4    14.2  -999.9    12.1    23.6     6.2   330.0
SUMMERSIDE  2002   3  28   87     -2.6     1.3     8.8  -999.9     0.0    11.8     5.2   330.0
SUMMERSIDE  2002   3  29   88     -2.1     6.3    13.0  -999.9     0.0    15.2     5.5   330.0
SUMMERSIDE  2002   3  30   89     -0.5     5.6    11.2  -999.9     0.7    21.9     5.8   330.0
SUMMERSIDE  2002   3  31   90      2.2    10.8    13.5  -999.9     0.6    11.8     8.0   330.0
SUMMERSIDE  2002   4   1   91      3.1     8.0    10.3  -999.9    15.6    17.2     8.1   330.0
SUMMERSIDE  2002   4   2   92      2.3    10.0    13.0  -999.9     0.6    30.7     6.6   330.0
SUMMERSIDE  2002   4   3   93      0.9     9.4    13.8  -999.9    15.7    15.8     7.5   330.0
SUMMERSIDE  2002   4   4   94      0.2     5.7    11.2  -999.9     0.0    23.9     5.7   330.0
SUMMERSIDE  2002   4   5   95     -1.5     3.9    11.2  -999.9     0.0    14.7     4.6   330.0
SUMMERSIDE  2002   4   6   96     -2.0     1.6     9.2  -999.9     0.6    21.3     4.7   330.0
SUMMERSIDE  2002   4   7   97     -2.2     2.5    10.6  -999.9     0.0    17.0     4.1   330.0
SUMMERSIDE  2002   4   8   98     -1.6     6.7    14.2  -999.9     0.0    19.1     5.3   330.0
SUMMERSIDE  2002   4   9   99      2.5    10.5    14.1  -999.9     2.5    29.2     8.3   330.0
SUMMERSIDE  2002   4  10  100      0.8    10.4    15.6  -999.9    15.8    21.0     7.2   330.0
SUMMERSIDE  2002   4  11  101     -1.4     7.4    15.1  -999.9     0.0    12.5     4.4   330.0
SUMMERSIDE  2002   4  12  102      0.9    11.9    17.0  -999.9     0.7    28.6     5.8   330.0
SUMMERSIDE  2002   4  13  103      5.8    10.2    10.8  -999.9     4.2    22.1     9.3   330.0
SUMMERSIDE  2002   4  14  104      1.3     7.4    12.8  -999.9    21.2    21.0     7.4   330.0
SUMMERSIDE  2002   4  15  105      1.3     5.7    11.0  -999.9     5.9    11.0     7.0   330.0
SUMMERSIDE  2002   4  16  106      2.1    14.2    18.4  -999.9     0.8    17.5     9.3   330.0
SUMMERSIDE  2002   4  17  107     -3.1    10.1    19.3  -999.9     0.0    21.3     5.7   330.0
SUMMERSIDE  2002   4  18  108     -2.9     2.7    12.7  -999.9     0.0     6.2     4.8   330.0
SUMMERSIDE  2002   4  19  109      1.6     8.3    14.0  -999.9     3.1    16.8     7.6   330.0
SUMMERSIDE  2002   4  20  110     -0.9     8.9    17.0  -999.9     0.0    18.0     5.4   330.0
SUMMERSIDE  2002   4  21  111     -1.2     3.8    12.2  -999.9     0.0    20.8     3.6   330.0
SUMMERSIDE  2002   4  22  112     -1.1     5.4    14.1  -999.9     0.0    15.8     4.7   330.0
SUMMERSIDE  2002   4  23  113     -0.6     2.1     9.1  -999.9     1.4    20.5     5.7   330.0
SUMMERSIDE  2002   4  24  114     -2.9     3.1    13.7  -999.9     0.6    19.8     4.8   330.0
SUMMERSIDE  2002   4  25  115     -3.1     3.6    14.6  -999.9     0.0     9.0     4.9   330.0
SUMMERSIDE  2002   4  26  116     -0.4     2.8    10.1  -999.9     6.5    20.2     5.9   330.0
SUMMERSIDE  2002   4  27  117      0.0     7.4    15.5  -999.9     0.0    23.1     5.9   330.0
SUMMERSIDE  2002   4  28  118     -0.3     8.6    17.1  -999.9     1.5    19.3     4.0   330.0
SUMMERSIDE  2002   4  29  119     -0.2     1.2     6.8  -999.9    12.6    34.5     5.6   330.0
SUMMERSIDE  2002   4  30  120     -0.4     3.7    11.7  -999.9     0.6    20.6     5.8   330.0
SUMMERSIDE  2002   5   1  121      2.0    10.9    17.4  -999.9     0.0    18.6     7.3   330.0
SUMMERSIDE  2002   5   2  122      2.7    13.8    19.6  -999.9     3.3    16.7     8.3   330.0
SUMMERSIDE  2002   5   3  123      2.3     9.5    15.8  -999.9     5.3    13.0     8.2   330.0
SUMMERSIDE  2002   5   4  124     -0.2    12.5    21.1  -999.9     1.3    27.3     6.1   330.0
SUMMERSIDE  2002   5   5  125     -1.9    10.9    21.3  -999.9     0.0    14.6     4.0   330.0
SUMMERSIDE  2002   5   6  126      4.8    18.4    22.1  -999.9     0.8    28.8     8.2   330.0
SUMMERSIDE  2002   5   7  127      9.2    18.9    18.8  -999.9     0.6    24.5     9.6   330.0
SUMMERSIDE  2002   5   8  128      4.2    13.9    18.9  -999.9     0.9    24.0     6.6   330.0
SUMMERSIDE  2002   5   9  129      2.2    11.9    18.9  -999.9     0.0    13.5     5.6   330.0
SUMMERSIDE  2002   5  10  130      7.6    18.2    19.9  -999.9     9.6    23.0    12.2   330.0
SUMMERSIDE  2002   5  11  131      2.5    11.0    17.9  -999.9     0.7    25.0     6.0   330.0
SUMMERSIDE  2002   5  12  132      1.4    11.1    19.2  -999.9     0.0    14.5     5.2   330.0
SUMMERSIDE  2002   5  13  133      0.0     9.9    19.5  -999.9     0.0    10.0     4.8   330.0
SUMMERSIDE  2002   5  14  134      0.7     6.8    15.4  -999.9     7.3    23.5     6.1   330.0
SUMMERSIDE  2002   5  15  135      4.4    11.4    16.5  -999.9     3.3    16.6     9.2   330.0
SUMMERSIDE  2002   5  16  136      3.9    15.5    21.3  -999.9     0.6    20.8     8.3   330.0
SUMMERSIDE  2002   5  17  137      4.6    14.6    19.9  -999.9     7.1    16.7    10.5   330.0
SUMMERSIDE  2002   5  18  138      4.1    10.1    15.5  -999.9     3.8    10.2     8.0   330.0
SUMMERSIDE  2002   5  19  139      4.2    12.5    18.3  -999.9     3.2    15.4     9.2   330.0
SUMMERSIDE  2002   5  20  140      4.1    15.7    21.7  -999.9     0.8    10.5     8.1   330.0
SUMMERSIDE  2002   5  21  141      4.2    13.7    19.7  -999.9     0.0     6.0     8.8   330.0
SUMMERSIDE  2002   5  22  142      4.8    19.2    24.3  -999.9     0.0    15.1     8.0   330.0
SUMMERSIDE  2002   5  23  143      7.9    19.8    22.2  -999.9     1.3    33.3     9.6   330.0
SUMMERSIDE  2002   5  24  144      7.5    21.3    23.9  -999.9     0.8    29.8     9.6   330.0
SUMMERSIDE  2002   5  25  145      3.6    13.0    19.8  -999.9     1.2    20.0     7.0   330.0
SUMMERSIDE  2002   5  26  146      3.4    17.1    24.0  -999.9     0.6    23.0     8.3   330.0
SUMMERSIDE  2002   5  27  147      9.5    22.2    23.2  -999.9     0.0    15.1    12.5   330.0
SUMMERSIDE  2002   5  28  148      9.5    21.1    22.2  -999.9     0.0     8.9    11.5   330.0
SUMMERSIDE  2002   5  29  149     11.5    25.9    24.8  -999.9     0.0    14.8    12.9   330.0
SUMMERSIDE  2002   5  30  150     13.7    21.0    17.7  -999.9    16.9    27.3    16.9   330.0
SUMMERSIDE  2002   5  31  151     13.3    23.5    20.9  -999.9     1.6    25.5    17.2   330.0
SUMMERSIDE  2002   6   1  152     13.0    21.2    18.8  -999.9     1.2    28.2    15.4   330.0
SUMMERSIDE  2002   6   2  153      6.6    17.1    21.3  -999.9     1.0    18.0    11.1   330.0
SUMMERSIDE  2002   6   3  154      6.9    13.4    16.8  -999.9     0.0    17.0     8.3   330.0
SUMMERSIDE  2002   6   4  155      5.2    16.2    21.9  -999.9     0.0    13.3     7.3   330.0
SUMMERSIDE  2002   6   5  156      9.1    14.1    14.8  -999.9     4.0    25.0    10.4   330.0
SUMMERSIDE  2002   6   6  157      9.2    14.0    14.5  -999.9     8.8    11.3    11.8   330.0
SUMMERSIDE  2002   6   7  158      2.9    12.6    20.7  -999.9     0.0    12.6     7.2   330.0
SUMMERSIDE  2002   6   8  159      1.8    16.6    25.6  -999.9     0.7     8.2     7.3   330.0
SUMMERSIDE  2002   6   9  160      9.2    12.3    11.7  -999.9     9.4    24.8     9.8   330.0
SUMMERSIDE  2002   6  10  161      5.3    13.0    18.5  -999.9     0.9    23.6     9.7   330.0
SUMMERSIDE  2002   6  11  162      5.3    15.9    21.7  -999.9     0.0     7.3    10.0   330.0
SUMMERSIDE  2002   6  12  163      9.1    19.0    21.0  -999.9     0.7     9.9    11.6   330.0
SUMMERSIDE  2002   6  13  164      6.8    19.7    24.0  -999.9     0.0    14.6    10.9   330.0
SUMMERSIDE  2002   6  14  165      5.7    16.9    22.4  -999.9     0.0    10.4     8.4   330.0
SUMMERSIDE  2002   6  15  166      6.1    12.9    17.5  -999.9     3.1    15.7     8.5   330.0
SUMMERSIDE  2002   6  16  167      7.4    10.9    12.5  -999.9     5.0    14.2    10.3   330.0
SUMMERSIDE  2002   6  17  168      8.3    13.7    15.6  -999.9     0.7     9.7    10.9   330.0
SUMMERSIDE  2002   6  18  169     10.2    18.2    19.0  -999.9     0.6     8.3    13.7   330.0
SUMMERSIDE  2002   6  19  170     10.6    17.8    18.0  -999.9     0.6     9.1    13.0   330.0
SUMMERSIDE  2002   6  20  171     11.2    26.2    26.0  -999.9     0.0    14.0    14.4   330.0
SUMMERSIDE  2002   6  21  172     12.9    23.8    22.1  -999.9     0.0    26.3    15.2   330.0
SUMMERSIDE  2002   6  22  173      9.1    20.5    22.6  -999.9     0.0    17.2     9.9   330.0
SUMMERSIDE  2002   6  23  174      9.7    23.0    24.4  -999.9     4.9    17.5    10.5   330.0
SUMMERSIDE  2002   6  24  175     11.6    17.0    15.6  -999.9     3.8    28.0    13.3   330.0
SUMMERSIDE  2002   6  25  176     11.6    23.6    23.2  -999.9     0.6    23.0    13.3   330.0
SUMMERSIDE  2002   6  26  177     12.8    26.8    25.0  -999.9     0.0    15.8    15.8   330.0
SUMMERSIDE  2002   6  27  178     16.3    21.6    15.4  -999.9     3.4    26.0    18.6   330.0
SUMMERSIDE  2002   6  28  179     14.0    22.1    19.0  -999.9     3.0     7.4    17.5   330.0
SUMMERSIDE  2002   6  29  180     14.0    18.3    13.8  -999.9     0.0    14.9    15.0   330.0
SUMMERSIDE  2002   6  30  181     13.1    24.7    22.7  -999.9     0.7    11.8    13.9   330.0
SUMMERSIDE  2002   7   1  182     15.3    22.8    18.2  -999.9     0.0    19.8    16.8   330.0
SUMMERSIDE  2002   7   2  183     14.8    25.0    21.2  -999.9     0.0    12.8    18.9   330.0
SUMMERSIDE  2002   7   3  184     17.4    30.3    23.9  -999.9     0.0    12.7    23.6   330.0
SUMMERSIDE  2002   7   4  185     18.2    29.8    22.6  -999.9    35.5    12.4    24.5   330.0
SUMMERSIDE  2002   7   5  186     15.9    23.9    18.7  -999.9     7.0    13.0    19.1   330.0
SUMMERSIDE  2002   7   6  187     15.3    21.5    16.5  -999.9     0.0     5.8    17.4   330.0
SUMMERSIDE  2002   7   7  188     15.1    21.0    16.0  -999.9     0.0     6.1    15.8   330.0
SUMMERSIDE  2002   7   8  189     14.8    23.5    19.4  -999.9     1.4    11.2    17.6   330.0
SUMMERSIDE  2002   7   9  190     17.2    23.5    16.5  -999.9     9.0    16.0    20.0   330.0
SUMMERSIDE  2002   7  10  191     11.9    21.8    20.6  -999.9     0.0     9.0    13.6   330.0
SUMMERSIDE  2002   7  11  192     11.0    18.6    18.0  -999.9     0.0    16.6    11.9   330.0
SUMMERSIDE  2002   7  12  193     11.3    22.7    22.0  -999.9     0.0    14.0    13.8   330.0
SUMMERSIDE  2002   7  13  194     15.2    24.0    19.3  -999.9     0.6    18.8    17.1   330.0
SUMMERSIDE  2002   7  14  195     15.6    23.0    17.7  -999.9     0.0    13.0    18.5   330.0
SUMMERSIDE  2002   7  15  196     17.0    26.5    20.0  -999.9     0.0    18.1    19.6   330.0
SUMMERSIDE  2002   7  16  197     14.3    21.4    17.2  -999.9     0.0    16.3    16.2   330.0
SUMMERSIDE  2002   7  17  198     14.0    22.4    18.7  -999.9     0.0    10.5    15.7   330.0
SUMMERSIDE  2002   7  18  199     15.1    22.9    17.9  -999.9     5.0    17.9    17.9   330.0
SUMMERSIDE  2002   7  19  200     14.2    19.6    14.9  -999.9     1.5    13.6    14.1   330.0
SUMMERSIDE  2002   7  20  201     10.8    18.1    17.3  -999.9    10.7    16.7    13.4   330.0
SUMMERSIDE  2002   7  21  202      9.5    24.3    24.5  -999.9     0.0    10.4    13.4   330.0
SUMMERSIDE  2002   7  22  203     16.1    24.4    18.3  -999.9     0.7    29.3    17.7   330.0
SUMMERSIDE  2002   7  23  204     15.9    27.1    21.2  -999.9     0.0    25.8    20.2   330.0
SUMMERSIDE  2002   7  24  205     11.6    18.3    16.3  -999.9     1.5    13.7    11.4   330.0
SUMMERSIDE  2002   7  25  206     10.0    20.1    19.9  -999.9     0.0     8.6    10.5   330.0
SUMMERSIDE  2002   7  26  207     10.5    21.8    21.0  -999.9     0.0     5.6    10.7   330.0
SUMMERSIDE  2002   7  27  208     12.6    19.5    16.3  -999.9     0.0     8.0    13.5   330.0
SUMMERSIDE  2002   7  28  209     14.5    23.0    18.1  -999.9     0.0     6.8    15.6   330.0
SUMMERSIDE  2002   7  29  210     16.5    23.3    16.1  -999.9     0.0    20.6    19.1   330.0
SUMMERSIDE  2002   7  30  211     18.7    23.1    12.9  -999.9     0.0    11.8    20.6   330.0
SUMMERSIDE  2002   7  31  212     16.7    26.2    18.9  -999.9     0.6    16.0    19.8   330.0
SUMMERSIDE  2002   8   1  213     12.0    19.9    17.1  -999.9     0.0    14.6    14.2   330.0
SUMMERSIDE  2002   8   2  214     11.6    21.7    19.3  -999.9     0.0     9.4    13.7   330.0
SUMMERSIDE  2002   8   3  215     16.6    22.9    15.1  -999.9     4.1    19.3    18.8   330.0
SUMMERSIDE  2002   8   4  216     18.3    27.1    17.8  -999.9     0.0    12.6    22.4   330.0
SUMMERSIDE  2002   8   5  217     17.9    25.4    16.4  -999.9     4.1    22.0    21.1   330.0
SUMMERSIDE  2002   8   6  218     15.7    21.1    13.8  -999.9    14.1    14.3    17.7   330.0
SUMMERSIDE  2002   8   7  219     14.2    19.2    13.2  -999.9    44.1    19.7    15.2   330.0
SUMMERSIDE  2002   8   8  220     11.5    22.2    19.2  -999.9     0.0     8.6    12.9   330.0
SUMMERSIDE  2002   8   9  221     11.8    19.7    16.4  -999.9     0.0     6.5    12.9   330.0
SUMMERSIDE  2002   8  10  222     15.2    27.2    20.1  -999.9     0.7    13.6    17.6   330.0
SUMMERSIDE  2002   8  11  223     18.2    27.1    17.2  -999.9     0.0    18.8    20.3   330.0
SUMMERSIDE  2002   8  12  224     17.6    27.5    18.1  -999.9     0.0    18.7    20.5   330.0
SUMMERSIDE  2002   8  13  225     18.2    29.7    19.4  -999.9     0.0    13.1    22.7   330.0
SUMMERSIDE  2002   8  14  226     19.1    31.9    20.3  -999.9     0.0     9.5    24.4   330.0
SUMMERSIDE  2002   8  15  227     20.0    30.1    17.9  -999.9     0.0    16.3    24.1   330.0
SUMMERSIDE  2002   8  16  228     19.4    27.2    15.7  -999.9     0.0    21.9    23.3   330.0
SUMMERSIDE  2002   8  17  229     20.5    31.0    18.0  -999.9     0.0    13.3    23.6   330.0
SUMMERSIDE  2002   8  18  230     18.5    29.8    18.6  -999.9     0.0     9.8    21.1   330.0
SUMMERSIDE  2002   8  19  231     20.1    25.3    12.5  -999.9     2.4    13.5    22.7   330.0
SUMMERSIDE  2002   8  20  232     14.9    22.3    14.8  -999.9     0.0     4.9    17.2   330.0
SUMMERSIDE  2002   8  21  233     13.9    23.4    16.7  -999.9     0.0     9.3    13.8   330.0
SUMMERSIDE  2002   8  22  234     15.7    24.7    16.1  -999.9     1.5    19.2    17.2   330.0
SUMMERSIDE  2002   8  23  235     12.6    19.9    14.4  -999.9     0.0    10.6    12.4   330.0
SUMMERSIDE  2002   8  24  236     13.5    22.7    16.1  -999.9     0.0    12.3    14.6   330.0
SUMMERSIDE  2002   8  25  237     15.6    20.7    11.9  -999.9     0.0     8.5    16.1   330.0
SUMMERSIDE  2002   8  26  238     14.8    25.1    16.8  -999.9     0.6    18.3    16.1   330.0
SUMMERSIDE  2002   8  27  239     13.7    22.3    15.2  -999.9     0.0    10.8    13.4   330.0
SUMMERSIDE  2002   8  28  240     13.0    18.4    11.9  -999.9     0.0    12.6    13.6   330.0
SUMMERSIDE  2002   8  29  241     11.9    21.9    16.1  -999.9     0.0    10.2    14.4   330.0
SUMMERSIDE  2002   8  30  242     13.3    20.6    13.7  -999.9     0.0    19.0    15.0   330.0
SUMMERSIDE  2002   8  31  243     11.6    16.2    10.8  -999.9     0.0    17.0     7.9   330.0
SUMMERSIDE  2002   9   1  244     11.3    22.4    16.6  -999.9     0.0    18.7    11.6   330.0
SUMMERSIDE  2002   9   2  245     12.7    20.8    14.0  -999.9     0.0    19.3    14.1   330.0
SUMMERSIDE  2002   9   3  246     14.4    24.6    15.6  -999.9     0.0    13.5    17.3   330.0
SUMMERSIDE  2002   9   4  247     18.1    25.5    13.2  -999.9     0.0    20.6    19.2   330.0
SUMMERSIDE  2002   9   5  248     11.6    21.2    14.9  -999.9     6.1    17.3    14.2   330.0
SUMMERSIDE  2002   9   6  249     10.9    19.6    14.0  -999.9     0.6    15.2    11.8   330.0
SUMMERSIDE  2002   9   7  250     14.2    19.3    10.6  -999.9     1.1     8.5    13.5   330.0
SUMMERSIDE  2002   9   8  251     15.0    24.4    14.3  -999.9     0.8    17.6    17.4   330.0
SUMMERSIDE  2002   9   9  252     14.1    18.1     9.3  -999.9     5.6    11.2    15.6   330.0
SUMMERSIDE  2002   9  10  253     17.0    29.7    16.3  -999.9    18.3    14.8    21.7   330.0
SUMMERSIDE  2002   9  11  254     10.6    17.5    11.9  -999.9    27.5    21.2    13.7   330.0
SUMMERSIDE  2002   9  12  255      8.3    14.3    11.0  -999.9    14.3    31.2    10.3   330.0
SUMMERSIDE  2002   9  13  256      9.0    17.6    13.0  -999.9     2.3    21.3    11.3   330.0
SUMMERSIDE  2002   9  14  257      7.4    17.5    14.0  -999.9     0.0    12.7     8.8   330.0
SUMMERSIDE  2002   9  15  258     13.2    21.2    12.3  -999.9     8.7    23.5    15.7   330.0
SUMMERSIDE  2002   9  16  259      9.2    13.3     8.7  -999.9    19.7    20.0    11.5   330.0
SUMMERSIDE  2002   9  17  260      9.7    17.7    12.1  -999.9     0.6     6.8    13.0   330.0
SUMMERSIDE  2002   9  18  261      8.7    16.1    11.5  -999.9     0.0    10.5    10.1   330.0
SUMMERSIDE  2002   9  19  262     10.4    20.6    13.3  -999.9     0.0    11.5    12.8   330.0
SUMMERSIDE  2002   9  20  263     14.6    20.6    10.1  -999.9     0.7    27.2    16.8   330.0
SUMMERSIDE  2002   9  21  264     16.1    22.7    10.5  -999.9     0.0    17.2    18.9   330.0
SUMMERSIDE  2002   9  22  265     16.8    23.3    10.3  -999.9     0.6    21.4    19.2   330.0
SUMMERSIDE  2002   9  23  266     15.5    26.4    13.2  -999.9     7.6    19.2    19.6   330.0
SUMMERSIDE  2002   9  24  267     12.0    15.8     7.7  -999.9    10.9    17.3    13.6   330.0
SUMMERSIDE  2002   9  25  268      9.0    17.7    11.5  -999.9     0.0     7.4    10.9   330.0
SUMMERSIDE  2002   9  26  269      9.1    19.6    12.5  -999.9     0.0     6.8    12.0   330.0
SUMMERSIDE  2002   9  27  270     12.4    18.7     9.6  -999.9     2.8    12.7    14.1   330.0
SUMMERSIDE  2002   9  28  271      6.9    16.9    11.9  -999.9    29.2    16.4    11.1   330.0
SUMMERSIDE  2002   9  29  272      3.9    12.6    11.0  -999.9     0.0    16.2     6.6   330.0
SUMMERSIDE  2002   9  30  273      3.4    14.1    12.0  -999.9     0.0    13.1     7.4   330.0
SUMMERSIDE  2002  10   1  274     13.9    20.7     9.5  -999.9    13.9    21.5    16.2   330.0
SUMMERSIDE  2002  10   2  275     14.6    25.7    11.9  -999.9     6.4    14.1    18.7   330.0
SUMMERSIDE  2002  10   3  276      4.8    14.6    11.1  -999.9     3.8    19.1     8.0   330.0
SUMMERSIDE  2002  10   4  277      3.4    12.0    10.3  -999.9     0.0    11.2     6.6   330.0
SUMMERSIDE  2002  10   5  278     11.4    20.3    10.3  -999.9     1.3    31.4    14.4   330.0
SUMMERSIDE  2002  10   6  279      7.5    12.7     7.8  -999.9     0.0    14.9     6.3   330.0
SUMMERSIDE  2002  10   7  280      6.2    15.9    10.5  -999.9     2.1    19.2     9.1   330.0
SUMMERSIDE  2002  10   8  281      2.2    12.0    10.4  -999.9     0.0    18.6     6.3   330.0
SUMMERSIDE  2002  10   9  282      1.4     8.6     8.8  -999.9     0.0     9.8     5.6   330.0
SUMMERSIDE  2002  10  10  283      3.4    10.0     8.3  -999.9     0.0     4.8     6.6   330.0
SUMMERSIDE  2002  10  11  284      7.3    13.6     8.0  -999.9     0.0     6.7    10.2   330.0
SUMMERSIDE  2002  10  12  285      7.3    14.8     8.6  -999.9     0.0     7.6    10.9   330.0
SUMMERSIDE  2002  10  13  286      5.9    15.3     9.5  -999.9     0.0    10.9    10.0   330.0
SUMMERSIDE  2002  10  14  287      2.9    13.4     9.9  -999.9     6.2    20.6     7.8   330.0
SUMMERSIDE  2002  10  15  288      1.5     9.4     8.5  -999.9     0.0    14.3     5.2   330.0
SUMMERSIDE  2002  10  16  289      2.0    10.9     8.9  -999.9     0.6    10.0     6.5   330.0
SUMMERSIDE  2002  10  17  290      7.6    14.6     7.8  -999.9    13.8    20.0    11.2   330.0
SUMMERSIDE  2002  10  18  291      4.9    13.0     8.3  -999.9     0.0    11.2     9.3   330.0
SUMMERSIDE  2002  10  19  292      2.6    11.0     8.3  -999.9     5.0    20.0     7.3   330.0
SUMMERSIDE  2002  10  20  293      2.3    11.0     8.3  -999.9     0.0    18.9     7.9   330.0
SUMMERSIDE  2002  10  21  294      1.7     5.8     5.6  -999.9     0.0    19.2     4.8   330.0
SUMMERSIDE  2002  10  22  295      1.8     8.1     6.9  -999.9     0.0    19.3     5.5   330.0
SUMMERSIDE  2002  10  23  296      3.2     8.2     6.0  -999.9     1.0    16.7     7.2   330.0
SUMMERSIDE  2002  10  24  297      2.2     6.7     5.7  -999.9     1.3    15.9     6.3   330.0
SUMMERSIDE  2002  10  25  298     -0.2     5.9     6.5  -999.9     0.0     8.1     2.7   330.0
SUMMERSIDE  2002  10  26  299      0.3     7.0     6.7  -999.9     0.0     7.8     6.1   330.0
SUMMERSIDE  2002  10  27  300      3.1     7.9     5.6  -999.9    14.7    17.4     7.7   330.0
SUMMERSIDE  2002  10  28  301      2.3     8.0     6.0  -999.9     6.8    24.5     6.2   330.0
SUMMERSIDE  2002  10  29  302      1.7     4.4     4.1  -999.9     0.7    33.6     4.9   330.0
SUMMERSIDE  2002  10  30  303      1.5     4.3     4.1  -999.9     0.0    19.4     5.2   330.0
SUMMERSIDE  2002  10  31  304     -2.5     4.6     6.4  -999.9     0.0    13.9     4.1   330.0
SUMMERSIDE  2002  11   1  305     -2.9     3.1     5.8  -999.9     0.0     8.8     4.3   330.0
SUMMERSIDE  2002  11   2  306     -3.8     3.8     6.5  -999.9     7.2    23.5     4.8   330.0
SUMMERSIDE  2002  11   3  307     -3.4    -0.9     3.7  -999.9     0.0    29.6     3.6   330.0
SUMMERSIDE  2002  11   4  308     -5.3     1.7     6.0  -999.9     0.0    10.7     3.7   330.0
SUMMERSIDE  2002  11   5  309     -1.6     3.2     4.9  -999.9     0.0     7.4     4.4   330.0
SUMMERSIDE  2002  11   6  310     -0.3     2.6     3.8  -999.9     0.0    13.4     4.6   330.0
SUMMERSIDE  2002  11   7  311     -5.7     3.5     6.7  -999.9     0.0    20.9     4.2   330.0
SUMMERSIDE  2002  11   8  312     -6.9     4.8     7.4  -999.9     0.0    23.9     2.8   330.0
SUMMERSIDE  2002  11   9  313      4.0     6.5     3.4  -999.9     0.0    10.8     3.3   330.0
SUMMERSIDE  2002  11  10  314      5.7    14.4     6.2  -999.9     0.7    17.8    10.4   330.0
SUMMERSIDE  2002  11  11  315     11.7    18.0     5.2  -999.9     0.0    28.8    15.1   330.0
SUMMERSIDE  2002  11  12  316      5.3    11.8     5.2  -999.9     0.0    13.5     9.1   330.0
SUMMERSIDE  2002  11  13  317      4.1     6.0     2.8  -999.9    38.6    21.7     7.8   330.0
SUMMERSIDE  2002  11  14  318      3.0     4.8     2.7  -999.9    16.9    23.9     7.1   330.0
SUMMERSIDE  2002  11  15  319      1.0     9.2     5.7  -999.9     0.0    16.4     7.8   330.0
SUMMERSIDE  2002  11  16  320     -3.7     2.9     5.0  -999.9     0.0    16.3     4.3   330.0
SUMMERSIDE  2002  11  17  321     -2.9     2.9     4.6  -999.9    41.0    24.5     5.3   330.0
SUMMERSIDE  2002  11  18  322     -1.0    11.8     6.8  -999.9    23.8    40.9     6.8   330.0
SUMMERSIDE  2002  11  19  323     -1.6     0.4     2.7  -999.9     0.0    17.6     4.8   330.0
SUMMERSIDE  2002  11  20  324      0.3     5.3     4.2  -999.9     0.0    12.8     6.4   330.0
SUMMERSIDE  2002  11  21  325      1.0     4.1     3.2  -999.9     0.0     6.5     7.0   330.0
SUMMERSIDE  2002  11  22  326      3.8     7.7     3.6  -999.9    15.2     9.2     7.9   330.0
SUMMERSIDE  2002  11  23  327      2.2    11.9     5.6  -999.9    12.5    17.4     8.8   330.0
SUMMERSIDE  2002  11  24  328      0.2     2.2     2.5  -999.9     0.0    46.1     4.7   330.0
SUMMERSIDE  2002  11  25  329     -0.9     4.5     4.1  -999.9     0.0    22.8     5.6   330.0
SUMMERSIDE  2002  11  26  330     -3.2     1.9     3.9  -999.9     0.0    16.2     4.9   330.0
SUMMERSIDE  2002  11  27  331     -5.4    -2.1     3.1  -999.9     0.0     9.7     4.0   330.0
SUMMERSIDE  2002  11  28  332     -7.1    -4.2     2.9  -999.9     0.0    19.2     3.3   330.0
SUMMERSIDE  2002  11  29  333     -7.2    -1.7     4.0  -999.9     0.0    16.2     3.4   330.0
SUMMERSIDE  2002  11  30  334     -2.5     3.4     4.1  -999.9     1.2    15.3     6.2   330.0
SUMMERSIDE  2002  12   1  335     -3.4     3.6     4.4  -999.9     4.8    13.7     6.4   330.0
SUMMERSIDE  2002  12   2  336     -6.5    -3.3     3.0  -999.9     0.0    30.7     3.6   330.0
SUMMERSIDE  2002  12   3  337     -7.5    -3.6     3.2  -999.9     0.0    15.5     3.5   330.0
SUMMERSIDE  2002  12   4  338    -11.0    -7.2     3.2  -999.9     0.0    26.4     3.0   330.0
SUMMERSIDE  2002  12   5  339    -12.4    -5.8     4.1  -999.9    13.6    14.4     2.8   330.0
SUMMERSIDE  2002  12   6  340    -10.8    -2.8     4.5  -999.9     0.0     6.6     3.2   330.0
SUMMERSIDE  2002  12   7  341     -9.9     2.5     5.6  -999.9     1.8    21.9     4.7   330.0
SUMMERSIDE  2002  12   8  342    -11.3     3.6     6.1  -999.9     0.0    16.5     6.1   330.0
SUMMERSIDE  2002  12   9  343    -18.0    -7.3     5.2  -999.9     0.0    31.8     2.0   330.0
SUMMERSIDE  2002  12  10  344     -7.3    -1.9     3.6  -999.9     0.7    24.1     3.7   330.0
SUMMERSIDE  2002  12  11  345     -5.7    -0.8     3.5  -999.9     0.0    11.0     3.7   330.0
SUMMERSIDE  2002  12  12  346     -6.3    -0.9     3.6  -999.9     0.0     7.3     4.2   330.0
SUMMERSIDE  2002  12  13  347     -4.9     1.4     3.9  -999.9     0.0     6.5     4.9   330.0
SUMMERSIDE  2002  12  14  348     -2.7     4.8     4.2  -999.9    36.2    14.4     6.4   330.0
SUMMERSIDE  2002  12  15  349     -2.1     5.0     4.1  -999.9     0.8    19.9     6.7   330.0
SUMMERSIDE  2002  12  16  350     -3.5    -0.9     2.5  -999.9     0.0    22.9     4.7   330.0
SUMMERSIDE  2002  12  17  351     -5.9    -2.4     2.9  -999.9     0.6    29.5     3.7   330.0
SUMMERSIDE  2002  12  18  352     -5.0    -0.2     3.4  -999.9     0.0    26.7     3.2   330.0
SUMMERSIDE  2002  12  19  353     -3.6     3.4     4.1  -999.9     0.0    24.1     3.1   330.0
SUMMERSIDE  2002  12  20  354     -2.6     4.6     4.1  -999.9     3.9     9.3     5.5   330.0
SUMMERSIDE  2002  12  21  355     -0.3     9.8     4.9  -999.9     8.6    31.5     7.9   330.0
SUMMERSIDE  2002  12  22  356     -0.3     5.0     3.5  -999.9     0.0    18.2     5.8   330.0
SUMMERSIDE  2002  12  23  357     -3.3     3.2     3.9  -999.9     0.0    14.3     5.1   330.0
SUMMERSIDE  2002  12  24  358     -6.4    -0.8     3.6  -999.9     0.0    15.3     3.5   330.0
SUMMERSIDE  2002  12  25  359     -7.7    -1.0     4.0  -999.9     0.0     9.9     3.5   330.0
SUMMERSIDE  2002  12  26  360     -4.7    -0.5     3.2  -999.9     8.9    37.9     4.9   330.0
SUMMERSIDE  2002  12  27  361     -8.1    -4.2     3.1  -999.9     0.0    28.8     2.8   330.0
SUMMERSIDE  2002  12  28  362    -10.6    -2.4     4.4  -999.9     0.0    12.9     2.9   330.0
SUMMERSIDE  2002  12  29  363     -6.4    -0.4     3.8  -999.9     0.0    13.9     4.0   330.0
SUMMERSIDE  2002  12  30  364    -11.1    -6.4     3.4  -999.9     0.0    22.0     2.5   330.0
SUMMERSIDE  2002  12  31  365    -12.7    -0.8     5.4  -999.9     1.0    12.5     3.3   330.0
