SUMMERSIDE  2001   1   1    1     -6.0     0.6     4.1  -999.9     2.1    14.0     4.5   330.0
SUMMERSIDE  2001   1   2    2    -10.6    -1.3     4.8  -999.9     0.1     5.5     3.5   330.0
SUMMERSIDE  2001   1   3    3    -13.1    -5.6     4.4  -999.9     0.5     8.5     2.6   330.0
SUMMERSIDE  2001   1   4    4    -11.3    -1.5     5.0  -999.9     2.1    10.9     3.4   330.0
SUMMERSIDE  2001   1   5    5    -16.2    -4.7     5.5  -999.9     0.4     6.2     2.4   330.0
SUMMERSIDE  2001   1   6    6    -16.2    -1.7     6.2  -999.9    17.7     9.9     2.8   330.0
SUMMERSIDE  2001   1   7    7     -3.0    -1.0     2.3  -999.9     3.2    32.1     4.8   330.0
SUMMERSIDE  2001   1   8    8     -9.2    -2.9     4.2  -999.9     0.0     8.8     3.5   330.0
SUMMERSIDE  2001   1   9    9     -9.8    -2.4     4.5  -999.9     9.6     2.3     3.5   330.0
SUMMERSIDE  2001   1  10   10    -11.8    -3.5     4.9  -999.9     0.7    11.2     3.1   330.0
SUMMERSIDE  2001   1  11   11    -14.8    -7.2     4.7  -999.9     0.0     8.5     2.3   330.0
SUMMERSIDE  2001   1  12   12    -15.5    -5.5     5.4  -999.9     0.7    15.6     2.4   330.0
SUMMERSIDE  2001   1  13   13    -16.2    -5.6     5.6  -999.9     0.0    10.7     2.2   330.0
SUMMERSIDE  2001   1  14   14    -15.3    -1.6     6.5  -999.9     0.0    17.0     2.7   330.0
SUMMERSIDE  2001   1  15   15    -16.4    -7.3     5.3  -999.9     0.0     5.8     2.1   330.0
SUMMERSIDE  2001   1  16   16     -8.7    -1.7     4.7  -999.9    15.7     7.2     3.8   330.0
SUMMERSIDE  2001   1  17   17    -10.0    -4.8     4.1  -999.9     0.8     6.5     3.2   330.0
SUMMERSIDE  2001   1  18   18    -14.7    -7.4     4.9  -999.9     0.0     9.4     2.3   330.0
SUMMERSIDE  2001   1  19   19    -12.6    -1.4     6.2  -999.9     9.2    14.5     3.3   330.0
SUMMERSIDE  2001   1  20   20    -14.4    -1.4     6.7  -999.9     0.0    10.4     2.8   330.0
SUMMERSIDE  2001   1  21   21    -15.8    -5.9     5.9  -999.9     0.0    12.0     2.4   330.0
SUMMERSIDE  2001   1  22   22    -16.5    -8.8     5.3  -999.9     0.0    13.4     1.9   330.0
SUMMERSIDE  2001   1  23   23    -16.5    -1.2     7.6  -999.9     0.0    15.4     2.7   330.0
SUMMERSIDE  2001   1  24   24     -9.2    -0.2     5.9  -999.9     0.0     4.5     3.8   330.0
SUMMERSIDE  2001   1  25   25    -13.7    -3.5     6.3  -999.9     0.0     3.8     2.6   330.0
SUMMERSIDE  2001   1  26   26    -13.9    -3.3     6.6  -999.9     0.0     5.9     2.6   330.0
SUMMERSIDE  2001   1  27   27    -14.7    -3.9     6.7  -999.9     0.0     1.6     2.7   330.0
SUMMERSIDE  2001   1  28   28     -7.7    -2.7     4.6  -999.9     1.5    11.1     3.8   330.0
SUMMERSIDE  2001   1  29   29    -14.6    -5.3     6.4  -999.9     0.0     8.4     2.5   330.0
SUMMERSIDE  2001   1  30   30     -8.9    -1.0     6.0  -999.9     5.1    11.4     3.4   330.0
SUMMERSIDE  2001   1  31   31    -11.7    -3.2     6.3  -999.9     1.2    20.2     3.1   330.0
SUMMERSIDE  2001   2   1   32    -13.8    -3.9     6.9  -999.9     1.7     2.9     2.8   330.0
SUMMERSIDE  2001   2   2   33    -11.1    -4.5     5.7  -999.9     0.6     4.8     3.1   330.0
SUMMERSIDE  2001   2   3   34    -12.1    -3.9     6.4  -999.9     0.0    13.7     3.0   330.0
SUMMERSIDE  2001   2   4   35    -13.2    -3.9     6.9  -999.9     0.0     5.1     2.7   330.0
SUMMERSIDE  2001   2   5   36     -9.6    -1.6     6.5  -999.9    35.2     6.0     3.6   330.0
SUMMERSIDE  2001   2   6   37     -5.5     0.7     5.8  -999.9    13.2    25.7     4.6   330.0
SUMMERSIDE  2001   2   7   38     -6.8    -3.4     4.4  -999.9    20.4    15.8     3.7   330.0
SUMMERSIDE  2001   2   8   39     -9.9    -2.1     6.7  -999.9     0.0    16.3     3.2   330.0
SUMMERSIDE  2001   2   9   40    -13.0    -2.5     7.9  -999.9     4.6     6.4     3.0   330.0
SUMMERSIDE  2001   2  10   41    -11.1     5.3    10.0  -999.9     7.8    29.8     3.9   330.0
SUMMERSIDE  2001   2  11   42    -16.1   -10.3     6.0  -999.9     0.0    32.1     1.4   330.0
SUMMERSIDE  2001   2  12   43    -14.0    -8.0     6.2  -999.9     4.1    14.8     1.8   330.0
SUMMERSIDE  2001   2  13   44    -13.2    -3.4     8.1  -999.9     0.0     6.2     2.6   330.0
SUMMERSIDE  2001   2  14   45    -14.0    -2.7     8.8  -999.9     2.7    11.0     2.9   330.0
SUMMERSIDE  2001   2  15   46     -8.9    -0.4     7.7  -999.9     3.5    22.8     3.8   330.0
SUMMERSIDE  2001   2  16   47    -13.4    -3.9     8.3  -999.9    18.6     9.4     2.6   330.0
SUMMERSIDE  2001   2  17   48    -11.7     0.7     9.6  -999.9     0.8    16.1     3.6   330.0
SUMMERSIDE  2001   2  18   49    -16.5   -10.4     6.8  -999.9     0.0    18.9     1.6   330.0
SUMMERSIDE  2001   2  19   50    -14.9    -1.2    10.4  -999.9     0.4    15.6     2.7   330.0
SUMMERSIDE  2001   2  20   51     -1.5     2.9     6.0  -999.9     0.0    16.4     5.7   330.0
SUMMERSIDE  2001   2  21   52    -16.4     2.7    12.6  -999.9     1.4    17.2     3.1   330.0
SUMMERSIDE  2001   2  22   53    -21.4   -14.6     7.6  -999.9     1.3    24.8     0.8   330.0
SUMMERSIDE  2001   2  23   54    -20.6   -10.0     9.7  -999.9     0.0     7.0     1.2   330.0
SUMMERSIDE  2001   2  24   55    -13.5    -6.5     8.0  -999.9     0.0    20.0     2.1   330.0
SUMMERSIDE  2001   2  25   56    -16.2    -5.5    10.0  -999.9     0.7     8.7     1.9   330.0
SUMMERSIDE  2001   2  26   57     -6.3    -0.4     7.5  -999.9     2.2    10.8     4.1   330.0
SUMMERSIDE  2001   2  27   58    -10.9    -1.2     9.8  -999.9    25.8     7.9     3.4   330.0
SUMMERSIDE  2001   2  28   59    -17.1    -9.9     8.5  -999.9     0.0    14.5     1.7   330.0
SUMMERSIDE  2001   3   1   60    -19.1   -10.0     9.7  -999.9     0.0     9.0     1.4   330.0
SUMMERSIDE  2001   3   2   61    -19.2    -7.8    11.0  -999.9     0.0     4.5     1.7   330.0
SUMMERSIDE  2001   3   3   62    -12.8    -4.8     9.4  -999.9     0.0     5.9     2.7   330.0
SUMMERSIDE  2001   3   4   63    -12.9    -3.0    10.6  -999.9     0.3    10.0     2.9   330.0
SUMMERSIDE  2001   3   5   64     -3.5     0.7     7.0  -999.9     4.9    10.4     5.0   330.0
SUMMERSIDE  2001   3   6   65     -3.5    -2.2     3.9  -999.9     0.0    30.5     4.4   330.0
SUMMERSIDE  2001   3   7   66     -7.4    -0.8     9.0  -999.9     0.0    29.0     4.0   330.0
SUMMERSIDE  2001   3   8   67    -10.0    -0.5    10.9  -999.9     3.0     7.5     3.6   330.0
SUMMERSIDE  2001   3   9   68    -12.6     1.3    13.4  -999.9     2.2     6.2     3.4   330.0
SUMMERSIDE  2001   3  10   69     -2.9     0.8     7.0  -999.9     1.4    17.2     5.0   330.0
SUMMERSIDE  2001   3  11   70     -3.4     2.7     9.1  -999.9    13.8    21.0     5.2   330.0
SUMMERSIDE  2001   3  12   71     -8.5     0.1    10.9  -999.9     1.3    15.3     3.9   330.0
SUMMERSIDE  2001   3  13   72    -11.0     1.8    13.5  -999.9     0.0     9.6     3.7   330.0
SUMMERSIDE  2001   3  14   73      0.1     3.6     7.1  -999.9     0.0    19.9     6.1   330.0
SUMMERSIDE  2001   3  15   74     -2.5     2.3     8.5  -999.9     0.0    20.5     4.9   330.0
SUMMERSIDE  2001   3  16   75     -3.6     2.1     9.3  -999.9     0.0    20.6     4.5   330.0
SUMMERSIDE  2001   3  17   76     -5.4     4.8    12.6  -999.9     0.0     6.6     4.8   330.0
SUMMERSIDE  2001   3  18   77     -1.7     2.2     7.9  -999.9     0.0    10.9     5.4   330.0
SUMMERSIDE  2001   3  19   78     -0.8     1.4     6.0  -999.9     0.0    21.3     5.4   330.0
SUMMERSIDE  2001   3  20   79     -4.8     2.3    10.9  -999.9     0.0     6.2     4.7   330.0
SUMMERSIDE  2001   3  21   80     -8.4     5.8    15.6  -999.9     0.0     3.7     4.6   330.0
SUMMERSIDE  2001   3  22   81     -5.8     4.3    13.3  -999.9     0.0     8.3     4.6   330.0
SUMMERSIDE  2001   3  23   82     -2.0     2.5     9.0  -999.9     0.9    25.9     5.5   330.0
SUMMERSIDE  2001   3  24   83     -1.0     1.8     7.1  -999.9     0.7    16.6     5.5   330.0
SUMMERSIDE  2001   3  25   84     -4.2     0.8     9.7  -999.9     0.0    22.7     4.2   330.0
SUMMERSIDE  2001   3  26   85     -6.6     1.6    12.5  -999.9     0.0    15.2     3.7   330.0
SUMMERSIDE  2001   3  27   86     -7.3     2.7    13.9  -999.9     0.0     5.4     3.6   330.0
SUMMERSIDE  2001   3  28   87     -7.5     0.8    12.8  -999.9     0.0    11.1     3.6   330.0
SUMMERSIDE  2001   3  29   88     -7.9     5.6    16.5  -999.9     0.0     6.5     4.4   330.0
SUMMERSIDE  2001   3  30   89     -3.6     5.4    13.6  -999.9     0.0     7.2     5.3   330.0
SUMMERSIDE  2001   3  31   90     -2.0    -0.2     6.2  -999.9    12.1    27.4     5.0   330.0
SUMMERSIDE  2001   4   1   91     -2.3    -0.9     5.5  -999.9     2.1    21.4     4.9   330.0
SUMMERSIDE  2001   4   2   92     -1.4     0.5     6.5  -999.9     3.0    23.8     5.2   330.0
SUMMERSIDE  2001   4   3   93     -3.5    -0.1     8.7  -999.9     0.6    29.1     4.6   330.0
SUMMERSIDE  2001   4   4   94     -6.0     3.0    14.3  -999.9     0.0     8.2     4.5   330.0
SUMMERSIDE  2001   4   5   95     -2.5     6.7    14.6  -999.9     0.6    11.3     5.5   330.0
SUMMERSIDE  2001   4   6   96     -7.3     1.2    14.2  -999.9     0.0     9.0     3.5   330.0
SUMMERSIDE  2001   4   7   97     -8.3     1.6    15.4  -999.9     0.0    10.2     4.1   330.0
SUMMERSIDE  2001   4   8   98     -5.9     4.1    15.6  -999.9     0.0     4.8     4.4   330.0
SUMMERSIDE  2001   4   9   99     -0.3     1.6     6.9  -999.9     5.9     9.7     5.5   330.0
SUMMERSIDE  2001   4  10  100     -2.5     1.3     9.8  -999.9     3.2     8.8     5.2   330.0
SUMMERSIDE  2001   4  11  101     -4.6     2.7    13.7  -999.9     0.6     9.0     4.5   330.0
SUMMERSIDE  2001   4  12  102     -5.6     2.8    14.8  -999.9     0.0     6.6     4.3   330.0
SUMMERSIDE  2001   4  13  103     -0.2     2.7     8.8  -999.9     5.0    14.2     5.7   330.0
SUMMERSIDE  2001   4  14  104     -0.3     1.7     7.4  -999.9    10.7    16.7     5.4   330.0
SUMMERSIDE  2001   4  15  105     -0.2     0.8     5.2  -999.9     6.6    24.6     5.2   330.0
SUMMERSIDE  2001   4  16  106      0.6     5.7    11.9  -999.9     0.0     6.7     6.4   330.0
SUMMERSIDE  2001   4  17  107     -1.4     6.3    14.8  -999.9     0.0     5.8     5.7   330.0
SUMMERSIDE  2001   4  18  108     -2.1     2.2    11.1  -999.9    11.8    13.1     5.1   330.0
SUMMERSIDE  2001   4  19  109     -1.3     4.2    12.7  -999.9     0.0    19.1     5.5   330.0
SUMMERSIDE  2001   4  20  110     -2.8     8.4    18.2  -999.9     0.0    14.3     5.3   330.0
SUMMERSIDE  2001   4  21  111      1.0    14.5    20.1  -999.9     0.0    12.1     6.9   330.0
SUMMERSIDE  2001   4  22  112      3.4     8.0    11.8  -999.9     3.2    18.0     7.8   330.0
SUMMERSIDE  2001   4  23  113      1.2     6.6    12.9  -999.9     0.0    15.1     6.3   330.0
SUMMERSIDE  2001   4  24  114      1.9    17.0    21.7  -999.9     2.6    19.9     9.1   330.0
SUMMERSIDE  2001   4  25  115      1.1    10.6    17.3  -999.9     2.2    11.6     6.2   330.0
SUMMERSIDE  2001   4  26  116      1.1    10.9    17.7  -999.9     0.0     4.0     5.1   330.0
SUMMERSIDE  2001   4  27  117      1.0     6.9    13.8  -999.9    33.8    11.8     6.4   330.0
SUMMERSIDE  2001   4  28  118     -0.3     7.5    16.0  -999.9     0.6    15.2     5.8   330.0
SUMMERSIDE  2001   4  29  119     -1.6     4.5    14.2  -999.9     0.0    10.1     4.2   330.0
SUMMERSIDE  2001   4  30  120     -2.2     8.0    18.5  -999.9     0.0     9.2     5.5   330.0
SUMMERSIDE  2001   5   1  121     -2.8    16.0    25.3  -999.9     0.0     5.6     6.0   330.0
SUMMERSIDE  2001   5   2  122      3.3    13.2    18.5  -999.9     0.0     7.4     8.4   330.0
SUMMERSIDE  2001   5   3  123      2.8    20.3    24.7  -999.9     0.0    10.3    10.1   330.0
SUMMERSIDE  2001   5   4  124      6.7    19.3    21.1  -999.9     0.0    13.5     9.9   330.0
SUMMERSIDE  2001   5   5  125      1.8    12.8    19.8  -999.9     0.0    14.4     8.2   330.0
SUMMERSIDE  2001   5   6  126     -0.5    11.7    20.9  -999.9     0.0    11.2     5.9   330.0
SUMMERSIDE  2001   5   7  127      4.2    21.3    24.9  -999.9     0.0     9.2     6.9   330.0
SUMMERSIDE  2001   5   8  128      5.3    24.3    26.4  -999.9     0.0    11.6     8.2   330.0
SUMMERSIDE  2001   5   9  129      6.5    19.8    22.2  -999.9     0.0    12.5     6.9   330.0
SUMMERSIDE  2001   5  10  130      5.7    11.7    15.0  -999.9     0.0    16.0     9.3   330.0
SUMMERSIDE  2001   5  11  131      5.4     7.8     9.5  -999.9     0.0    26.7     8.4   330.0
SUMMERSIDE  2001   5  12  132      5.5    12.6    16.4  -999.9     0.0     9.8     9.7   330.0
SUMMERSIDE  2001   5  13  133      7.1    16.0    18.5  -999.9     0.0    12.5    11.3   330.0
SUMMERSIDE  2001   5  14  134      6.4    11.6    14.2  -999.9     0.0     7.2     9.7   330.0
SUMMERSIDE  2001   5  15  135      6.1     9.6    11.7  -999.9     0.0    21.5     9.1   330.0
SUMMERSIDE  2001   5  16  136      4.9     7.9    10.9  -999.9     0.0    18.7     8.2   330.0
SUMMERSIDE  2001   5  17  137      4.6     6.5     8.7  -999.9     0.0    19.8     7.8   330.0
SUMMERSIDE  2001   5  18  138      3.1    11.6    18.4  -999.9     0.0    10.0     8.4   330.0
SUMMERSIDE  2001   5  19  139      4.1    12.4    18.3  -999.9     0.0     8.3     8.9   330.0
SUMMERSIDE  2001   5  20  140      2.3    12.4    20.2  -999.9     0.0     8.2     8.3   330.0
SUMMERSIDE  2001   5  21  141      1.2    17.6    25.8  -999.9     0.0     8.8     7.9   330.0
SUMMERSIDE  2001   5  22  142      4.5    15.2    20.9  -999.9     0.0    11.2     9.4   330.0
SUMMERSIDE  2001   5  23  143      2.3    18.6    25.9  -999.9     0.0     8.7     8.4   330.0
SUMMERSIDE  2001   5  24  144      3.0    10.7    17.9  -999.9     0.0    17.1     8.0   330.0
SUMMERSIDE  2001   5  25  145      3.6    26.0    30.6  -999.9     0.0     6.9     9.4   330.0
SUMMERSIDE  2001   5  26  146     10.9    24.8    24.2  -999.9     0.0    11.7    11.3   330.0
SUMMERSIDE  2001   5  27  147      9.0    23.7    24.9  -999.9     0.0    12.4     9.8   330.0
SUMMERSIDE  2001   5  28  148     14.3    23.6    19.9  -999.9     0.0    20.4    16.9   330.0
SUMMERSIDE  2001   5  29  149     12.9    21.7    19.4  -999.9     0.0    23.0    14.4   330.0
SUMMERSIDE  2001   5  30  150     10.0    21.5    22.2  -999.9     0.0    13.7    14.1   330.0
SUMMERSIDE  2001   5  31  151      9.2    14.0    14.4  -999.9     0.0    15.3    11.3   330.0
SUMMERSIDE  2001   6   1  152      7.9    11.9    13.1  -999.9     0.0    11.5    10.5   330.0
SUMMERSIDE  2001   6   2  153      7.8    19.8    22.8  -999.9     0.0    12.0    11.8   330.0
SUMMERSIDE  2001   6   3  154      9.6    13.7    13.4  -999.9     0.0    18.2    11.2   330.0
SUMMERSIDE  2001   6   4  155      9.9    14.7    14.5  -999.9     0.0    19.4    12.4   330.0
SUMMERSIDE  2001   6   5  156     11.4    18.4    17.5  -999.9     0.0    12.8    14.4   330.0
SUMMERSIDE  2001   6   6  157     11.6    16.0    13.9  -999.9     0.0     8.8    12.9   330.0
SUMMERSIDE  2001   6   7  158      9.5    15.8    16.7  -999.9     0.0     7.7    12.2   330.0
SUMMERSIDE  2001   6   8  159      8.7    15.4    17.2  -999.9     0.0     9.0    10.2   330.0
SUMMERSIDE  2001   6   9  160      8.3    19.0    21.8  -999.9     0.0     7.5    10.8   330.0
SUMMERSIDE  2001   6  10  161      8.4    16.1    18.5  -999.9     0.0    14.8    11.5   330.0
SUMMERSIDE  2001   6  11  162      7.8    22.4    25.5  -999.9     0.0     8.0    11.6   330.0
SUMMERSIDE  2001   6  12  163     12.7    22.6    21.0  -999.9     0.0    14.5    14.6   330.0
SUMMERSIDE  2001   6  13  164     15.3    22.8    18.3  -999.9     0.0    20.0    18.3   330.0
SUMMERSIDE  2001   6  14  165     14.9    25.6    21.9  -999.9     0.0     7.8    15.7   330.0
SUMMERSIDE  2001   6  15  166     14.6    21.0    16.9  -999.9     0.0     9.2    14.8   330.0
SUMMERSIDE  2001   6  16  167     13.2    21.2    18.9  -999.9     0.0     8.2    13.9   330.0
SUMMERSIDE  2001   6  17  168     14.1    25.2    22.3  -999.9     0.0    19.0    17.7   330.0
SUMMERSIDE  2001   6  18  169     13.6    24.9    22.5  -999.9     0.0    13.8    16.5   330.0
SUMMERSIDE  2001   6  19  170     13.3    23.6    21.5  -999.9     0.0    10.8    13.5   330.0
SUMMERSIDE  2001   6  20  171     15.7    29.9    25.3  -999.9     0.0    18.7    17.1   330.0
SUMMERSIDE  2001   6  21  172     13.2    21.8    19.7  -999.9     0.0     9.4    11.6   330.0
SUMMERSIDE  2001   6  22  173     13.5    23.1    20.8  -999.9     0.0    11.6    13.0   330.0
SUMMERSIDE  2001   6  23  174     16.1    25.4    20.4  -999.9     0.0    19.8    19.9   330.0
SUMMERSIDE  2001   6  24  175     17.5    23.8    16.8  -999.9     0.0    19.6    22.5   330.0
SUMMERSIDE  2001   6  25  176     17.1    26.7    20.7  -999.9     0.0    14.4    23.6   330.0
SUMMERSIDE  2001   6  26  177     16.1    22.0    16.2  -999.9     0.0    13.4    15.9   330.0
SUMMERSIDE  2001   6  27  178     18.0    32.1    25.1  -999.9     0.0    16.1    21.1   330.0
SUMMERSIDE  2001   6  28  179     11.8    22.4    21.7  -999.9     0.0    18.4    10.0   330.0
SUMMERSIDE  2001   6  29  180     10.9    20.1    20.2  -999.9     0.0    11.8    10.9   330.0
SUMMERSIDE  2001   6  30  181     13.9    25.1    22.3  -999.9     0.0    19.8    19.5   330.0
SUMMERSIDE  2001   7   1  182     15.1    23.8    19.6  -999.9     0.0    10.5    20.0   330.0
SUMMERSIDE  2001   7   2  183     12.1    19.7    18.3  -999.9     0.0    22.7    12.8   330.0
SUMMERSIDE  2001   7   3  184     11.4    23.1    22.7  -999.9     0.0    15.5    12.5   330.0
SUMMERSIDE  2001   7   4  185     14.9    23.7    19.7  -999.9     0.0    18.8    15.8   330.0
SUMMERSIDE  2001   7   5  186     16.8    23.0    16.5  -999.9     0.0    13.7    20.4   330.0
SUMMERSIDE  2001   7   6  187     16.9    24.8    18.6  -999.9     0.0    14.1    21.4   330.0
SUMMERSIDE  2001   7   7  188     13.9    22.8    19.7  -999.9     0.0    24.5    15.2   330.0
SUMMERSIDE  2001   7   8  189     15.3    21.4    16.3  -999.9     0.0    18.5    17.6   330.0
SUMMERSIDE  2001   7   9  190     15.8    21.1    15.1  -999.9     0.0    19.9    17.5   330.0
SUMMERSIDE  2001   7  10  191     15.0    19.9    14.5  -999.9     0.0    16.4    17.2   330.0
SUMMERSIDE  2001   7  11  192     17.3    24.6    17.7  -999.9     0.0    14.0    21.8   330.0
SUMMERSIDE  2001   7  12  193     14.3    22.9    19.2  -999.9     0.0    19.6    18.6   330.0
SUMMERSIDE  2001   7  13  194     14.3    22.4    18.5  -999.9     0.0    28.3    16.8   330.0
SUMMERSIDE  2001   7  14  195     14.8    23.3    18.9  -999.9     0.0    13.0    18.0   330.0
SUMMERSIDE  2001   7  15  196     14.6    26.6    22.5  -999.9     0.0    11.5    19.0   330.0
SUMMERSIDE  2001   7  16  197     15.1    22.6    17.7  -999.9     0.0    12.5    18.4   330.0
SUMMERSIDE  2001   7  17  198     14.0    20.4    16.3  -999.9     0.0    10.5    16.0   330.0
SUMMERSIDE  2001   7  18  199     13.7    22.1    18.6  -999.9     0.0     7.5    17.6   330.0
SUMMERSIDE  2001   7  19  200     12.8    22.9    20.4  -999.9     0.0     5.5    16.2   330.0
SUMMERSIDE  2001   7  20  201     14.0    27.8    23.7  -999.9     0.0    12.5    15.7   330.0
SUMMERSIDE  2001   7  21  202     16.3    30.7    24.1  -999.9     0.0    17.9    18.9   330.0
SUMMERSIDE  2001   7  22  203     17.2    26.8    19.7  -999.9     0.0    24.1    20.1   330.0
SUMMERSIDE  2001   7  23  204     17.1    27.8    20.7  -999.9     0.0    22.8    22.5   330.0
SUMMERSIDE  2001   7  24  205     18.3    26.1    17.6  -999.9     0.0    28.6    23.6   330.0
SUMMERSIDE  2001   7  25  206     16.3    26.7    20.2  -999.9     0.0    19.9    19.7   330.0
SUMMERSIDE  2001   7  26  207     12.4    20.8    18.1  -999.9     0.0    11.9    12.2   330.0
SUMMERSIDE  2001   7  27  208     11.3    19.6    17.9  -999.9     0.0    15.7    10.8   330.0
SUMMERSIDE  2001   7  28  209     13.5    22.4    18.5  -999.9     0.0     8.7    14.1   330.0
SUMMERSIDE  2001   7  29  210     13.8    24.9    20.6  -999.9     0.0    10.2    15.1   330.0
SUMMERSIDE  2001   7  30  211     14.9    27.7    22.0  -999.9     0.0     9.6    17.3   330.0
SUMMERSIDE  2001   7  31  212     15.5    27.7    21.4  -999.9     0.0    11.2    19.0   330.0
SUMMERSIDE  2001   8   1  213     16.7    25.6    18.2  -999.9     0.0    11.3    17.5   330.0
SUMMERSIDE  2001   8   2  214     15.3    31.7    24.5  -999.9     0.0    19.2    19.2   330.0
SUMMERSIDE  2001   8   3  215     17.7    29.2    20.5  -999.9     0.0    17.8    21.8   330.0
SUMMERSIDE  2001   8   4  216     17.7    25.1    16.3  -999.9     0.0     8.9    19.2   330.0
SUMMERSIDE  2001   8   5  217     16.8    29.2    21.0  -999.9     0.0    10.9    20.1   330.0
SUMMERSIDE  2001   8   6  218     17.8    28.8    19.7  -999.9     0.0    25.2    22.8   330.0
SUMMERSIDE  2001   8   7  219     18.5    28.3    18.5  -999.9     0.0    22.9    23.5   330.0
SUMMERSIDE  2001   8   8  220     16.9    26.9    18.6  -999.9     0.0    15.1    17.5   330.0
SUMMERSIDE  2001   8   9  221     18.5    31.0    20.7  -999.9     0.0    17.8    20.6   330.0
SUMMERSIDE  2001   8  10  222     21.0    29.0    16.4  -999.9     0.0    27.3    26.7   330.0
SUMMERSIDE  2001   8  11  223     18.2    25.7    15.8  -999.9     0.1    15.5    14.0   330.0
SUMMERSIDE  2001   8  12  224     15.5    27.7    20.1  -999.9     0.0     8.4    16.9   330.0
SUMMERSIDE  2001   8  13  225     18.6    25.0    14.5  -999.9     0.0    12.1    21.6   330.0
SUMMERSIDE  2001   8  14  226     16.1    22.1    13.9  -999.9     0.0    10.3    19.4   330.0
SUMMERSIDE  2001   8  15  227     14.8    26.1    19.0  -999.9     0.0     7.8    16.8   330.0
SUMMERSIDE  2001   8  16  228     18.0    28.1    17.8  -999.9     0.0    14.3    20.5   330.0
SUMMERSIDE  2001   8  17  229     16.7    23.4    14.4  -999.9     0.0    15.3    19.1   330.0
SUMMERSIDE  2001   8  18  230     16.5    26.0    17.1  -999.9     0.0    18.0    22.7   330.0
SUMMERSIDE  2001   8  19  231     17.4    24.9    15.1  -999.9     0.0    15.4    21.5   330.0
SUMMERSIDE  2001   8  20  232     16.4    19.0     8.8  -999.9     0.0    11.8    17.9   330.0
SUMMERSIDE  2001   8  21  233     16.6    22.2    12.8  -999.9     0.0    13.2    20.8   330.0
SUMMERSIDE  2001   8  22  234     18.4    26.0    14.8  -999.9     0.0    10.1    23.6   330.0
SUMMERSIDE  2001   8  23  235     18.2    28.1    16.8  -999.9     0.0    12.4    23.4   330.0
SUMMERSIDE  2001   8  24  236      9.4    19.9    17.2  -999.9     0.0    22.2    13.1   330.0
SUMMERSIDE  2001   8  25  237      9.0    20.6    17.9  -999.9     0.0    10.8     9.5   330.0
SUMMERSIDE  2001   8  26  238     13.6    22.6    15.7  -999.9     0.0    27.7    13.5   330.0
SUMMERSIDE  2001   8  27  239     14.1    23.6    16.0  -999.9     5.2    23.5    19.0   330.0
SUMMERSIDE  2001   8  28  240     16.9    23.5    13.2  -999.9     0.0     8.8    21.7   330.0
SUMMERSIDE  2001   8  29  241     11.3    20.9    15.8  -999.9     0.0    12.1    16.6   330.0
SUMMERSIDE  2001   8  30  242     10.5    21.6    16.9  -999.9     0.0    12.1    11.4   330.0
SUMMERSIDE  2001   8  31  243     14.3    25.5    16.8  -999.9     0.0    31.5    17.2   330.0
SUMMERSIDE  2001   9   1  244     13.3    24.7    16.8  -999.9     0.0    21.1    19.3   330.0
SUMMERSIDE  2001   9   2  245     11.3    19.2    13.9  -999.9     0.0    12.7    12.0   330.0
SUMMERSIDE  2001   9   3  246     10.8    21.8    16.2  -999.9     0.0    19.5    12.5   330.0
SUMMERSIDE  2001   9   4  247     13.6    22.9    14.8  -999.9     0.0    25.8    13.7   330.0
SUMMERSIDE  2001   9   5  248      9.2    17.5    13.8  -999.9     0.0    20.2    13.3   330.0
SUMMERSIDE  2001   9   6  249      9.4    18.1    14.0  -999.9     0.0    17.2    10.4   330.0
SUMMERSIDE  2001   9   7  250     11.3    24.1    16.9  -999.9     0.0    12.2    14.6   330.0
SUMMERSIDE  2001   9   8  251     18.1    29.8    16.0  -999.9     0.0    21.9    21.7   330.0
SUMMERSIDE  2001   9   9  252     17.8    29.8    16.0  -999.9     0.0    20.5    23.4   330.0
SUMMERSIDE  2001   9  10  253     16.8    26.6    14.3  -999.9     0.0    23.6    22.4   330.0
SUMMERSIDE  2001   9  11  254     12.1    24.9    16.2  -999.9     0.0    18.4    16.8   330.0
SUMMERSIDE  2001   9  12  255     10.3    19.1    13.3  -999.9     0.0     9.3    10.1   330.0
SUMMERSIDE  2001   9  13  256     10.7    21.8    14.8  -999.9     0.0    11.2    13.1   330.0
SUMMERSIDE  2001   9  14  257      8.8    16.0    11.8  -999.9     0.0    13.5    10.5   330.0
SUMMERSIDE  2001   9  15  258      7.3    18.4    14.5  -999.9     0.0    10.7     9.6   330.0
SUMMERSIDE  2001   9  16  259      9.9    21.9    14.9  -999.9     0.0    21.4    11.9   330.0
SUMMERSIDE  2001   9  17  260     11.0    23.5    15.1  -999.9     0.0    12.9    13.6   330.0
SUMMERSIDE  2001   9  18  261     12.9    19.7    11.0  -999.9     0.0    19.2    14.6   330.0
SUMMERSIDE  2001   9  19  262      8.8    16.3    11.4  -999.9     0.0    19.7     9.0   330.0
SUMMERSIDE  2001   9  20  263      8.7    20.1    13.9  -999.9     0.0    14.1    11.3   330.0
SUMMERSIDE  2001   9  21  264     14.3    22.5    11.7  -999.9     0.0    19.3    16.6   330.0
SUMMERSIDE  2001   9  22  265     18.6    21.9     7.3  -999.9     0.0    25.8    22.4   330.0
SUMMERSIDE  2001   9  23  266     15.1    24.2    12.0  -999.9     0.0    15.4    20.3   330.0
SUMMERSIDE  2001   9  24  267     14.1    24.2    12.5  -999.9     0.0     6.1    18.6   330.0
SUMMERSIDE  2001   9  25  268     15.1    21.9    10.2  -999.9     0.0    10.0    19.4   330.0
SUMMERSIDE  2001   9  26  269     16.1    20.8     8.4  -999.9     0.0    14.6    20.1   330.0
SUMMERSIDE  2001   9  27  270     11.4    17.5     9.4  -999.9     0.0    23.2    15.3   330.0
SUMMERSIDE  2001   9  28  271      9.6    13.6     7.5  -999.9     0.0    16.8     9.0   330.0
SUMMERSIDE  2001   9  29  272      5.5    11.9     9.4  -999.9     0.0    17.0     8.5   330.0
SUMMERSIDE  2001   9  30  273      4.6    16.9    12.9  -999.9     0.0     9.6     9.6   330.0
SUMMERSIDE  2001  10   1  274      8.1    18.0    11.4  -999.9     0.0    12.4    10.5   330.0
SUMMERSIDE  2001  10   2  275      9.0    22.0    12.9  -999.9     0.0    12.1    13.0   330.0
SUMMERSIDE  2001  10   3  276      8.2    17.9    11.0  -999.9     0.7    14.1    10.4   330.0
SUMMERSIDE  2001  10   4  277     14.7    22.2     9.6  -999.9     0.0    28.7    17.9   330.0
SUMMERSIDE  2001  10   5  278     11.5    19.8     9.9  -999.9     0.0    14.1    14.3   330.0
SUMMERSIDE  2001  10   6  279      8.3    23.1    13.1  -999.9     4.8    30.7    15.1   330.0
SUMMERSIDE  2001  10   7  280      4.6    13.1     9.8  -999.9     0.0    15.5     7.9   330.0
SUMMERSIDE  2001  10   8  281      2.7    12.1    10.2  -999.9     0.0    12.5     7.5   330.0
SUMMERSIDE  2001  10   9  282      1.9    11.8    10.3  -999.9     0.6    15.7     6.2   330.0
SUMMERSIDE  2001  10  10  283      8.8    16.9     9.2  -999.9     0.0    16.8     9.6   330.0
SUMMERSIDE  2001  10  11  284      9.9    21.7    11.0  -999.9     0.0    21.5    14.0   330.0
SUMMERSIDE  2001  10  12  285     10.7    21.6    10.4  -999.9     0.0    19.5    15.1   330.0
SUMMERSIDE  2001  10  13  286      9.2    15.1     7.5  -999.9     0.0    16.5    12.1   330.0
SUMMERSIDE  2001  10  14  287      6.9    18.7    10.5  -999.9     0.0    10.9    12.6   330.0
SUMMERSIDE  2001  10  15  288     11.8    18.8     8.0  -999.9     6.8    20.3    16.4   330.0
SUMMERSIDE  2001  10  16  289      9.4    17.5     8.5  -999.9     0.0    12.5    11.9   330.0
SUMMERSIDE  2001  10  17  290     10.8    18.7     8.3  -999.9    22.1    30.1    15.1   330.0
SUMMERSIDE  2001  10  18  291      4.6    11.4     7.6  -999.9     0.7    33.7     7.3   330.0
SUMMERSIDE  2001  10  19  292      3.0    12.5     8.8  -999.9     0.0    23.2     7.6   330.0
SUMMERSIDE  2001  10  20  293      8.6    16.0     7.7  -999.9     0.0    21.2    12.0   330.0
SUMMERSIDE  2001  10  21  294      5.7    17.0     9.4  -999.9     2.9    17.7    10.6   330.0
SUMMERSIDE  2001  10  22  295      3.5    12.9     8.4  -999.9     0.0    21.0     8.4   330.0
SUMMERSIDE  2001  10  23  296      1.5    11.7     8.6  -999.9     3.5    13.8     6.1   330.0
SUMMERSIDE  2001  10  24  297      6.8    15.9     8.0  -999.9     9.1    19.9    12.4   330.0
SUMMERSIDE  2001  10  25  298      9.9    16.5     6.8  -999.9     1.5    17.0    14.1   330.0
SUMMERSIDE  2001  10  26  299      5.9    14.5     7.6  -999.9     0.0    14.8     8.9   330.0
SUMMERSIDE  2001  10  27  300      2.9    12.1     7.8  -999.9     0.0     7.4     8.9   330.0
SUMMERSIDE  2001  10  28  301      0.5     8.7     7.2  -999.9     0.0     9.7     7.1   330.0
SUMMERSIDE  2001  10  29  302      0.2    10.4     7.9  -999.9     0.0    10.5     6.7   330.0
SUMMERSIDE  2001  10  30  303      2.1     7.0     5.4  -999.9     0.0    23.0     5.6   330.0
SUMMERSIDE  2001  10  31  304     -2.0     5.7     6.7  -999.9     0.0    16.2     4.1   330.0
SUMMERSIDE  2001  11   1  305      1.8    10.3     6.9  -999.9     0.6    16.8     6.8   330.0
SUMMERSIDE  2001  11   2  306      9.8    15.1     5.4  -999.9     0.0    28.8    13.4   330.0
SUMMERSIDE  2001  11   3  307      7.4    14.1     6.0  -999.9     1.5    21.8    12.2   330.0
SUMMERSIDE  2001  11   4  308      5.1     9.7     4.9  -999.9     0.0     4.9     9.5   330.0
SUMMERSIDE  2001  11   5  309      6.1     9.6     4.2  -999.9     8.1    15.8    10.1   330.0
SUMMERSIDE  2001  11   6  310      5.2     9.9     4.8  -999.9    13.7    26.2    10.1   330.0
SUMMERSIDE  2001  11   7  311      2.8     8.2     5.1  -999.9     5.4    37.4     7.8   330.0
SUMMERSIDE  2001  11   8  312      1.7     5.7     4.3  -999.9     0.0    24.6     4.5   330.0
SUMMERSIDE  2001  11   9  313      2.3    11.0     6.3  -999.9     3.7    28.5     8.0   330.0
SUMMERSIDE  2001  11  10  314      0.3     5.5     4.8  -999.9     0.0    29.6     4.7   330.0
SUMMERSIDE  2001  11  11  315     -1.6     2.2     4.1  -999.9     2.8    14.9     5.4   330.0
SUMMERSIDE  2001  11  12  316     -3.1     0.2     3.7  -999.9     0.0    21.5     3.4   330.0
SUMMERSIDE  2001  11  13  317     -3.2     0.2     3.7  -999.9     0.0    23.2     3.4   330.0
SUMMERSIDE  2001  11  14  318     -4.8     1.7     5.1  -999.9     0.6     9.0     4.4   330.0
SUMMERSIDE  2001  11  15  319      1.3     8.4     5.3  -999.9     2.9    14.5     8.2   330.0
SUMMERSIDE  2001  11  16  320     -1.4    10.3     6.7  -999.9     1.9    27.5     7.3   330.0
SUMMERSIDE  2001  11  17  321     -4.0     2.5     4.9  -999.9     0.0    19.4     3.2   330.0
SUMMERSIDE  2001  11  18  322     -4.2     4.5     5.6  -999.9     0.0    13.1     4.5   330.0
SUMMERSIDE  2001  11  19  323      3.9    12.2     5.4  -999.9     0.0    20.5     9.5   330.0
SUMMERSIDE  2001  11  20  324     -0.1    15.3     7.3  -999.9     2.3    26.9     9.6   330.0
SUMMERSIDE  2001  11  21  325     -3.3     2.3     4.3  -999.9     0.0    15.8     4.2   330.0
SUMMERSIDE  2001  11  22  326     -3.0     4.3     4.9  -999.9     0.0     9.8     4.8   330.0
SUMMERSIDE  2001  11  23  327     -0.7     5.2     4.4  -999.9     0.0     8.8     6.4   330.0
SUMMERSIDE  2001  11  24  328      1.7     7.9     4.4  -999.9     0.6    11.8     7.5   330.0
SUMMERSIDE  2001  11  25  329      4.3     8.9     3.8  -999.9     0.0    20.0     8.4   330.0
SUMMERSIDE  2001  11  26  330      4.2     9.1     3.9  -999.9     0.0    21.6     9.1   330.0
SUMMERSIDE  2001  11  27  331      0.4     8.8     5.0  -999.9     0.0    16.6     7.7   330.0
SUMMERSIDE  2001  11  28  332     -2.7     2.7     4.0  -999.9     1.4    19.6     5.6   330.0
SUMMERSIDE  2001  11  29  333     -3.0     0.7     3.3  -999.9     1.4    10.5     4.2   330.0
SUMMERSIDE  2001  11  30  334     -0.1     3.7     3.3  -999.9     6.8     8.8     6.7   330.0
SUMMERSIDE  2001  12   1  335      2.6    12.1     5.1  -999.9     7.4    21.3     9.7   330.0
SUMMERSIDE  2001  12   2  336      1.4     7.1     3.9  -999.9     0.0    12.9     6.6   330.0
SUMMERSIDE  2001  12   3  337      1.4     5.9     3.5  -999.9     0.0    10.2     7.0   330.0
SUMMERSIDE  2001  12   4  338     -1.4     5.7     4.3  -999.9     0.7    12.7     6.5   330.0
SUMMERSIDE  2001  12   5  339     -1.9     2.5     3.4  -999.9     2.2    12.0     5.7   330.0
SUMMERSIDE  2001  12   6  340      0.6    10.5     5.0  -999.9     0.7    20.1     8.4   330.0
SUMMERSIDE  2001  12   7  341     -0.2     9.0     4.8  -999.9     0.0    27.5     4.5   330.0
SUMMERSIDE  2001  12   8  342     -3.1     0.6     3.0  -999.9     0.0    24.2     3.0   330.0
SUMMERSIDE  2001  12   9  343     -6.4    -0.9     3.7  -999.9     0.0     6.4     3.4   330.0
SUMMERSIDE  2001  12  10  344     -7.0     4.1     5.2  -999.9     0.0    18.2     4.3   330.0
SUMMERSIDE  2001  12  11  345     -2.5     6.9     4.8  -999.9     0.0    19.6     5.6   330.0
SUMMERSIDE  2001  12  12  346     -4.2     0.2     3.3  -999.9     0.0    11.1     3.8   330.0
SUMMERSIDE  2001  12  13  347     -3.6     5.0     4.5  -999.9     8.3    11.5     5.8   330.0
SUMMERSIDE  2001  12  14  348      1.0     9.2     4.4  -999.9     3.1    17.6     7.9   330.0
SUMMERSIDE  2001  12  15  349     -3.8     1.2     3.4  -999.9     0.0    21.2     4.2   330.0
SUMMERSIDE  2001  12  16  350     -4.3     0.6     3.4  -999.9     0.6    29.3     4.1   330.0
SUMMERSIDE  2001  12  17  351     -5.5     0.4     3.7  -999.9     0.0    13.1     3.7   330.0
SUMMERSIDE  2001  12  18  352     -2.7     0.0     2.5  -999.9     3.6    12.3     5.0   330.0
SUMMERSIDE  2001  12  19  353     -3.5     1.1     3.3  -999.9     0.0    24.5     4.4   330.0
SUMMERSIDE  2001  12  20  354     -7.1    -0.2     4.0  -999.9     0.0     9.8     3.7   330.0
SUMMERSIDE  2001  12  21  355     -3.7    -0.1     2.9  -999.9     0.0    16.2     4.6   330.0
SUMMERSIDE  2001  12  22  356     -2.8    -0.7     2.2  -999.9     0.0    21.5     4.1   330.0
SUMMERSIDE  2001  12  23  357     -6.0     0.2     3.8  -999.9     0.0    15.7     4.1   330.0
SUMMERSIDE  2001  12  24  358     -6.7     2.1     4.6  -999.9     0.0     7.8     4.6   330.0
SUMMERSIDE  2001  12  25  359     -1.3     2.3     2.9  -999.9     7.5    13.5     6.0   330.0
SUMMERSIDE  2001  12  26  360     -4.5     0.0     3.3  -999.9     2.8     9.5     4.6   330.0
SUMMERSIDE  2001  12  27  361     -6.7    -0.5     3.9  -999.9     7.9    16.8     4.4   330.0
SUMMERSIDE  2001  12  28  362     -6.6    -3.6     2.7  -999.9     0.0    30.8     3.4   330.0
SUMMERSIDE  2001  12  29  363     -6.5    -0.2     3.9  -999.9     0.0    16.0     3.7   330.0
SUMMERSIDE  2001  12  30  364     -7.1    -2.1     3.5  -999.9     0.0    16.0     3.0   330.0
SUMMERSIDE  2001  12  31  365     -8.9    -2.0     4.1  -999.9     0.0    18.2     3.1   330.0
