SUMMERSIDE_A  1998   1   1    1    -18.8    -9.5     4.8  -999.9     2.5     8.0     1.8   330.0
SUMMERSIDE_A  1998   1   2    2    -17.0     0.0     6.5  -999.9     0.0    17.2     2.8   330.0
SUMMERSIDE_A  1998   1   3    3    -10.5     6.5     6.6  -999.9     0.0    18.6     4.8   330.0
SUMMERSIDE_A  1998   1   4    4     -6.0     6.0     5.6  -999.9     0.0    26.5     4.6   330.0
SUMMERSIDE_A  1998   1   5    5    -12.5    -2.5     5.1  -999.9     9.0    10.9     2.9   330.0
SUMMERSIDE_A  1998   1   6    6     -6.5    -3.0     3.1  -999.9     8.0    25.2     3.9   330.0
SUMMERSIDE_A  1998   1   7    7    -10.0    -7.4     2.6  -999.9     4.0    18.2     2.5   330.0
SUMMERSIDE_A  1998   1   8    8    -10.2     0.5     5.4  -999.9    19.0    21.0     4.0   330.0
SUMMERSIDE_A  1998   1   9    9     -4.0     0.5     3.5  -999.9     7.0    20.4     5.1   330.0
SUMMERSIDE_A  1998   1  10   10     -3.5     1.0     3.6  -999.9     1.0     3.8     5.6   330.0
SUMMERSIDE_A  1998   1  11   11     -2.5     1.5     3.4  -999.9     0.0    13.8     5.4   330.0
SUMMERSIDE_A  1998   1  12   12    -10.8    -5.0     4.1  -999.9     0.0    22.7     2.4   330.0
SUMMERSIDE_A  1998   1  13   13    -15.0     2.0     7.1  -999.9     9.0    22.0     3.0   330.0
SUMMERSIDE_A  1998   1  14   14    -13.5    -8.0     4.1  -999.9     0.0    38.4     1.9   330.0
SUMMERSIDE_A  1998   1  15   15    -18.0    -8.7     5.4  -999.9     0.0    33.1     1.3   330.0
SUMMERSIDE_A  1998   1  16   16    -13.4    -2.5     5.9  -999.9     1.0     4.4     2.5   330.0
SUMMERSIDE_A  1998   1  17   17     -9.5    -1.0     5.3  -999.9     3.0    34.5     3.8   330.0
SUMMERSIDE_A  1998   1  18   18     -4.5     0.0     3.9  -999.9     0.0    26.0     4.6   330.0
SUMMERSIDE_A  1998   1  19   19     -2.5     0.0     2.9  -999.9     0.0    16.4     5.3   330.0
SUMMERSIDE_A  1998   1  20   20     -2.5    -0.5     2.6  -999.9     0.0    23.0     4.8   330.0
SUMMERSIDE_A  1998   1  21   21     -5.0    -2.0     3.3  -999.9     0.0    38.9     3.9   330.0
SUMMERSIDE_A  1998   1  22   22    -16.0   -12.0     3.8  -999.9     0.0    32.1     1.4   330.0
SUMMERSIDE_A  1998   1  23   23    -19.5    -7.0     6.8  -999.9     4.0     8.9     1.5   330.0
SUMMERSIDE_A  1998   1  24   24    -14.0     7.5     9.1  -999.9    27.4    31.4     4.4   330.0
SUMMERSIDE_A  1998   1  25   25     -2.0     7.0     6.0  -999.9    17.0    22.7     7.2   330.0
SUMMERSIDE_A  1998   1  26   26    -12.0    -9.9     2.9  -999.9     0.0    33.9     2.0   330.0
SUMMERSIDE_A  1998   1  27   27    -18.0    -9.0     6.1  -999.9     0.0    15.0     1.4   330.0
SUMMERSIDE_A  1998   1  28   28    -13.0    -2.5     6.7  -999.9     0.0     7.5     2.5   330.0
SUMMERSIDE_A  1998   1  29   29     -9.5    -0.8     6.2  -999.9    23.0    27.2     3.7   330.0
SUMMERSIDE_A  1998   1  30   30     -3.0     0.0     3.7  -999.9     6.0    19.6     5.4   330.0
SUMMERSIDE_A  1998   1  31   31     -4.0     0.0     4.3  -999.9     0.0    11.3     4.6   330.0
SUMMERSIDE_A  1998   2   1   32     -9.5    -2.0     6.0  -999.9     0.0    11.3     3.3   330.0
SUMMERSIDE_A  1998   2   2   33    -15.0    -3.4     7.5  -999.9     0.0     9.6     2.6   330.0
SUMMERSIDE_A  1998   2   3   34     -7.5     0.5     6.3  -999.9     0.0    13.4     4.2   330.0
SUMMERSIDE_A  1998   2   4   35    -12.0    -5.0     6.0  -999.9     0.0     8.3     2.5   330.0
SUMMERSIDE_A  1998   2   5   36    -19.0    -6.4     8.2  -999.9     0.0     8.4     1.7   330.0
SUMMERSIDE_A  1998   2   6   37    -11.5    -3.0     6.8  -999.9     0.0    19.9     2.7   330.0
SUMMERSIDE_A  1998   2   7   38    -16.0    -4.5     8.0  -999.9     0.0     6.7     2.1   330.0
SUMMERSIDE_A  1998   2   8   39    -15.5   -10.0     5.6  -999.9     0.0    21.4     1.6   330.0
SUMMERSIDE_A  1998   2   9   40    -20.5    -9.5     8.1  -999.9     0.0     4.4     1.3   330.0
SUMMERSIDE_A  1998   2  10   41    -17.0    -4.5     8.7  -999.9     0.0     8.3     1.9   330.0
SUMMERSIDE_A  1998   2  11   42    -13.0     1.9     9.7  -999.9     0.0    19.2     3.3   330.0
SUMMERSIDE_A  1998   2  12   43     -3.0     4.8     7.1  -999.9     8.2    27.3     6.2   330.0
SUMMERSIDE_A  1998   2  13   44      0.5     3.5     4.5  -999.9     0.0    24.0     6.2   330.0
SUMMERSIDE_A  1998   2  14   45    -13.0    -8.0     5.9  -999.9     0.0    21.3     1.7   330.0
SUMMERSIDE_A  1998   2  15   46    -16.0   -11.0     5.9  -999.9     0.0    22.4     1.3   330.0
SUMMERSIDE_A  1998   2  16   47    -15.2    -4.4     8.9  -999.9     0.0     5.6     1.9   330.0
SUMMERSIDE_A  1998   2  17   48    -11.0    -0.7     8.8  -999.9     0.0    12.8     3.2   330.0
SUMMERSIDE_A  1998   2  18   49    -10.1    -1.0     8.4  -999.9     0.0    14.6     3.3   330.0
SUMMERSIDE_A  1998   2  19   50     -4.5     3.0     7.7  -999.9    13.0    25.3     5.6   330.0
SUMMERSIDE_A  1998   2  20   51     -0.5     2.0     4.5  -999.9     0.0    14.4     6.2   330.0
SUMMERSIDE_A  1998   2  21   52     -4.5     1.0     6.8  -999.9     2.0    11.9     4.9   330.0
SUMMERSIDE_A  1998   2  22   53     -3.5     0.0     5.5  -999.9     0.0    17.6     4.7   330.0
SUMMERSIDE_A  1998   2  23   54     -7.4     2.8     9.5  -999.9     0.0     7.9     4.1   330.0
SUMMERSIDE_A  1998   2  24   55     -6.5     2.0     8.8  -999.9    12.0    22.1     4.2   330.0
SUMMERSIDE_A  1998   2  25   56     -2.0     3.0     6.8  -999.9    14.0    32.1     6.3   330.0
SUMMERSIDE_A  1998   2  26   57     -0.1     2.8     5.3  -999.9     3.8    18.2     6.5   330.0
SUMMERSIDE_A  1998   2  27   58     -1.0     2.0     5.4  -999.9     3.0    19.8     6.2   330.0
SUMMERSIDE_A  1998   2  28   59     -1.0     2.5     6.0  -999.9     0.8     5.1     6.5   330.0
SUMMERSIDE_A  1998   3   1   60      0.0     3.5     6.0  -999.9    14.4     0.7     7.0   330.0
SUMMERSIDE_A  1998   3   2   61      0.0     2.5     5.2  -999.9     2.6     4.8     6.4   330.0
SUMMERSIDE_A  1998   3   3   62     -0.5     1.5     4.7  -999.9    17.0    13.4     6.0   330.0
SUMMERSIDE_A  1998   3   4   63     -3.0    -1.0     4.7  -999.9     2.0    34.3     5.0   330.0
SUMMERSIDE_A  1998   3   5   64     -6.5     0.0     8.7  -999.9     0.0     8.9     4.0   330.0
SUMMERSIDE_A  1998   3   6   65     -6.0    -1.0     7.7  -999.9     1.0    16.8     4.0   330.0
SUMMERSIDE_A  1998   3   7   66     -5.5     0.0     8.2  -999.9     1.0    14.1     4.6   330.0
SUMMERSIDE_A  1998   3   8   67     -4.0     1.5     8.3  -999.9     0.0     4.6     5.1   330.0
SUMMERSIDE_A  1998   3   9   68     -4.8     9.0    13.3  -999.9    15.4    31.4     6.5   330.0
SUMMERSIDE_A  1998   3  10   69      2.0    10.5    10.6  -999.9     0.3    27.5     8.8   330.0
SUMMERSIDE_A  1998   3  11   70     -4.0     3.0     9.7  -999.9     0.0    17.9     5.8   330.0
SUMMERSIDE_A  1998   3  12   71    -11.7    -5.0     9.6  -999.9     0.0    26.0     2.3   330.0
SUMMERSIDE_A  1998   3  13   72    -15.5    -4.5    12.5  -999.9     0.0    28.9     1.7   330.0
SUMMERSIDE_A  1998   3  14   73    -11.5     0.5    13.2  -999.9    20.0    21.3     3.2   330.0
SUMMERSIDE_A  1998   3  15   74     -5.5    -1.5     7.7  -999.9     3.0    28.6     4.4   330.0
SUMMERSIDE_A  1998   3  16   75    -10.7    -5.0     9.3  -999.9     0.0    20.9     2.5   330.0
SUMMERSIDE_A  1998   3  17   76    -14.0    -1.5    14.0  -999.9     0.0     3.8     3.2   330.0
SUMMERSIDE_A  1998   3  18   77    -10.5     3.8    15.1  -999.9     0.0     4.9     4.2   330.0
SUMMERSIDE_A  1998   3  19   78     -9.0     0.5    12.5  -999.9     4.0    17.9     3.4   330.0
SUMMERSIDE_A  1998   3  20   79     -7.0    -1.8     9.3  -999.9     2.0    25.6     4.0   330.0
SUMMERSIDE_A  1998   3  21   80     -7.0    -2.5     8.8  -999.9     2.0    28.0     3.7   330.0
SUMMERSIDE_A  1998   3  22   81     -6.5    -2.0     8.9  -999.9     4.0    39.2     4.1   330.0
SUMMERSIDE_A  1998   3  23   82     -5.0     1.3    10.6  -999.9     0.0    23.2     4.7   330.0
SUMMERSIDE_A  1998   3  24   83     -5.5     3.0    12.5  -999.9     0.0    20.4     3.9   330.0
SUMMERSIDE_A  1998   3  25   84     -7.2     2.0    13.1  -999.9     0.0    17.6     2.9   330.0
SUMMERSIDE_A  1998   3  26   85     -4.0     4.3    12.6  -999.9     1.0    27.6     4.8   330.0
SUMMERSIDE_A  1998   3  27   86      0.0     8.0    12.5  -999.9     7.2    21.7     7.6   330.0
SUMMERSIDE_A  1998   3  28   87      2.0     8.5    11.4  -999.9     0.0    10.2     7.0   330.0
SUMMERSIDE_A  1998   3  29   88      3.5    15.0    15.3  -999.9     1.2    23.5    10.1   330.0
SUMMERSIDE_A  1998   3  30   89     -1.5    11.0    16.1  -999.9     1.2    18.3     6.2   330.0
SUMMERSIDE_A  1998   3  31   90      1.0     3.5     7.3  -999.9     3.7    14.9     7.2   330.0
SUMMERSIDE_A  1998   4   1   91     -1.0     3.3     9.6  -999.9    26.4    15.6     5.9   330.0
SUMMERSIDE_A  1998   4   2   92     -1.0     1.5     7.4  -999.9     6.2    22.2     6.0   330.0
SUMMERSIDE_A  1998   4   3   93     -1.5     1.5     8.2  -999.9    17.0     7.3     6.1   330.0
SUMMERSIDE_A  1998   4   4   94     -2.0     0.5     7.5  -999.9     3.0    26.0     5.6   330.0
SUMMERSIDE_A  1998   4   5   95     -1.5     0.5     6.8  -999.9     0.0    24.7     5.8   330.0
SUMMERSIDE_A  1998   4   6   96     -1.0     4.1    11.0  -999.9     0.0    23.1     6.0   330.0
SUMMERSIDE_A  1998   4   7   97      0.5     6.5    12.0  -999.9     0.2     9.3     5.9   330.0
SUMMERSIDE_A  1998   4   8   98      0.0     6.1    12.2  -999.9     0.0    12.3     6.4   330.0
SUMMERSIDE_A  1998   4   9   99     -2.0    10.5    17.6  -999.9     0.0     9.8     6.1   330.0
SUMMERSIDE_A  1998   4  10  100     -3.0     1.5    10.7  -999.9     0.0    24.4     5.0   330.0
SUMMERSIDE_A  1998   4  11  101     -2.0     6.0    14.4  -999.9     0.0    23.2     5.1   330.0
SUMMERSIDE_A  1998   4  12  102     -2.0    11.5    18.8  -999.9     0.0     8.9     5.2   330.0
SUMMERSIDE_A  1998   4  13  103     -0.5     4.5    11.5  -999.9     0.0    24.5     6.0   330.0
SUMMERSIDE_A  1998   4  14  104     -0.8     2.2     9.0  -999.9     4.6    28.3     6.0   330.0
SUMMERSIDE_A  1998   4  15  105     -1.0    11.0    18.2  -999.9     0.0    18.8     7.4   330.0
SUMMERSIDE_A  1998   4  16  106     -1.0    14.5    20.8  -999.9     2.0     5.6     6.2   330.0
SUMMERSIDE_A  1998   4  17  107      4.0    12.5    15.5  -999.9    21.4    24.1     9.4   330.0
SUMMERSIDE_A  1998   4  18  108      6.0    13.5    14.7  -999.9     0.0    24.8     9.4   330.0
SUMMERSIDE_A  1998   4  19  109      4.5    15.0    17.5  -999.9     3.8    28.0     5.5   330.0
SUMMERSIDE_A  1998   4  20  110      3.0     5.5     8.6  -999.9    25.2    19.6     8.0   330.0
SUMMERSIDE_A  1998   4  21  111     -0.7     8.5    16.6  -999.9     1.2    11.4     5.9   330.0
SUMMERSIDE_A  1998   4  22  112     -0.5    16.0    22.4  -999.9     0.0    22.1     5.0   330.0
SUMMERSIDE_A  1998   4  23  113     -2.0     8.0    17.6  -999.9     0.0    17.0     3.7   330.0
SUMMERSIDE_A  1998   4  24  114      1.5     7.0    13.1  -999.9     8.6    23.6     7.6   330.0
SUMMERSIDE_A  1998   4  25  115     -3.0     9.5    19.9  -999.9     0.6    15.7     5.6   330.0
SUMMERSIDE_A  1998   4  26  116      2.0     8.0    13.9  -999.9     1.2    14.5     7.7   330.0
SUMMERSIDE_A  1998   4  27  117     -2.0     7.3    17.4  -999.9     1.2    14.7     5.6   330.0
SUMMERSIDE_A  1998   4  28  118      0.0     4.5    12.2  -999.9     0.6    21.7     5.8   330.0
SUMMERSIDE_A  1998   4  29  119     -0.5    18.6    25.2  -999.9     0.0    18.2     4.5   330.0
SUMMERSIDE_A  1998   4  30  120      4.2    18.5    21.9  -999.9     0.0     8.0     7.5   330.0
SUMMERSIDE_A  1998   5   1  121      4.5    22.5    24.8  -999.9     0.0    19.3     7.5   330.0
SUMMERSIDE_A  1998   5   2  122      4.5    15.0    19.0  -999.9     7.2     5.1    11.6   330.0
SUMMERSIDE_A  1998   5   3  123      9.0    17.0    16.7  -999.9     2.0     6.8    14.0   330.0
SUMMERSIDE_A  1998   5   4  124     10.5    20.6    18.9  -999.9     0.0    15.5    13.7   330.0
SUMMERSIDE_A  1998   5   5  125      8.1    23.0    23.0  -999.9     0.0     6.9    11.8   330.0
SUMMERSIDE_A  1998   5   6  126     10.5    21.5    19.9  -999.9     0.3     8.0    16.9   330.0
SUMMERSIDE_A  1998   5   7  127     11.0    20.5    18.6  -999.9     5.6    19.7    14.8   330.0
SUMMERSIDE_A  1998   5   8  128     11.0    18.5    16.6  -999.9     0.0    10.2    14.2   330.0
SUMMERSIDE_A  1998   5   9  129      7.0    10.0    10.5  -999.9     1.6    22.0    10.3   330.0
SUMMERSIDE_A  1998   5  10  130      4.5     9.2    13.2  -999.9     0.6    25.4     9.2   330.0
SUMMERSIDE_A  1998   5  11  131      4.0     9.0    13.7  -999.9     0.0    24.5     7.0   330.0
SUMMERSIDE_A  1998   5  12  132      2.5    10.5    17.4  -999.9     0.0    17.9     6.7   330.0
SUMMERSIDE_A  1998   5  13  133      2.0    18.3    25.0  -999.9     0.0     7.1     7.8   330.0
SUMMERSIDE_A  1998   5  14  134      6.0    23.0    25.6  -999.9     0.0    16.7     8.0   330.0
SUMMERSIDE_A  1998   5  15  135      6.5    23.5    25.7  -999.9     0.0    13.7    10.2   330.0
SUMMERSIDE_A  1998   5  16  136      5.5    11.0    14.7  -999.9     0.0    27.8     9.0   330.0
SUMMERSIDE_A  1998   5  17  137      4.0    11.0    16.6  -999.9     0.0    12.2     7.6   330.0
SUMMERSIDE_A  1998   5  18  138      5.0    18.0    22.8  -999.9    12.0    11.0    10.8   330.0
SUMMERSIDE_A  1998   5  19  139      5.8    12.1    15.9  -999.9     0.3    12.6     8.5   330.0
SUMMERSIDE_A  1998   5  20  140      3.8    20.1    25.7  -999.9     0.0    19.9    11.1   330.0
SUMMERSIDE_A  1998   5  21  141      9.0    21.1    22.2  -999.9     0.0    24.8    12.3   330.0
SUMMERSIDE_A  1998   5  22  142     11.5    16.0    13.6  -999.9    32.9    12.8    15.1   330.0
SUMMERSIDE_A  1998   5  23  143      7.0    13.5    16.4  -999.9     3.6    17.3    10.5   330.0
SUMMERSIDE_A  1998   5  24  144      8.0    12.0    12.9  -999.9     3.2    16.4    11.9   330.0
SUMMERSIDE_A  1998   5  25  145      8.0    16.3    18.6  -999.9     0.4    18.8     9.4   330.0
SUMMERSIDE_A  1998   5  26  146      8.5    18.0    20.0  -999.9     1.4    25.6    11.0   330.0
SUMMERSIDE_A  1998   5  27  147      6.5    18.5    22.5  -999.9     0.0    21.4     7.8   330.0
SUMMERSIDE_A  1998   5  28  148      6.0    19.5    23.9  -999.9     0.0    16.8     5.6   330.0
SUMMERSIDE_A  1998   5  29  149     11.0    21.0    20.6  -999.9     4.6    22.0    14.4   330.0
SUMMERSIDE_A  1998   5  30  150     10.5    24.0    24.0  -999.9     0.0    23.6    11.8   330.0
SUMMERSIDE_A  1998   5  31  151      5.5    18.0    23.2  -999.9    21.5    11.0     7.2   330.0
SUMMERSIDE_A  1998   6   1  152      8.0    17.0    19.7  -999.9     4.0    19.0    13.7   330.0
SUMMERSIDE_A  1998   6   2  153      5.8    18.5    23.5  -999.9     0.0    10.5     7.1   330.0
SUMMERSIDE_A  1998   6   3  154     10.0    17.5    18.1  -999.9     9.2    26.0    10.3   330.0
SUMMERSIDE_A  1998   6   4  155      7.0     9.5    10.5  -999.9    14.4    22.7    10.2   330.0
SUMMERSIDE_A  1998   6   5  156      7.0    11.5    14.0  -999.9     1.7    23.9    10.1   330.0
SUMMERSIDE_A  1998   6   6  157      8.0    15.0    17.5  -999.9     0.0    20.8    10.0   330.0
SUMMERSIDE_A  1998   6   7  158      8.5    12.5    13.3  -999.9     0.0    17.4     7.8   330.0
SUMMERSIDE_A  1998   6   8  159      5.5    12.5    17.6  -999.9     0.0    19.5     7.6   330.0
SUMMERSIDE_A  1998   6   9  160      7.0    13.5    17.0  -999.9     0.0     8.7     9.8   330.0
SUMMERSIDE_A  1998   6  10  161      4.5    16.0    22.6  -999.9     0.0     8.4     9.0   330.0
SUMMERSIDE_A  1998   6  11  162      9.0    25.0    26.7  -999.9     0.0    17.8    14.0   330.0
SUMMERSIDE_A  1998   6  12  163     12.0    24.5    23.6  -999.9     0.0    15.8    11.9   330.0
SUMMERSIDE_A  1998   6  13  164     12.0    23.0    22.2  -999.9     0.0    25.8    11.6   330.0
SUMMERSIDE_A  1998   6  14  165     13.0    25.0    23.2  -999.9     0.0    23.7    14.5   330.0
SUMMERSIDE_A  1998   6  15  166     12.8    21.0    19.2  -999.9    15.1    26.2    14.3   330.0
SUMMERSIDE_A  1998   6  16  167     13.8    19.3    15.7  -999.9     0.6    26.6    16.8   330.0
SUMMERSIDE_A  1998   6  17  168     16.0    24.5    19.5  -999.9     0.0    20.4    20.2   330.0
SUMMERSIDE_A  1998   6  18  169     18.5    24.5    16.4  -999.9     0.0     6.4    21.6   330.0
SUMMERSIDE_A  1998   6  19  170     16.0    22.5    17.1  -999.9    20.0    17.2    18.7   330.0
SUMMERSIDE_A  1998   6  20  171     15.0    19.0    13.4  -999.9    18.6    11.2    18.7   330.0
SUMMERSIDE_A  1998   6  21  172     11.8    14.5    11.0  -999.9     0.0    21.4    11.9   330.0
SUMMERSIDE_A  1998   6  22  173      9.5    19.7    21.4  -999.9     0.0    10.4    13.7   330.0
SUMMERSIDE_A  1998   6  23  174     13.5    19.5    16.4  -999.9     0.0    22.0    15.3   330.0
SUMMERSIDE_A  1998   6  24  175     13.5    21.0    18.3  -999.9     0.5    20.4    16.3   330.0
SUMMERSIDE_A  1998   6  25  176     14.5    23.5    20.1  -999.9     0.0     8.2    19.1   330.0
SUMMERSIDE_A  1998   6  26  177     16.0    23.0    17.7  -999.9     1.0     9.6    21.0   330.0
SUMMERSIDE_A  1998   6  27  178     12.0    16.0    13.4  -999.9     0.0    32.5    12.1   330.0
SUMMERSIDE_A  1998   6  28  179     11.5    16.1    14.3  -999.9     0.0    27.4    10.8   330.0
SUMMERSIDE_A  1998   6  29  180     10.5    26.0    26.3  -999.9     0.0    18.2    10.7   330.0
SUMMERSIDE_A  1998   6  30  181     14.8    21.0    16.6  -999.9    17.7    22.1    17.6   330.0
SUMMERSIDE_A  1998   7   1  182     15.5    24.5    20.0  -999.9     1.0    11.7    20.3   330.0
SUMMERSIDE_A  1998   7   2  183     13.5    18.2    14.4  -999.9     0.0    12.9    15.0   330.0
SUMMERSIDE_A  1998   7   3  184     13.5    26.1    23.6  -999.9     0.0    12.5    15.0   330.0
SUMMERSIDE_A  1998   7   4  185     15.0    26.0    22.0  -999.9     0.0    16.0    16.0   330.0
SUMMERSIDE_A  1998   7   5  186     13.0    22.0    19.9  -999.9    17.0     5.9    14.6   330.0
SUMMERSIDE_A  1998   7   6  187     15.0    23.5    19.3  -999.9     0.5     8.8    18.2   330.0
SUMMERSIDE_A  1998   7   7  188     17.0    24.7    18.3  -999.9     0.0    18.6    16.5   330.0
SUMMERSIDE_A  1998   7   8  189     15.5    26.3    21.6  -999.9     0.0    11.0    15.6   330.0
SUMMERSIDE_A  1998   7   9  190     16.0    20.5    13.9  -999.9     0.0    13.4    14.9   330.0
SUMMERSIDE_A  1998   7  10  191     15.5    25.5    20.7  -999.9     0.0    14.5    16.3   330.0
SUMMERSIDE_A  1998   7  11  192     14.5    17.5    11.3  -999.9     2.0    18.9    16.1   330.0
SUMMERSIDE_A  1998   7  12  193     12.0    17.0    14.6  -999.9     1.2     4.9    14.8   330.0
SUMMERSIDE_A  1998   7  13  194     11.0    23.5    23.0  -999.9     0.0     7.4    14.4   330.0
SUMMERSIDE_A  1998   7  14  195     15.5    26.5    21.6  -999.9     0.0    25.0    18.1   330.0
SUMMERSIDE_A  1998   7  15  196     17.0    27.0    20.5  -999.9     0.0    15.9    19.6   330.0
SUMMERSIDE_A  1998   7  16  197     17.5    29.5    22.4  -999.9     0.0    16.9    20.4   330.0
SUMMERSIDE_A  1998   7  17  198     19.5    28.5    19.3  -999.9     0.6    22.8    24.5   330.0
SUMMERSIDE_A  1998   7  18  199     20.0    28.0    18.2  -999.9     0.0    15.8    23.3   330.0
SUMMERSIDE_A  1998   7  19  200     16.0    28.0    22.2  -999.9     0.0    13.4    13.8   330.0
SUMMERSIDE_A  1998   7  20  201     16.8    27.7    21.1  -999.9     0.0    19.6    15.4   330.0
SUMMERSIDE_A  1998   7  21  202     18.5    27.5    19.1  -999.9     3.2    18.6    15.2   330.0
SUMMERSIDE_A  1998   7  22  203     17.0    27.5    20.6  -999.9     0.0    23.9    18.9   330.0
SUMMERSIDE_A  1998   7  23  204     17.0    27.5    20.5  -999.9     9.0     6.8    14.7   330.0
SUMMERSIDE_A  1998   7  24  205     17.0    24.5    17.2  -999.9     0.0    18.8    22.4   330.0
SUMMERSIDE_A  1998   7  25  206     14.0    25.0    20.8  -999.9     0.0    25.0    12.1   330.0
SUMMERSIDE_A  1998   7  26  207     14.0    25.0    20.7  -999.9     0.0     8.9    15.2   330.0
SUMMERSIDE_A  1998   7  27  208     15.0    25.0    19.7  -999.9     0.0     7.3    16.2   330.0
SUMMERSIDE_A  1998   7  28  209     17.0    26.1    18.7  -999.9     0.0    26.4    16.3   330.0
SUMMERSIDE_A  1998   7  29  210     19.0    26.0    16.3  -999.9     9.6    25.9    20.1   330.0
SUMMERSIDE_A  1998   7  30  211     16.5    27.2    20.1  -999.9     2.5    20.8    17.8   330.0
SUMMERSIDE_A  1998   7  31  212     15.3    23.5    17.5  -999.9     2.2    12.2    16.8   330.0
SUMMERSIDE_A  1998   8   1  213     14.0    23.5    18.8  -999.9     0.0    13.2    13.0   330.0
SUMMERSIDE_A  1998   8   2  214     13.5    27.5    22.7  -999.9     0.0    16.9    14.3   330.0
SUMMERSIDE_A  1998   8   3  215     16.7    27.0    19.4  -999.9     0.0    16.5    17.4   330.0
SUMMERSIDE_A  1998   8   4  216     15.0    24.3    18.3  -999.9     0.0     7.4    15.2   330.0
SUMMERSIDE_A  1998   8   5  217     16.5    27.0    19.4  -999.9     0.0     9.4    14.1   330.0
SUMMERSIDE_A  1998   8   6  218     18.0    22.4    12.5  -999.9     0.0    14.6    16.1   330.0
SUMMERSIDE_A  1998   8   7  219     14.5    28.5    22.1  -999.9     0.0    11.3    15.6   330.0
SUMMERSIDE_A  1998   8   8  220     16.5    30.5    22.0  -999.9     0.0     9.4    16.5   330.0
SUMMERSIDE_A  1998   8   9  221     18.0    31.2    21.2  -999.9     0.0    17.2    20.1   330.0
SUMMERSIDE_A  1998   8  10  222     17.5    27.0    17.9  -999.9     0.0    24.8    21.0   330.0
SUMMERSIDE_A  1998   8  11  223     19.5    28.6    17.4  -999.9    30.0    24.1    25.1   330.0
SUMMERSIDE_A  1998   8  12  224     13.8    16.5     9.4  -999.9     1.8    33.1    16.0   330.0
SUMMERSIDE_A  1998   8  13  225     10.5    16.5    14.0  -999.9     3.6    18.4    13.5   330.0
SUMMERSIDE_A  1998   8  14  226     10.0    26.8    23.3  -999.9     0.0    17.9    11.4   330.0
SUMMERSIDE_A  1998   8  15  227     15.5    24.5    16.9  -999.9     0.0    26.6    18.7   330.0
SUMMERSIDE_A  1998   8  16  228     17.0    25.0    15.9  -999.9     0.0    23.6    21.5   330.0
SUMMERSIDE_A  1998   8  17  229     14.5    26.5    19.3  -999.9    17.4     9.5    16.3   330.0
SUMMERSIDE_A  1998   8  18  230     18.5    24.0    13.0  -999.9    40.8     8.2    24.2   330.0
SUMMERSIDE_A  1998   8  19  231     12.5    21.7    16.7  -999.9     0.0    13.4    12.2   330.0
SUMMERSIDE_A  1998   8  20  232     10.5    20.8    17.5  -999.9     0.0    13.4    11.7   330.0
SUMMERSIDE_A  1998   8  21  233     13.4    22.5    16.3  -999.9     0.0    13.5    15.1   330.0
SUMMERSIDE_A  1998   8  22  234     14.5    19.5    12.0  -999.9     0.0    16.0    14.8   330.0
SUMMERSIDE_A  1998   8  23  235     11.0    23.5    18.9  -999.9     1.0    11.8    12.4   330.0
SUMMERSIDE_A  1998   8  24  236     16.0    21.5    12.4  -999.9     3.7    22.8    20.8   330.0
SUMMERSIDE_A  1998   8  25  237     17.0    22.1    11.9  -999.9     2.6    19.9    21.2   330.0
SUMMERSIDE_A  1998   8  26  238     15.0    20.5    12.2  -999.9     0.2    12.1    19.8   330.0
SUMMERSIDE_A  1998   8  27  239     15.0    17.5     8.2  -999.9     0.0     4.7    17.0   330.0
SUMMERSIDE_A  1998   8  28  240     14.0    21.8    14.4  -999.9     0.0    14.2    16.4   330.0
SUMMERSIDE_A  1998   8  29  241     13.5    23.0    15.7  -999.9    25.0    14.8    15.7   330.0
SUMMERSIDE_A  1998   8  30  242     13.0    21.5    14.7  -999.9     0.0    14.1    17.2   330.0
SUMMERSIDE_A  1998   8  31  243     16.0    24.0    14.2  -999.9     3.8    13.5    15.2   330.0
SUMMERSIDE_A  1998   9   1  244     14.0    22.5    14.5  -999.9     0.0    12.1    15.5   330.0
SUMMERSIDE_A  1998   9   2  245     14.5    24.0    15.2  -999.9     0.8     9.8    15.7   330.0
SUMMERSIDE_A  1998   9   3  246     13.5    22.5    14.7  -999.9     0.0     5.0    15.5   330.0
SUMMERSIDE_A  1998   9   4  247     16.0    21.0    10.8  -999.9     5.6    23.7    19.4   330.0
SUMMERSIDE_A  1998   9   5  248     14.0    21.0    12.7  -999.9     0.0    19.9    14.5   330.0
SUMMERSIDE_A  1998   9   6  249     14.0    21.0    12.6  -999.9     1.4    15.2    14.8   330.0
SUMMERSIDE_A  1998   9   7  250     14.0    19.5    11.1  -999.9     0.0     6.4    15.5   330.0
SUMMERSIDE_A  1998   9   8  251     13.0    18.5    11.0  -999.9    23.8    14.4    17.6   330.0
SUMMERSIDE_A  1998   9   9  252     15.0    18.5     8.7  -999.9     0.0    22.9    16.2   330.0
SUMMERSIDE_A  1998   9  10  253     13.0    17.0     9.2  -999.9     5.0    15.1    14.0   330.0
SUMMERSIDE_A  1998   9  11  254     10.0    16.5    11.6  -999.9    19.0    18.1    14.4   330.0
SUMMERSIDE_A  1998   9  12  255      9.0    15.5    11.5  -999.9     5.2     7.7    12.2   330.0
SUMMERSIDE_A  1998   9  13  256     13.0    17.0     8.9  -999.9     0.2    14.2    14.2   330.0
SUMMERSIDE_A  1998   9  14  257      7.0    21.5    16.8  -999.9     0.0    15.2    12.0   330.0
SUMMERSIDE_A  1998   9  15  258     11.0    20.0    13.1  -999.9     3.8    11.0    14.7   330.0
SUMMERSIDE_A  1998   9  16  259     15.0    19.0     8.6  -999.9     0.0    23.9    12.5   330.0
SUMMERSIDE_A  1998   9  17  260      9.5    14.0     9.1  -999.9     1.0    19.3     8.8   330.0
SUMMERSIDE_A  1998   9  18  261      7.5    14.0    10.8  -999.9     0.0    12.4     9.7   330.0
SUMMERSIDE_A  1998   9  19  262      8.5    17.5    12.5  -999.9    14.4    27.0    11.4   330.0
SUMMERSIDE_A  1998   9  20  263     11.5    16.8     9.5  -999.9     0.0    14.1    11.1   330.0
SUMMERSIDE_A  1998   9  21  264     10.8    19.6    12.1  -999.9     0.0    22.3    15.5   330.0
SUMMERSIDE_A  1998   9  22  265     13.0    18.5     9.5  -999.9    71.0    11.1    17.8   330.0
SUMMERSIDE_A  1998   9  23  266      9.0    11.7     6.6  -999.9     8.0    18.4    10.8   330.0
SUMMERSIDE_A  1998   9  24  267      6.5    16.0    12.2  -999.9     0.0    18.5     7.7   330.0
SUMMERSIDE_A  1998   9  25  268      9.5    18.5    11.7  -999.9     0.0    17.3     9.9   330.0
SUMMERSIDE_A  1998   9  26  269     10.0    20.0    12.2  -999.9     0.0    11.6    14.6   330.0
SUMMERSIDE_A  1998   9  27  270     12.5    16.5     7.6  -999.9    16.2    24.3    15.0   330.0
SUMMERSIDE_A  1998   9  28  271     14.5    19.5     8.4  -999.9    11.6    13.0    16.4   330.0
SUMMERSIDE_A  1998   9  29  272      8.5    15.5     9.8  -999.9     0.0    14.7     9.4   330.0
SUMMERSIDE_A  1998   9  30  273     10.5    17.0     9.4  -999.9     2.6    22.3    12.8   330.0
SUMMERSIDE_A  1998  10   1  274     12.0    19.1     9.7  -999.9    17.8    23.3    16.3   330.0
SUMMERSIDE_A  1998  10   2  275      6.0    12.2     8.9  -999.9     0.0    27.4     7.3   330.0
SUMMERSIDE_A  1998  10   3  276      6.5    11.5     7.9  -999.9     0.0    28.5     6.9   330.0
SUMMERSIDE_A  1998  10   4  277      5.0    13.7    10.3  -999.9     0.0    24.7     7.2   330.0
SUMMERSIDE_A  1998  10   5  278      5.0     8.2     6.2  -999.9     1.0    22.6     6.0   330.0
SUMMERSIDE_A  1998  10   6  279      5.3     9.0     6.6  -999.9     0.6    24.0     7.8   330.0
SUMMERSIDE_A  1998  10   7  280      3.5     9.5     8.2  -999.9     0.0     8.8     6.4   330.0
SUMMERSIDE_A  1998  10   8  281      6.0    11.5     7.8  -999.9     8.2    24.6    10.5   330.0
SUMMERSIDE_A  1998  10   9  282      8.0    11.0     5.7  -999.9     0.6    21.2    10.5   330.0
SUMMERSIDE_A  1998  10  10  283      7.0    13.5     8.2  -999.9     1.8    10.4    11.5   330.0
SUMMERSIDE_A  1998  10  11  284     10.0    12.5     5.0  -999.9     8.4    13.9    13.2   330.0
SUMMERSIDE_A  1998  10  12  285      8.5    11.5     5.5  -999.9     0.0    26.0    10.7   330.0
SUMMERSIDE_A  1998  10  13  286      6.5     8.5     4.4  -999.9     0.0    16.8     8.9   330.0
SUMMERSIDE_A  1998  10  14  287      6.0     9.5     5.7  -999.9     3.8     1.6     8.2   330.0
SUMMERSIDE_A  1998  10  15  288      7.5    10.5     5.2  -999.9    38.4    16.2    11.5   330.0
SUMMERSIDE_A  1998  10  16  289      9.0    11.5     4.7  -999.9     2.8    14.4    12.0   330.0
SUMMERSIDE_A  1998  10  17  290      6.5     9.0     4.7  -999.9     0.4    25.0     9.2   330.0
SUMMERSIDE_A  1998  10  18  291      3.5    15.5    10.0  -999.9     0.2    17.8     9.8   330.0
SUMMERSIDE_A  1998  10  19  292     11.0    19.2     8.2  -999.9     0.6    25.9    13.6   330.0
SUMMERSIDE_A  1998  10  20  293      6.0    12.8     7.4  -999.9     0.0    18.3     7.7   330.0
SUMMERSIDE_A  1998  10  21  294      4.0     8.5     5.9  -999.9     1.8    22.7     7.1   330.0
SUMMERSIDE_A  1998  10  22  295      3.5     9.0     6.4  -999.9     3.0    20.8     8.2   330.0
SUMMERSIDE_A  1998  10  23  296      0.0     9.0     8.1  -999.9     1.2    13.2     6.1   330.0
SUMMERSIDE_A  1998  10  24  297      6.0    14.5     7.8  -999.9     0.0    15.0     8.5   330.0
SUMMERSIDE_A  1998  10  25  298      6.0     8.2     3.9  -999.9     0.0    20.0     5.6   330.0
SUMMERSIDE_A  1998  10  26  299      0.2     6.0     6.2  -999.9     0.0    15.8     4.4   330.0
SUMMERSIDE_A  1998  10  27  300     -0.5     9.0     7.9  -999.9     0.0    19.0     4.8   330.0
SUMMERSIDE_A  1998  10  28  301      4.5    13.0     7.3  -999.9     4.6    25.9     8.6   330.0
SUMMERSIDE_A  1998  10  29  302      8.0    12.0     5.0  -999.9    34.4    17.3    12.3   330.0
SUMMERSIDE_A  1998  10  30  303      7.5    12.5     5.5  -999.9     1.8    21.3    11.3   330.0
SUMMERSIDE_A  1998  10  31  304      6.5    10.0     4.5  -999.9    29.6    37.0    10.9   330.0
SUMMERSIDE_A  1998  11   1  305      4.5     6.0     2.9  -999.9     8.2    35.4     8.9   330.0
SUMMERSIDE_A  1998  11   2  306      2.5     5.2     3.9  -999.9     1.2    20.1     7.0   330.0
SUMMERSIDE_A  1998  11   3  307      4.0     5.2     2.5  -999.9     0.4    15.0     7.4   330.0
SUMMERSIDE_A  1998  11   4  308      3.3     5.5     3.4  -999.9     0.6    19.3     6.6   330.0
SUMMERSIDE_A  1998  11   5  309      2.0     7.0     5.0  -999.9     0.0    24.9     6.2   330.0
SUMMERSIDE_A  1998  11   6  310      2.0     6.4     4.7  -999.9     2.0    18.9     6.7   330.0
SUMMERSIDE_A  1998  11   7  311      1.5     5.1     4.2  -999.9     1.0     9.6     6.6   330.0
SUMMERSIDE_A  1998  11   8  312      1.5     4.0     3.4  -999.9     0.0     8.6     5.8   330.0
SUMMERSIDE_A  1998  11   9  313     -1.5     4.0     5.0  -999.9     1.2    12.4     5.1   330.0
SUMMERSIDE_A  1998  11  10  314      0.5     4.0     3.9  -999.9     0.0     8.2     5.0   330.0
SUMMERSIDE_A  1998  11  11  315      0.0    11.2     7.0  -999.9    16.6    29.0     8.3   330.0
SUMMERSIDE_A  1998  11  12  316      4.2     9.5     4.7  -999.9     2.2    24.9     6.3   330.0
SUMMERSIDE_A  1998  11  13  317      0.0     3.5     3.8  -999.9     0.0    24.7     6.6   330.0
SUMMERSIDE_A  1998  11  14  318     -4.0     2.5     5.1  -999.9     0.0    19.9     4.1   330.0
SUMMERSIDE_A  1998  11  15  319     -3.5     3.5     5.2  -999.9    19.6    22.9     5.8   330.0
SUMMERSIDE_A  1998  11  16  320     -2.0     1.1     3.4  -999.9     0.0    33.1     3.5   330.0
SUMMERSIDE_A  1998  11  17  321     -4.6     0.0     4.1  -999.9     0.0    13.0     3.8   330.0
SUMMERSIDE_A  1998  11  18  322     -4.8     0.5     4.4  -999.9     0.0    12.8     4.0   330.0
SUMMERSIDE_A  1998  11  19  323     -4.0    -0.5     3.5  -999.9     3.0    13.8     3.8   330.0
SUMMERSIDE_A  1998  11  20  324     -4.0     5.0     5.6  -999.9    12.0    23.5     5.5   330.0
SUMMERSIDE_A  1998  11  21  325      2.0     4.0     2.6  -999.9     0.4     4.2     7.3   330.0
SUMMERSIDE_A  1998  11  22  326     -0.5     5.0     4.3  -999.9     0.0    16.6     6.0   330.0
SUMMERSIDE_A  1998  11  23  327     -1.0     8.0     5.4  -999.9     0.0    28.2     6.6   330.0
SUMMERSIDE_A  1998  11  24  328      5.4     9.0     3.4  -999.9     0.0    31.2     7.4   330.0
SUMMERSIDE_A  1998  11  25  329     -1.0     2.0     3.0  -999.9     0.0    25.0     5.6   330.0
SUMMERSIDE_A  1998  11  26  330     -3.5    11.0     6.6  -999.9     5.8    15.9     6.4   330.0
SUMMERSIDE_A  1998  11  27  331      0.0     9.5     5.3  -999.9     0.0    31.4     7.1   330.0
SUMMERSIDE_A  1998  11  28  332     -1.0     1.0     2.4  -999.9     0.0    23.2     4.9   330.0
SUMMERSIDE_A  1998  11  29  333     -2.0     1.7     3.3  -999.9     0.0    19.6     5.0   330.0
SUMMERSIDE_A  1998  11  30  334     -5.6     8.8     6.4  -999.9    10.0    16.4     5.2   330.0
SUMMERSIDE_A  1998  12   1  335     -1.0    10.1     5.5  -999.9     1.0    24.2     7.3   330.0
SUMMERSIDE_A  1998  12   2  336      0.0     4.8     3.6  -999.9     0.0    21.4     4.8   330.0
SUMMERSIDE_A  1998  12   3  337     -1.5     1.5     2.8  -999.9     0.0    23.0     4.5   330.0
SUMMERSIDE_A  1998  12   4  338     -1.7     3.6     3.7  -999.9     2.8    19.0     5.6   330.0
SUMMERSIDE_A  1998  12   5  339     -5.0     0.0     3.6  -999.9     0.0    23.8     3.6   330.0
SUMMERSIDE_A  1998  12   6  340     -6.2     4.0     5.1  -999.9     6.2     7.8     5.0   330.0
SUMMERSIDE_A  1998  12   7  341     -2.5    12.3     6.1  -999.9     0.0    28.0     7.9   330.0
SUMMERSIDE_A  1998  12   8  342     -4.0    -1.0     2.7  -999.9     0.0    22.3     3.6   330.0
SUMMERSIDE_A  1998  12   9  343     -2.5    -1.0     1.9  -999.9     0.0    13.1     4.7   330.0
SUMMERSIDE_A  1998  12  10  344     -5.0    -1.0     3.1  -999.9     0.0    23.3     3.4   330.0
SUMMERSIDE_A  1998  12  11  345     -7.5    -2.0     3.7  -999.9     0.0    14.8     2.9   330.0
SUMMERSIDE_A  1998  12  12  346     -7.5     3.5     5.2  -999.9     0.0    16.6     3.8   330.0
SUMMERSIDE_A  1998  12  13  347     -1.0     4.5     3.6  -999.9     0.0    19.7     5.0   330.0
SUMMERSIDE_A  1998  12  14  348     -4.0     0.0     3.1  -999.9     0.0    21.9     3.9   330.0
SUMMERSIDE_A  1998  12  15  349     -9.3     5.0     5.8  -999.9     0.0    25.1     3.3   330.0
SUMMERSIDE_A  1998  12  16  350     -0.5     5.9     3.9  -999.9     0.0    14.4     5.1   330.0
SUMMERSIDE_A  1998  12  17  351     -0.5     1.5     2.2  -999.9     7.4    22.6     5.0   330.0
SUMMERSIDE_A  1998  12  18  352     -0.5     0.5     1.5  -999.9    13.0    31.4     6.1   330.0
SUMMERSIDE_A  1998  12  19  353    -11.5     1.5     5.5  -999.9     8.0    10.9     1.9   330.0
SUMMERSIDE_A  1998  12  20  354    -11.5     0.5     5.3  -999.9     0.0    20.9     3.3   330.0
SUMMERSIDE_A  1998  12  21  355    -13.0     4.0     6.3  -999.9     0.0     6.9     3.3   330.0
SUMMERSIDE_A  1998  12  22  356     -3.5     6.5     4.8  -999.9     6.4    28.0     6.7   330.0
SUMMERSIDE_A  1998  12  23  357    -13.0   -10.0     2.7  -999.9     0.0    28.0     1.4   330.0
SUMMERSIDE_A  1998  12  24  358    -13.5    -4.0     4.7  -999.9     0.0    13.0     2.0   330.0
SUMMERSIDE_A  1998  12  25  359    -13.0    -3.0     4.9  -999.9     0.0     7.8     2.9   330.0
SUMMERSIDE_A  1998  12  26  360    -14.0     1.0     6.0  -999.9     0.0     5.5     4.1   330.0
SUMMERSIDE_A  1998  12  27  361     -6.0     0.0     3.8  -999.9     0.0     6.3     3.7   330.0
SUMMERSIDE_A  1998  12  28  362    -11.0     1.7     5.5  -999.9     1.8     6.6     5.0   330.0
SUMMERSIDE_A  1998  12  29  363     -6.0     2.5     4.5  -999.9     4.8    16.2     3.7   330.0
SUMMERSIDE_A  1998  12  30  364     -5.0     3.0     4.4  -999.9     9.5    15.0     5.4   330.0
SUMMERSIDE_A  1998  12  31  365    -18.0   -15.5     2.5  -999.9     0.0    33.3     0.9   330.0
