SUMMERSIDE_A  1994   1   1    1    -10.2     2.5     5.9  -999.9     0.0     5.8     3.3   330.0
SUMMERSIDE_A  1994   1   2    2     -8.4     4.5     5.5  -999.9     0.7     8.7     5.5   330.0
SUMMERSIDE_A  1994   1   3    3    -15.4    -9.5     3.4  -999.9     0.0     6.0     1.7   330.0
SUMMERSIDE_A  1994   1   4    4    -14.8     3.0     0.7  -999.9     7.7     7.3     3.1   330.0
SUMMERSIDE_A  1994   1   5    5     -9.9     3.5     3.4  -999.9     0.8     8.3     4.6   330.0
SUMMERSIDE_A  1994   1   6    6    -17.4   -15.0     2.7  -999.9     0.1    13.1     1.7   330.0
SUMMERSIDE_A  1994   1   7    7    -17.8   -10.5     4.9  -999.9     0.0     9.2     1.7   330.0
SUMMERSIDE_A  1994   1   8    8    -14.9    -3.0     3.6  -999.9     8.0     5.0     2.8   330.0
SUMMERSIDE_A  1994   1   9    9    -13.9   -12.5     4.6  -999.9     0.0    11.5     2.3   330.0
SUMMERSIDE_A  1994   1  10   10    -14.7    -8.0     5.6  -999.9     0.1    10.0     2.2   330.0
SUMMERSIDE_A  1994   1  11   11    -14.2    -4.0     4.6  -999.9     0.3     4.5     2.8   330.0
SUMMERSIDE_A  1994   1  12   12    -11.3    -5.0     6.6  -999.9     0.1     5.2     2.9   330.0
SUMMERSIDE_A  1994   1  13   13    -10.9    -2.0     5.6  -999.9     0.4     3.7     3.5   330.0
SUMMERSIDE_A  1994   1  14   14     -7.2    -2.5     0.2  -999.9     5.8     4.6     4.4   330.0
SUMMERSIDE_A  1994   1  15   15    -12.8     1.0     3.4  -999.9     0.5     6.6     4.0   330.0
SUMMERSIDE_A  1994   1  16   16    -21.7   -23.0     4.0  -999.9     0.0     9.3     1.3   330.0
SUMMERSIDE_A  1994   1  17   17    -22.3     4.0     2.1  -999.9     3.0     6.9     1.8   330.0
SUMMERSIDE_A  1994   1  18   18     -7.7     7.0     0.2  -999.9    11.9    10.4     5.7   330.0
SUMMERSIDE_A  1994   1  19   19    -19.0   -15.5     3.6  -999.9     0.2     9.2     1.5   330.0
SUMMERSIDE_A  1994   1  20   20    -21.1   -14.0     6.6  -999.9     0.0     6.3     1.4   330.0
SUMMERSIDE_A  1994   1  21   21    -17.4   -11.0     5.7  -999.9     0.0     4.9     1.8   330.0
SUMMERSIDE_A  1994   1  22   22    -12.0    -7.0     4.8  -999.9     1.4     6.1     3.0   330.0
SUMMERSIDE_A  1994   1  23   23    -18.2   -18.0     1.4  -999.9     0.1     8.4     1.4   330.0
SUMMERSIDE_A  1994   1  24   24    -18.9   -15.0     2.9  -999.9     3.4     3.8     1.7   330.0
SUMMERSIDE_A  1994   1  25   25    -19.3   -13.5     4.2  -999.9     0.0     6.2     1.7   330.0
SUMMERSIDE_A  1994   1  26   26    -23.4   -21.0     3.3  -999.9     0.1     7.4     1.1   330.0
SUMMERSIDE_A  1994   1  27   27    -19.5   -10.5     4.9  -999.9     0.1     5.3     2.0   330.0
SUMMERSIDE_A  1994   1  28   28    -15.0     6.0     2.0  -999.9     9.0     9.6     4.0   330.0
SUMMERSIDE_A  1994   1  29   29     -8.4     7.5     5.8  -999.9     1.6     8.9     5.7   330.0
SUMMERSIDE_A  1994   1  30   30    -17.6   -14.0     7.6  -999.9     0.0     7.0     1.6   330.0
SUMMERSIDE_A  1994   1  31   31    -18.9   -14.0     7.2  -999.9     0.0     3.1     1.4   330.0
SUMMERSIDE_A  1994   2   1   32    -16.0   -12.0     4.4  -999.9     0.0    12.1     1.1   330.0
SUMMERSIDE_A  1994   2   2   33    -16.0    -9.0     5.8  -999.9     0.0    12.4     1.5   330.0
SUMMERSIDE_A  1994   2   3   34    -11.0    -8.0     3.9  -999.9     2.6    18.1     2.6   330.0
SUMMERSIDE_A  1994   2   4   35    -11.0    -7.0     4.5  -999.9     0.3    22.7     1.8   330.0
SUMMERSIDE_A  1994   2   5   36    -11.3     0.5     2.1  -999.9     0.3     4.1     3.7   330.0
SUMMERSIDE_A  1994   2   6   37    -10.4    -2.5     9.5  -999.9     0.2     6.2     3.3   330.0
SUMMERSIDE_A  1994   2   7   38    -13.0    -7.0     5.8  -999.9     1.4    16.9     1.9   330.0
SUMMERSIDE_A  1994   2   8   39    -23.0   -20.0     4.2  -999.9     0.0    25.6     0.5   330.0
SUMMERSIDE_A  1994   2   9   40    -22.0   -16.0     6.0  -999.9     0.1    10.8     0.7   330.0
SUMMERSIDE_A  1994   2  10   41    -20.0   -15.0     5.5  -999.9     0.1    21.2     0.8   330.0
SUMMERSIDE_A  1994   2  11   42    -18.0   -12.0     6.1  -999.9     0.0    15.0     0.9   330.0
SUMMERSIDE_A  1994   2  12   43    -21.0    -8.0     9.2  -999.9     0.0    11.0     1.1   330.0
SUMMERSIDE_A  1994   2  13   44    -11.5    -6.0     5.7  -999.9     6.7     6.4     2.8   330.0
SUMMERSIDE_A  1994   2  14   45    -10.0    -6.0     5.2  -999.9     4.0    40.1     2.9   330.0
SUMMERSIDE_A  1994   2  15   46    -10.0    -6.0     5.3  -999.9     0.4    24.5     2.1   330.0
SUMMERSIDE_A  1994   2  16   47    -13.0    -8.0     6.0  -999.9     0.0    12.4     2.2   330.0
SUMMERSIDE_A  1994   2  17   48    -14.0    -6.0     7.7  -999.9     0.0    16.5     2.3   330.0
SUMMERSIDE_A  1994   2  18   49     -7.0    -7.0     0.0  -999.9     0.0    30.0     2.4   330.0
SUMMERSIDE_A  1994   2  19   50    -13.9     8.0    11.9  -999.9     0.0     7.1     3.7   330.0
SUMMERSIDE_A  1994   2  20   51      0.5    14.5     3.4  -999.9     0.0     6.3     7.2   330.0
SUMMERSIDE_A  1994   2  21   52      2.0    10.0     8.2  -999.9     0.1    20.2     7.4   330.0
SUMMERSIDE_A  1994   2  22   53     -9.0     0.0     8.8  -999.9     0.1    23.9     4.3   330.0
SUMMERSIDE_A  1994   2  23   54    -15.0    -9.0     7.3  -999.9     0.0    16.2     1.3   330.0
SUMMERSIDE_A  1994   2  24   55    -13.0   -12.0     3.0  -999.9     7.4    32.8     1.6   330.0
SUMMERSIDE_A  1994   2  25   56    -11.0    -8.0     5.3  -999.9     0.2    40.0     1.8   330.0
SUMMERSIDE_A  1994   2  26   57    -12.4    -4.5    11.5  -999.9     0.0     9.7     2.2   330.0
SUMMERSIDE_A  1994   2  27   58    -16.1   -11.0    10.2  -999.9     0.2     9.5     1.8   330.0
SUMMERSIDE_A  1994   2  28   59    -15.0    -6.0     9.6  -999.9     0.0    25.4     1.5   330.0
SUMMERSIDE_A  1994   3   1   60    -15.0    -7.0     9.1  -999.9     0.2    23.4     1.3   330.0
SUMMERSIDE_A  1994   3   2   61    -14.0    -9.0     7.3  -999.9     0.1    12.5     1.5   330.0
SUMMERSIDE_A  1994   3   3   62    -13.0    -4.0     9.9  -999.9     5.9    16.6     2.5   330.0
SUMMERSIDE_A  1994   3   4   63     -2.0     2.0     6.7  -999.9     9.1    17.6     6.3   330.0
SUMMERSIDE_A  1994   3   5   64     -7.9    -3.0    10.0  -999.9     2.6     8.5     3.9   330.0
SUMMERSIDE_A  1994   3   6   65    -13.5    -9.5    10.3  -999.9     0.0     6.1     2.0   330.0
SUMMERSIDE_A  1994   3   7   66      0.0     0.0     0.0  -999.9     0.0    24.3     4.3   330.0
SUMMERSIDE_A  1994   3   8   67      2.0     3.0     3.5  -999.9     9.3    22.1     7.3   330.0
SUMMERSIDE_A  1994   3   9   68     -1.0     0.0     3.6  -999.9     0.3    24.1     3.8   330.0
SUMMERSIDE_A  1994   3  10   69     -2.0     6.0    10.3  -999.9    18.4    26.4     6.9   330.0
SUMMERSIDE_A  1994   3  11   70     -3.0    -1.0     5.2  -999.9     9.8    34.5     4.7   330.0
SUMMERSIDE_A  1994   3  12   71    -12.6    -8.5    16.7  -999.9     0.1     8.5     2.2   330.0
SUMMERSIDE_A  1994   3  13   72    -13.2     0.0    13.6  -999.9     1.2     6.0     3.5   330.0
SUMMERSIDE_A  1994   3  14   73      1.0     3.0     5.4  -999.9     7.8    18.6     7.0   330.0
SUMMERSIDE_A  1994   3  15   74      4.0     7.0     6.7  -999.9     7.1    19.4     8.9   330.0
SUMMERSIDE_A  1994   3  16   75      3.0     5.0     5.5  -999.9    10.9    19.5     7.1   330.0
SUMMERSIDE_A  1994   3  17   76     -2.2     5.0    10.2  -999.9     5.7     4.0     6.2   330.0
SUMMERSIDE_A  1994   3  18   77     -5.2    -1.0    13.0  -999.9     0.0     5.4     4.1   330.0
SUMMERSIDE_A  1994   3  19   78     -5.0     2.0    10.7  -999.9     0.0    17.5     3.6   330.0
SUMMERSIDE_A  1994   3  20   79     -2.0     0.0     5.8  -999.9     0.9    14.8     4.1   330.0
SUMMERSIDE_A  1994   3  21   80     -3.0    -1.0     5.8  -999.9     0.3    20.0     4.3   330.0
SUMMERSIDE_A  1994   3  22   81     -5.0     4.0    12.5  -999.9     0.0    21.0     4.5   330.0
SUMMERSIDE_A  1994   3  23   82     -1.0     0.0     4.2  -999.9    12.2    26.1     5.5   330.0
SUMMERSIDE_A  1994   3  24   83     -2.0     4.0    10.5  -999.9     0.8    10.2     5.6   330.0
SUMMERSIDE_A  1994   3  25   84      1.0     3.0     6.1  -999.9     1.6    25.1     6.0   330.0
SUMMERSIDE_A  1994   3  26   85     -1.3     3.0     7.8  -999.9     0.4     6.4     5.4   330.0
SUMMERSIDE_A  1994   3  27   86     -2.0     0.0     6.2  -999.9     0.7     9.0     4.3   330.0
SUMMERSIDE_A  1994   3  28   87      1.0     3.0     6.3  -999.9     5.0    12.8     6.5   330.0
SUMMERSIDE_A  1994   3  29   88     -2.0     0.0     6.4  -999.9     1.0    13.5     5.2   330.0
SUMMERSIDE_A  1994   3  30   89     -5.0     5.0    14.4  -999.9     0.1    17.2     4.4   330.0
SUMMERSIDE_A  1994   3  31   90     -2.0     5.0    12.1  -999.9     0.0    31.9     4.5   330.0
SUMMERSIDE_A  1994   4   1   91     -2.0     3.0    10.4  -999.9     0.5    30.7     5.1   330.0
SUMMERSIDE_A  1994   4   2   92     -8.0    -5.0     8.1  -999.9     0.0    12.6     2.6   330.0
SUMMERSIDE_A  1994   4   3   93     -1.0     8.0    14.2  -999.9     0.8    36.3     6.9   330.0
SUMMERSIDE_A  1994   4   4   94      1.0     5.0     9.5  -999.9     7.5     8.2     8.0   330.0
SUMMERSIDE_A  1994   4   5   95     -3.0     9.0    16.7  -999.9     0.0    17.0     6.5   330.0
SUMMERSIDE_A  1994   4   6   96      2.0     5.0     8.4  -999.9     4.2    18.1     7.4   330.0
SUMMERSIDE_A  1994   4   7   97      1.0     7.0    12.0  -999.9    16.4     8.2     7.7   330.0
SUMMERSIDE_A  1994   4   8   98     -2.0     4.0    12.1  -999.9     0.2    34.4     5.0   330.0
SUMMERSIDE_A  1994   4   9   99      1.0     5.0    10.0  -999.9     0.1    22.8     4.2   330.0
SUMMERSIDE_A  1994   4  10  100      5.0     8.0     8.7  -999.9     9.4    32.2     8.9   330.0
SUMMERSIDE_A  1994   4  11  101      3.0     5.0     7.2  -999.9     0.4    27.4     6.3   330.0
SUMMERSIDE_A  1994   4  12  102      2.0    13.0    17.0  -999.9     0.2    19.2     4.8   330.0
SUMMERSIDE_A  1994   4  13  103      1.0    15.0    19.3  -999.9     1.0    17.2     6.8   330.0
SUMMERSIDE_A  1994   4  14  104      7.0    13.0    12.7  -999.9     2.6    28.2    11.2   330.0
SUMMERSIDE_A  1994   4  15  105      4.0    18.0    19.6  -999.9     0.0    22.8     8.6   330.0
SUMMERSIDE_A  1994   4  16  106      7.0    23.0    21.1  -999.9     0.6    22.8    11.1   330.0
SUMMERSIDE_A  1994   4  17  107      8.0    15.0    14.1  -999.9     1.9    28.8    10.2   330.0
SUMMERSIDE_A  1994   4  18  108      3.0    10.0    14.2  -999.9     0.3    21.5     8.0   330.0
SUMMERSIDE_A  1994   4  19  109      2.0    11.0    16.2  -999.9     0.3    12.3     7.6   330.0
SUMMERSIDE_A  1994   4  20  110      4.0     9.0    12.2  -999.9     1.8    15.2     9.6   330.0
SUMMERSIDE_A  1994   4  21  111      3.0     8.0    12.2  -999.9     0.1    26.1     7.0   330.0
SUMMERSIDE_A  1994   4  22  112      1.0     7.0    13.5  -999.9     0.9    23.5     6.1   330.0
SUMMERSIDE_A  1994   4  23  113     -1.0     3.0    11.1  -999.9     1.0    17.5     4.0   330.0
SUMMERSIDE_A  1994   4  24  114      0.0     3.0     9.7  -999.9     0.6    16.8     5.0   330.0
SUMMERSIDE_A  1994   4  25  115     -3.0     7.0    17.8  -999.9     0.0    20.5     5.2   330.0
SUMMERSIDE_A  1994   4  26  116     -2.0    11.0    20.4  -999.9     0.0    12.4     5.1   330.0
SUMMERSIDE_A  1994   4  27  117      3.0    13.0    18.0  -999.9     3.6    28.6     9.8   330.0
SUMMERSIDE_A  1994   4  28  118      5.0    10.0    12.8  -999.9     0.2    33.9     5.4   330.0
SUMMERSIDE_A  1994   4  29  119      1.0    11.0    18.2  -999.9     0.0    23.7     4.6   330.0
SUMMERSIDE_A  1994   4  30  120      4.0     8.0    11.6  -999.9     2.0    22.0     7.2   330.0
SUMMERSIDE_A  1994   5   1  121      4.0     5.0     5.8  -999.9    17.7    15.2     7.6   330.0
SUMMERSIDE_A  1994   5   2  122      4.0    11.0    15.5  -999.9     0.6    21.8     8.3   330.0
SUMMERSIDE_A  1994   5   3  123      3.0    13.0    18.7  -999.9     0.0    18.4     6.0   330.0
SUMMERSIDE_A  1994   5   4  124      6.0    15.0    17.8  -999.9     0.1    19.5     7.7   330.0
SUMMERSIDE_A  1994   5   5  125      7.0    13.0    14.6  -999.9    17.4    25.1     8.3   330.0
SUMMERSIDE_A  1994   5   6  126      3.0     4.0     6.0  -999.9     5.0    23.8     8.0   330.0
SUMMERSIDE_A  1994   5   7  127      2.0     6.0    12.0  -999.9     2.1    26.4     7.1   330.0
SUMMERSIDE_A  1994   5   8  128      6.0    12.0    14.8  -999.9     7.8    28.2     8.5   330.0
SUMMERSIDE_A  1994   5   9  129      7.0    14.0    16.1  -999.9    11.4    25.8    11.7   330.0
SUMMERSIDE_A  1994   5  10  130      7.0    17.0    19.3  -999.9     0.1    20.4     9.9   330.0
SUMMERSIDE_A  1994   5  11  131      8.0    14.0    15.0  -999.9     0.4    15.1     7.9   330.0
SUMMERSIDE_A  1994   5  12  132      8.0    15.0    16.3  -999.9     0.2    24.6     8.1   330.0
SUMMERSIDE_A  1994   5  13  133     10.0    14.0    12.4  -999.9    15.1    22.6    12.4   330.0
SUMMERSIDE_A  1994   5  14  134      4.0     6.0     8.8  -999.9     6.7    24.8     8.1   330.0
SUMMERSIDE_A  1994   5  15  135      3.0     6.0    10.8  -999.9     0.7    27.1     7.4   330.0
SUMMERSIDE_A  1994   5  16  136      5.0    11.0    15.4  -999.9     0.0    16.3     8.0   330.0
SUMMERSIDE_A  1994   5  17  137      4.0     8.0    12.6  -999.9     0.0    22.0     7.9   330.0
SUMMERSIDE_A  1994   5  18  138      4.0     6.0     8.9  -999.9     6.4    29.7     8.4   330.0
SUMMERSIDE_A  1994   5  19  139      3.0     6.0    11.0  -999.9     0.2    33.6     7.3   330.0
SUMMERSIDE_A  1994   5  20  140      3.0    11.0    18.0  -999.9     0.0    17.1     7.3   330.0
SUMMERSIDE_A  1994   5  21  141      7.0    20.0    23.0  -999.9     0.0    21.7     9.4   330.0
SUMMERSIDE_A  1994   5  22  142      9.0    17.0    18.1  -999.9     0.0    11.9     8.7   330.0
SUMMERSIDE_A  1994   5  23  143      7.0    12.0    14.4  -999.9     0.3    21.9     9.0   330.0
SUMMERSIDE_A  1994   5  24  144      5.0    11.0    15.8  -999.9     0.0    17.1     5.5   330.0
SUMMERSIDE_A  1994   5  25  145      8.0    14.0    15.8  -999.9     4.4    24.6     9.1   330.0
SUMMERSIDE_A  1994   5  26  146      6.0    10.0    13.0  -999.9     1.1    18.3    10.1   330.0
SUMMERSIDE_A  1994   5  27  147      5.0     6.0     6.5  -999.9     5.0    24.9     8.5   330.0
SUMMERSIDE_A  1994   5  28  148      8.0    16.0    18.4  -999.9     0.2    26.2     7.5   330.0
SUMMERSIDE_A  1994   5  29  149     11.0    18.0    17.3  -999.9     0.7    26.4     9.7   330.0
SUMMERSIDE_A  1994   5  30  150      9.0    15.0    16.0  -999.9     2.3    19.1    11.9   330.0
SUMMERSIDE_A  1994   5  31  151     12.0    20.0    18.6  -999.9     0.3    34.9    13.5   330.0
SUMMERSIDE_A  1994   6   1  152      7.7    20.2    23.2  -999.9     7.4    22.7    13.8   330.0
SUMMERSIDE_A  1994   6   2  153      6.5    13.2    17.0  -999.9     1.1    14.1    11.6   330.0
SUMMERSIDE_A  1994   6   3  154      4.0     8.2    13.5  -999.9     0.4    22.6     8.6   330.0
SUMMERSIDE_A  1994   6   4  155      1.5    15.0    24.3  -999.9     0.0     9.6     7.7   330.0
SUMMERSIDE_A  1994   6   5  156      7.2    20.5    24.1  -999.9     0.0    19.4     9.2   330.0
SUMMERSIDE_A  1994   6   6  157      9.8    21.1    22.3  -999.9     3.8    30.4    11.0   330.0
SUMMERSIDE_A  1994   6   7  158     10.9    17.0    16.4  -999.9    16.9    21.9    15.4   330.0
SUMMERSIDE_A  1994   6   8  159      8.3    11.6    12.1  -999.9     2.6    19.1    11.1   330.0
SUMMERSIDE_A  1994   6   9  160      4.3    17.7    24.4  -999.9     1.2    24.1     9.3   330.0
SUMMERSIDE_A  1994   6  10  161      3.0    16.5    24.5  -999.9     0.0    21.9     6.2   330.0
SUMMERSIDE_A  1994   6  11  162      6.0    22.5    27.1  -999.9     0.0    23.4     6.8   330.0
SUMMERSIDE_A  1994   6  12  163     10.5    23.0    23.6  -999.9     3.6    22.3    10.7   330.0
SUMMERSIDE_A  1994   6  13  164     11.6    20.5    19.9  -999.9     2.2    24.8    16.7   330.0
SUMMERSIDE_A  1994   6  14  165     15.2    21.0    16.1  -999.9     8.8    22.2    19.9   330.0
SUMMERSIDE_A  1994   6  15  166      9.2    13.0    13.0  -999.9     0.0    21.6    13.0   330.0
SUMMERSIDE_A  1994   6  16  167      5.6    25.2    29.6  -999.9     0.0    10.3    12.6   330.0
SUMMERSIDE_A  1994   6  17  168     12.5    26.5    25.1  -999.9     0.0    17.0    17.9   330.0
SUMMERSIDE_A  1994   6  18  169     10.5    26.5    26.8  -999.9    18.0     9.2    15.9   330.0
SUMMERSIDE_A  1994   6  19  170     12.5    19.0    17.1  -999.9     1.0    16.8    12.8   330.0
SUMMERSIDE_A  1994   6  20  171      9.6    22.1    23.7  -999.9     0.0     8.3    10.4   330.0
SUMMERSIDE_A  1994   6  21  172     11.6    22.8    22.4  -999.9    14.4    21.3    13.0   330.0
SUMMERSIDE_A  1994   6  22  173     13.0    21.1    19.1  -999.9     0.0    22.2    16.7   330.0
SUMMERSIDE_A  1994   6  23  174     12.5    23.0    21.7  -999.9     1.0    17.8    16.1   330.0
SUMMERSIDE_A  1994   6  24  175     10.5    17.0    17.1  -999.9     0.0    26.0    13.2   330.0
SUMMERSIDE_A  1994   6  25  176     12.3    27.5    28.8  -999.9     0.0     3.6    16.0   330.0
SUMMERSIDE_A  1994   6  26  177     15.5    25.5    21.2  -999.9     0.0    24.6    20.6   330.0
SUMMERSIDE_A  1994   6  27  178     16.5    26.0    20.6  -999.9     0.0    17.0    18.3   330.0
SUMMERSIDE_A  1994   6  28  179     18.0    28.4    21.5  -999.9    11.8    23.0    23.4   330.0
SUMMERSIDE_A  1994   6  29  180     17.0    23.0    16.3  -999.9    21.1    27.0    19.7   330.0
SUMMERSIDE_A  1994   6  30  181     17.3    23.2    16.2  -999.9     2.0    25.7    21.8   330.0
SUMMERSIDE_A  1994   7   1  182     17.5    24.5    17.6  -999.9     4.0    22.7    21.3   330.0
SUMMERSIDE_A  1994   7   2  183     16.2    26.7    21.6  -999.9     0.3    14.6    18.8   330.0
SUMMERSIDE_A  1994   7   3  184     16.5    24.5    18.8  -999.9     0.0    15.5    14.9   330.0
SUMMERSIDE_A  1994   7   4  185     13.6    20.2    17.0  -999.9     0.0    14.2    12.2   330.0
SUMMERSIDE_A  1994   7   5  186     12.6    25.0    23.3  -999.9     8.2    20.2    14.8   330.0
SUMMERSIDE_A  1994   7   6  187     14.0    24.5    21.4  -999.9     0.2    13.3    18.1   330.0
SUMMERSIDE_A  1994   7   7  188     12.7    22.0    20.1  -999.9     6.4    12.5    12.1   330.0
SUMMERSIDE_A  1994   7   8  189     13.5    17.5    13.2  -999.9     1.9    13.5    16.6   330.0
SUMMERSIDE_A  1994   7   9  190     12.0    23.0    21.8  -999.9     0.0    23.3    14.2   330.0
SUMMERSIDE_A  1994   7  10  191     16.0    23.5    18.0  -999.9     0.8    20.6    21.2   330.0
SUMMERSIDE_A  1994   7  11  192     16.5    25.0    19.1  -999.9     0.0    13.4    18.3   330.0
SUMMERSIDE_A  1994   7  12  193     15.0    27.6    23.2  -999.9     0.0    17.0    16.1   330.0
SUMMERSIDE_A  1994   7  13  194     15.5    25.0    20.1  -999.9    12.4    21.4    18.1   330.0
SUMMERSIDE_A  1994   7  14  195     14.5    24.2    20.2  -999.9     0.0    14.8    12.0   330.0
SUMMERSIDE_A  1994   7  15  196     15.0    26.5    22.0  -999.9     0.2    12.3    14.0   330.0
SUMMERSIDE_A  1994   7  16  197     16.3    24.5    18.5  -999.9     0.0     8.0    19.5   330.0
SUMMERSIDE_A  1994   7  17  198     17.5    27.0    19.9  -999.9     0.0     6.9    19.7   330.0
SUMMERSIDE_A  1994   7  18  199     17.5    27.0    19.8  -999.9     0.0    13.8    17.6   330.0
SUMMERSIDE_A  1994   7  19  200     17.5    22.5    14.3  -999.9     2.9    12.1    18.4   330.0
SUMMERSIDE_A  1994   7  20  201     17.0    28.0    21.2  -999.9     0.0    14.5    20.2   330.0
SUMMERSIDE_A  1994   7  21  202     17.0    29.2    22.2  -999.9     0.0    13.1    21.3   330.0
SUMMERSIDE_A  1994   7  22  203     19.0    25.5    16.2  -999.9     1.3    25.1    23.8   330.0
SUMMERSIDE_A  1994   7  23  204     17.5    26.5    19.0  -999.9     0.0    25.2    21.9   330.0
SUMMERSIDE_A  1994   7  24  205     19.0    27.0    17.8  -999.9     0.0    23.2    22.7   330.0
SUMMERSIDE_A  1994   7  25  206     18.2    26.5    18.1  -999.9     0.3    16.3    22.3   330.0
SUMMERSIDE_A  1994   7  26  207     18.3    26.5    17.9  -999.9     0.0    20.6    22.3   330.0
SUMMERSIDE_A  1994   7  27  208     20.5    25.3    13.6  -999.9     1.2    18.6    24.2   330.0
SUMMERSIDE_A  1994   7  28  209     15.7    26.0    19.9  -999.9     9.0    11.8    21.3   330.0
SUMMERSIDE_A  1994   7  29  210     14.5    25.5    20.5  -999.9     0.0    17.2    21.5   330.0
SUMMERSIDE_A  1994   7  30  211     16.5    27.0    19.9  -999.9     0.0    12.7    15.4   330.0
SUMMERSIDE_A  1994   7  31  212     18.5    28.2    19.1  -999.9     0.0    18.2    22.7   330.0
SUMMERSIDE_A  1994   8   1  213     18.0    28.3    19.5  -999.9     0.0    20.9    20.8   330.0
SUMMERSIDE_A  1994   8   2  214     18.0    26.0    17.1  -999.9     0.0    19.1    18.6   330.0
SUMMERSIDE_A  1994   8   3  215     17.3    24.0    15.6  -999.9     0.0     8.2    20.8   330.0
SUMMERSIDE_A  1994   8   4  216     13.5    27.2    22.2  -999.9     0.0    17.7    20.4   330.0
SUMMERSIDE_A  1994   8   5  217     19.5    28.3    17.7  -999.9     7.1    20.7    24.6   330.0
SUMMERSIDE_A  1994   8   6  218     11.2    17.4    14.8  -999.9     1.9    16.5    13.4   330.0
SUMMERSIDE_A  1994   8   7  219     14.5    19.5    13.2  -999.9     0.0    12.7    13.7   330.0
SUMMERSIDE_A  1994   8   8  220     11.6    24.0    20.7  -999.9     0.0     5.6    13.2   330.0
SUMMERSIDE_A  1994   8   9  221     12.1    25.0    21.0  -999.9     0.0     5.1    14.6   330.0
SUMMERSIDE_A  1994   8  10  222     16.0    25.0    17.4  -999.9     0.0    14.1    19.1   330.0
SUMMERSIDE_A  1994   8  11  223     10.7    24.0    21.1  -999.9     0.0    16.9    11.7   330.0
SUMMERSIDE_A  1994   8  12  224     12.7    21.0    16.6  -999.9     0.0    10.9     9.9   330.0
SUMMERSIDE_A  1994   8  13  225     14.0    26.0    19.8  -999.9     0.0    19.7    14.6   330.0
SUMMERSIDE_A  1994   8  14  226     15.0    22.0    15.0  -999.9     0.4    21.7    20.1   330.0
SUMMERSIDE_A  1994   8  15  227     16.8    22.4    13.4  -999.9     0.0    22.1    13.1   330.0
SUMMERSIDE_A  1994   8  16  228     13.5    22.0    16.3  -999.9     0.0    21.8    11.7   330.0
SUMMERSIDE_A  1994   8  17  229     13.8    28.0    21.0  -999.9     0.0    23.5    16.1   330.0
SUMMERSIDE_A  1994   8  18  230     14.0    21.5    15.2  -999.9     3.2     8.4    17.5   330.0
SUMMERSIDE_A  1994   8  19  231     17.0    21.5    11.7  -999.9     0.0    13.3    18.8   330.0
SUMMERSIDE_A  1994   8  20  232     13.0    24.5    18.5  -999.9     0.0    19.0    14.2   330.0
SUMMERSIDE_A  1994   8  21  233     15.0    24.0    16.3  -999.9     3.2    32.4    18.6   330.0
SUMMERSIDE_A  1994   8  22  234     13.0    20.5    14.7  -999.9     0.0    14.7    13.3   330.0
SUMMERSIDE_A  1994   8  23  235     11.0    20.2    16.2  -999.9     0.0    15.3    11.3   330.0
SUMMERSIDE_A  1994   8  24  236      9.0    20.8    18.2  -999.9     0.0     8.9    10.4   330.0
SUMMERSIDE_A  1994   8  25  237      7.2    24.5    21.9  -999.9     0.0    22.0    12.3   330.0
SUMMERSIDE_A  1994   8  26  238     11.5    24.0    18.5  -999.9     0.0    20.8    16.8   330.0
SUMMERSIDE_A  1994   8  27  239     17.0    24.5    14.2  -999.9     0.0    25.1    21.2   330.0
SUMMERSIDE_A  1994   8  28  240     14.0    26.0    17.8  -999.9     7.4    12.2    15.4   330.0
SUMMERSIDE_A  1994   8  29  241     18.5    24.0    12.0  -999.9     1.4    25.4    20.6   330.0
SUMMERSIDE_A  1994   8  30  242     14.0    21.5    13.9  -999.9     0.0    28.4    10.6   330.0
SUMMERSIDE_A  1994   8  31  243     11.2    19.5    14.5  -999.9     0.0    24.2     9.9   330.0
SUMMERSIDE_A  1994   9   1  244      9.0    18.5    15.3  -999.9     1.0     9.8    10.5   330.0
SUMMERSIDE_A  1994   9   2  245      8.5    19.7    16.5  -999.9     0.0    18.8    10.0   330.0
SUMMERSIDE_A  1994   9   3  246      8.5    18.0    15.1  -999.9     0.0    11.5    11.0   330.0
SUMMERSIDE_A  1994   9   4  247      7.5    19.0    16.4  -999.9     0.0    11.9    11.2   330.0
SUMMERSIDE_A  1994   9   5  248     12.0    15.0     8.3  -999.9    11.0    27.2    13.7   330.0
SUMMERSIDE_A  1994   9   6  249     11.0    19.2    13.6  -999.9     3.2    24.8    14.5   330.0
SUMMERSIDE_A  1994   9   7  250     13.5    18.0    10.0  -999.9     0.2    24.9    13.9   330.0
SUMMERSIDE_A  1994   9   8  251     12.5    21.7    14.2  -999.9     5.3    16.3    15.5   330.0
SUMMERSIDE_A  1994   9   9  252      9.5    22.5    16.7  -999.9     3.8    17.5    12.1   330.0
SUMMERSIDE_A  1994   9  10  253     12.5    19.5    12.1  -999.9    25.0    16.2    14.7   330.0
SUMMERSIDE_A  1994   9  11  254     11.0    18.5    12.4  -999.9     0.3     9.9    16.1   330.0
SUMMERSIDE_A  1994   9  12  255      9.5    13.5     9.0  -999.9     1.8    22.7    13.5   330.0
SUMMERSIDE_A  1994   9  13  256      9.0    13.0     8.9  -999.9     0.0    16.2    10.4   330.0
SUMMERSIDE_A  1994   9  14  257      9.5    15.5    10.8  -999.9     0.0     6.4    11.5   330.0
SUMMERSIDE_A  1994   9  15  258      9.0    17.0    12.3  -999.9     0.2    13.6    10.8   330.0
SUMMERSIDE_A  1994   9  16  259      1.5    19.0    18.0  -999.9     0.0    12.5     8.5   330.0
SUMMERSIDE_A  1994   9  17  260     13.5    19.5    10.5  -999.9     2.8    26.3    17.8   330.0
SUMMERSIDE_A  1994   9  18  261      5.0    12.5    11.6  -999.9     0.0    16.2     7.5   330.0
SUMMERSIDE_A  1994   9  19  262      6.0    15.0    12.5  -999.9     0.0    20.9     8.3   330.0
SUMMERSIDE_A  1994   9  20  263      2.7    18.5    16.4  -999.9     0.0    21.4     8.5   330.0
SUMMERSIDE_A  1994   9  21  264     10.5    15.5     9.1  -999.9     0.0    20.9    10.9   330.0
SUMMERSIDE_A  1994   9  22  265      5.5    15.7    12.9  -999.9     0.0    12.8    10.0   330.0
SUMMERSIDE_A  1994   9  23  266      9.0    18.0    12.0  -999.9     0.0    10.4    12.0   330.0
SUMMERSIDE_A  1994   9  24  267     11.5    17.5     9.7  -999.9     0.0     7.2    12.8   330.0
SUMMERSIDE_A  1994   9  25  268     10.6    19.0    11.3  -999.9     0.0     7.6    14.4   330.0
SUMMERSIDE_A  1994   9  26  269      6.0    17.5    13.1  -999.9     0.0     9.1    11.5   330.0
SUMMERSIDE_A  1994   9  27  270      9.0    21.0    13.2  -999.9     0.0     9.4    12.8   330.0
SUMMERSIDE_A  1994   9  28  271     11.8    19.5    10.5  -999.9     0.2    24.5    15.3   330.0
SUMMERSIDE_A  1994   9  29  272     12.0    19.0     9.8  -999.9    30.6    19.4    16.6   330.0
SUMMERSIDE_A  1994   9  30  273     10.2    16.5     9.2  -999.9     0.3    14.1    13.2   330.0
SUMMERSIDE_A  1994  10   1  274      9.0    14.0     8.1  -999.9     3.4    22.5    11.5   330.0
SUMMERSIDE_A  1994  10   2  275      6.6     9.5     6.1  -999.9     0.2    18.9     7.7   330.0
SUMMERSIDE_A  1994  10   3  276      6.5    11.0     7.5  -999.9     2.2    21.8    10.1   330.0
SUMMERSIDE_A  1994  10   4  277      7.0    13.5     8.9  -999.9     0.3    14.2    10.1   330.0
SUMMERSIDE_A  1994  10   5  278      4.5    13.5    10.4  -999.9     0.2    16.4     9.5   330.0
SUMMERSIDE_A  1994  10   6  279      3.0    11.5     9.9  -999.9     0.2     9.4     8.5   330.0
SUMMERSIDE_A  1994  10   7  280     -1.5    15.5    13.9  -999.9     0.0    15.3     8.5   330.0
SUMMERSIDE_A  1994  10   8  281     10.0    21.5    11.3  -999.9     0.0    22.4    14.2   330.0
SUMMERSIDE_A  1994  10   9  282     10.5    19.5     9.8  -999.9     0.0    19.9    15.4   330.0
SUMMERSIDE_A  1994  10  10  283     11.0    16.0     7.2  -999.9     1.0    18.8    13.9   330.0
SUMMERSIDE_A  1994  10  11  284      3.5     8.5     7.1  -999.9     0.0    22.1     6.1   330.0
SUMMERSIDE_A  1994  10  12  285      2.0     8.0     7.7  -999.9     0.0    14.2     5.8   330.0
SUMMERSIDE_A  1994  10  13  286      0.5    14.5    11.6  -999.9     0.0     8.8     7.6   330.0
SUMMERSIDE_A  1994  10  14  287      5.3    11.5     7.6  -999.9     0.0    20.7     7.6   330.0
SUMMERSIDE_A  1994  10  15  288      2.5     9.5     8.0  -999.9     0.3    22.2     5.8   330.0
SUMMERSIDE_A  1994  10  16  289      4.3     9.0     6.5  -999.9     0.0    33.7     7.2   330.0
SUMMERSIDE_A  1994  10  17  290      5.5     8.0     4.7  -999.9     0.5    30.5     8.6   330.0
SUMMERSIDE_A  1994  10  18  291      0.0    10.5     9.4  -999.9     0.0    21.4     8.3   330.0
SUMMERSIDE_A  1994  10  19  292      0.0    14.0    10.7  -999.9     0.0     7.1     7.1   330.0
SUMMERSIDE_A  1994  10  20  293      3.0    16.0    10.2  -999.9     0.0    11.1     8.7   330.0
SUMMERSIDE_A  1994  10  21  294      4.5    13.5     8.3  -999.9     7.2    14.3     9.6   330.0
SUMMERSIDE_A  1994  10  22  295      5.5    14.0     8.0  -999.9    15.0    17.7    12.1   330.0
SUMMERSIDE_A  1994  10  23  296     10.0    15.0     6.0  -999.9     0.3    10.1    14.3   330.0
SUMMERSIDE_A  1994  10  24  297     10.0    16.0     6.5  -999.9     0.2    10.7    13.6   330.0
SUMMERSIDE_A  1994  10  25  298      7.5    13.0     6.2  -999.9     0.4     9.0    11.7   330.0
SUMMERSIDE_A  1994  10  26  299      8.0    11.5     4.9  -999.9     3.0     5.7    11.7   330.0
SUMMERSIDE_A  1994  10  27  300      6.0    10.0     5.1  -999.9     0.0    11.7     9.5   330.0
SUMMERSIDE_A  1994  10  28  301      1.0    11.0     8.0  -999.9     0.0    15.3     6.7   330.0
SUMMERSIDE_A  1994  10  29  302      6.0    14.8     7.4  -999.9     0.0    22.6     9.6   330.0
SUMMERSIDE_A  1994  10  30  303     10.0    17.0     6.5  -999.9     0.0    21.0     9.6   330.0
SUMMERSIDE_A  1994  10  31  304      4.3    15.5     8.1  -999.9     1.1    14.0     6.6   330.0
SUMMERSIDE_A  1994  11   1  305      7.3    17.0     7.4  -999.9    20.4    22.5    13.6   330.0
SUMMERSIDE_A  1994  11   2  306     10.0    17.5     6.4  -999.9     4.0    25.5    14.2   330.0
SUMMERSIDE_A  1994  11   3  307      4.0     8.0     4.6  -999.9     0.0    26.4     7.1   330.0
SUMMERSIDE_A  1994  11   4  308      2.0    13.0     7.6  -999.9     0.4    13.3     8.7   330.0
SUMMERSIDE_A  1994  11   5  309      8.0    14.5     5.7  -999.9     2.1    27.5    11.7   330.0
SUMMERSIDE_A  1994  11   6  310      5.5    14.0     6.5  -999.9     3.0    19.5     9.3   330.0
SUMMERSIDE_A  1994  11   7  311      4.0    11.0     5.8  -999.9     2.6    41.9     7.9   330.0
SUMMERSIDE_A  1994  11   8  312      3.0     7.5     4.6  -999.9     0.0    32.9     5.0   330.0
SUMMERSIDE_A  1994  11   9  313      1.5     8.0     5.4  -999.9     0.0    23.8     4.4   330.0
SUMMERSIDE_A  1994  11  10  314      0.5     6.5     5.2  -999.9     1.1    22.9     5.2   330.0
SUMMERSIDE_A  1994  11  11  315      1.0     6.0     4.6  -999.9     0.0    23.0     6.6   330.0
SUMMERSIDE_A  1994  11  12  316      2.5     8.5     5.0  -999.9     0.0    12.2     7.3   330.0
SUMMERSIDE_A  1994  11  13  317      3.2     7.3     4.1  -999.9     0.0    14.5     8.0   330.0
SUMMERSIDE_A  1994  11  14  318     -1.6     9.0     6.5  -999.9     3.1    16.5     6.9   330.0
SUMMERSIDE_A  1994  11  15  319      6.5    14.5     5.6  -999.9     0.0    23.4     9.7   330.0
SUMMERSIDE_A  1994  11  16  320      2.0     8.0     4.8  -999.9     0.0    24.9     5.2   330.0
SUMMERSIDE_A  1994  11  17  321      1.0     8.0     5.1  -999.9     0.0    16.8     5.9   330.0
SUMMERSIDE_A  1994  11  18  322      0.5    12.5     6.6  -999.9     9.1    20.4     6.3   330.0
SUMMERSIDE_A  1994  11  19  323      7.0    14.0     5.0  -999.9     0.0    23.3     9.3   330.0
SUMMERSIDE_A  1994  11  20  324     -1.0     4.0     4.2  -999.9     0.0    19.3     3.9   330.0
SUMMERSIDE_A  1994  11  21  325     -4.0     9.5     6.7  -999.9     0.0    17.4     5.1   330.0
SUMMERSIDE_A  1994  11  22  326     -2.5    12.0     6.9  -999.9     7.2    26.4     6.8   330.0
SUMMERSIDE_A  1994  11  23  327     -2.0     0.0     2.5  -999.9     0.0    26.2     3.8   330.0
SUMMERSIDE_A  1994  11  24  328     -7.5     0.0     4.9  -999.9     0.0    25.3     2.7   330.0
SUMMERSIDE_A  1994  11  25  329     -7.0     2.5     5.4  -999.9     0.0    18.1     4.1   330.0
SUMMERSIDE_A  1994  11  26  330     -5.0     1.5     4.4  -999.9     0.0    12.2     3.4   330.0
SUMMERSIDE_A  1994  11  27  331    -11.3    -2.8     5.0  -999.9     0.0    19.1     2.3   330.0
SUMMERSIDE_A  1994  11  28  332    -10.2     6.9     7.1  -999.9    26.4    18.9     4.4   330.0
SUMMERSIDE_A  1994  11  29  333      0.3     7.0     4.4  -999.9     0.0    24.9     5.5   330.0
SUMMERSIDE_A  1994  11  30  334     -4.5     1.5     4.1  -999.9     0.0    15.7     3.5   330.0
SUMMERSIDE_A  1994  12   1  335     -8.0    -4.0     3.3  -999.9     0.0    15.9     2.7   330.0
SUMMERSIDE_A  1994  12   2  336     -8.5     2.5     5.5  -999.9     2.4    14.8     4.1   330.0
SUMMERSIDE_A  1994  12   3  337     -0.5     4.0     3.5  -999.9     1.0     8.1     6.1   330.0
SUMMERSIDE_A  1994  12   4  338     -1.0     6.0     4.3  -999.9     4.3    16.6     6.6   330.0
SUMMERSIDE_A  1994  12   5  339     -2.5     5.0     4.4  -999.9    26.5     6.2     5.4   330.0
SUMMERSIDE_A  1994  12   6  340      1.0     4.0     2.8  -999.9     4.0    17.6     7.1   330.0
SUMMERSIDE_A  1994  12   7  341     -3.0     3.0     3.9  -999.9     4.2    14.5     5.8   330.0
SUMMERSIDE_A  1994  12   8  342     -7.5     1.0     4.6  -999.9     1.0    27.2     3.9   330.0
SUMMERSIDE_A  1994  12   9  343     -5.2     2.0     4.2  -999.9     1.0    11.4     4.2   330.0
SUMMERSIDE_A  1994  12  10  344     -5.0     2.0     4.1  -999.9     4.0    18.0     4.3   330.0
SUMMERSIDE_A  1994  12  11  345     -4.5     4.5     4.7  -999.9     9.0    21.3     5.8   330.0
SUMMERSIDE_A  1994  12  12  346    -10.0    -7.0     2.7  -999.9     0.0    22.3     2.2   330.0
SUMMERSIDE_A  1994  12  13  347    -13.5    -9.0     3.3  -999.9     0.0    14.1     2.0   330.0
SUMMERSIDE_A  1994  12  14  348    -14.4    -1.1     5.6  -999.9     0.0     0.5     2.5   330.0
SUMMERSIDE_A  1994  12  15  349    -13.5    -2.5     5.1  -999.9     0.0     6.3     2.5   330.0
SUMMERSIDE_A  1994  12  16  350    -10.0    -1.5     4.5  -999.9     0.0    13.1     3.1   330.0
SUMMERSIDE_A  1994  12  17  351    -11.5    -1.0     5.0  -999.9     0.0     2.5     3.1   330.0
SUMMERSIDE_A  1994  12  18  352     -7.0    -1.0     3.8  -999.9    15.0     3.3     4.0   330.0
SUMMERSIDE_A  1994  12  19  353     -5.5     0.0     3.6  -999.9    15.0    36.6     4.8   330.0
SUMMERSIDE_A  1994  12  20  354    -10.5    -4.0     3.9  -999.9     0.0    23.0     2.8   330.0
SUMMERSIDE_A  1994  12  21  355    -12.5     2.0     5.8  -999.9     0.0    22.3     3.4   330.0
SUMMERSIDE_A  1994  12  22  356     -1.5     6.0     4.2  -999.9     0.0    16.7     6.0   330.0
SUMMERSIDE_A  1994  12  23  357     -3.0     6.5     4.7  -999.9     0.0     6.9     5.9   330.0
SUMMERSIDE_A  1994  12  24  358     -2.0     1.0     2.7  -999.9     0.0    25.4     6.4   330.0
SUMMERSIDE_A  1994  12  25  359     -1.1     1.5     3.1  -999.9     0.0     8.2     5.8   330.0
SUMMERSIDE_A  1994  12  26  360     -5.0    -1.0     3.1  -999.9     0.0    16.7     3.8   330.0
SUMMERSIDE_A  1994  12  27  361     -9.5    -4.5     3.5  -999.9     1.0    12.1     2.8   330.0
SUMMERSIDE_A  1994  12  28  362    -11.0     3.0     5.8  -999.9     1.0    19.9     3.9   330.0
SUMMERSIDE_A  1994  12  29  363     -6.0     3.5     4.8  -999.9     6.0    25.7     5.4   330.0
SUMMERSIDE_A  1994  12  30  364    -12.0    -8.5     2.9  -999.9    15.0    37.9     2.4   330.0
SUMMERSIDE_A  1994  12  31  365    -12.0    -4.0     4.4  -999.9     0.0    24.2     2.2   330.0
