SUMMERSIDE  1999   1   1    1    -19.2   -11.7     4.3  -999.9     1.2    13.1     1.3   330.0
SUMMERSIDE  1999   1   2    2    -23.1   -14.9     4.5  -999.9     0.2    34.0     0.9   330.0
SUMMERSIDE  1999   1   3    3    -14.8    -2.5     5.6  -999.9     2.9    13.9     2.2   330.0
SUMMERSIDE  1999   1   4    4     -4.2     5.8     5.1  -999.9     3.4    34.3     5.6   330.0
SUMMERSIDE  1999   1   5    5    -12.4    -4.7     4.5  -999.9     0.0    21.2     2.1   330.0
SUMMERSIDE  1999   1   6    6    -15.8    -7.4     4.7  -999.9     0.1    15.6     1.7   330.0
SUMMERSIDE  1999   1   7    7    -13.2    -0.6     5.8  -999.9     1.3    34.2     3.3   330.0
SUMMERSIDE  1999   1   8    8    -17.3   -10.6     4.3  -999.9     0.1    24.2     1.2   330.0
SUMMERSIDE  1999   1   9    9    -10.0     9.3     7.3  -999.9    24.9    30.0     5.7   330.0
SUMMERSIDE  1999   1  10   10     -8.4     9.8     7.2  -999.9     6.4    24.0     3.8   330.0
SUMMERSIDE  1999   1  11   11    -11.5    -4.0     4.7  -999.9     0.8    10.2     2.8   330.0
SUMMERSIDE  1999   1  12   12    -17.3    -5.4     5.9  -999.9     2.4    13.7     1.9   330.0
SUMMERSIDE  1999   1  13   13    -19.0    -9.8     5.3  -999.9     6.9    18.2     2.1   330.0
SUMMERSIDE  1999   1  14   14    -24.3   -15.7     5.1  -999.9     0.2    12.6     0.9   330.0
SUMMERSIDE  1999   1  15   15    -19.5     3.0     8.4  -999.9     3.0    24.3     3.0   330.0
SUMMERSIDE  1999   1  16   16     -3.6     6.5     5.7  -999.9     3.5    42.0     4.8   330.0
SUMMERSIDE  1999   1  17   17     -1.5     3.9     4.2  -999.9     0.1    24.2     5.3   330.0
SUMMERSIDE  1999   1  18   18     -3.8     3.8     5.0  -999.9     0.0    14.8     4.5   330.0
SUMMERSIDE  1999   1  19   19      1.4     7.0     4.4  -999.9     2.0    36.0     7.0   330.0
SUMMERSIDE  1999   1  20   20     -2.2     4.1     4.7  -999.9     0.0    27.6     4.5   330.0
SUMMERSIDE  1999   1  21   21     -7.1    -1.6     4.4  -999.9     0.0    19.0     2.7   330.0
SUMMERSIDE  1999   1  22   22     -8.4    -5.1     3.5  -999.9     0.0    12.5     2.8   330.0
SUMMERSIDE  1999   1  23   23     -7.2    -0.9     4.9  -999.9     3.1    13.5     3.7   330.0
SUMMERSIDE  1999   1  24   24      0.0    11.9     6.8  -999.9     2.2    33.3     8.8   330.0
SUMMERSIDE  1999   1  25   25     -6.2     6.5     7.1  -999.9     2.8    29.8     4.4   330.0
SUMMERSIDE  1999   1  26   26    -10.5    -5.4     4.5  -999.9     0.0    21.1     2.0   330.0
SUMMERSIDE  1999   1  27   27    -11.6    -2.6     6.1  -999.9     0.5    15.8     2.8   330.0
SUMMERSIDE  1999   1  28   28    -15.2   -11.0     4.2  -999.9     0.8    18.0     1.4   330.0
SUMMERSIDE  1999   1  29   29    -14.8   -10.1     4.5  -999.9     3.7    16.9     1.8   330.0
SUMMERSIDE  1999   1  30   30    -16.6   -11.5     4.8  -999.9     0.5    22.4     1.7   330.0
SUMMERSIDE  1999   1  31   31    -12.8    -7.1     5.1  -999.9     0.1    21.8     1.9   330.0
SUMMERSIDE  1999   2   1   32     -7.2     0.4     6.0  -999.9     0.0    27.3     2.4   330.0
SUMMERSIDE  1999   2   2   33     -9.1    -5.2     4.4  -999.9     0.0    12.5     2.7   330.0
SUMMERSIDE  1999   2   3   34     -5.6     6.6     7.8  -999.9     6.8    38.7     5.2   330.0
SUMMERSIDE  1999   2   4   35     -1.3     3.2     4.8  -999.9     0.3     8.2     5.6   330.0
SUMMERSIDE  1999   2   5   36     -3.0    -1.2     3.1  -999.9     1.0    22.5     4.6   330.0
SUMMERSIDE  1999   2   6   37     -3.8    -1.2     3.8  -999.9     3.0    31.5     4.5   330.0
SUMMERSIDE  1999   2   7   38     -6.7    -0.4     5.9  -999.9     0.1    23.0     3.5   330.0
SUMMERSIDE  1999   2   8   39     -9.6    -2.7     6.3  -999.9     0.0    18.7     2.5   330.0
SUMMERSIDE  1999   2   9   40    -11.4    -2.2     7.4  -999.9     0.6    14.8     2.7   330.0
SUMMERSIDE  1999   2  10   41     -4.4     1.4     6.0  -999.9     0.6    22.4     4.4   330.0
SUMMERSIDE  1999   2  11   42     -8.7    -3.4     5.8  -999.9     0.1    22.0     2.5   330.0
SUMMERSIDE  1999   2  12   43     -9.6     2.7     8.9  -999.9     0.5    23.7     3.6   330.0
SUMMERSIDE  1999   2  13   44     -0.2     9.6     8.1  -999.9     4.6    24.2     7.7   330.0
SUMMERSIDE  1999   2  14   45     -3.1     0.1     4.7  -999.9     1.6    17.1     4.7   330.0
SUMMERSIDE  1999   2  15   46     -6.6    -2.2     5.6  -999.9     0.1    20.4     3.8   330.0
SUMMERSIDE  1999   2  16   47     -7.6    -2.3     6.2  -999.9     0.0    11.4     3.4   330.0
SUMMERSIDE  1999   2  17   48     -7.9    -4.8     4.8  -999.9     0.0    22.8     3.1   330.0
SUMMERSIDE  1999   2  18   49     -7.9     0.5     8.0  -999.9    16.4    15.1     3.9   330.0
SUMMERSIDE  1999   2  19   50     -4.3     0.3     6.0  -999.9     1.3    16.7     4.5   330.0
SUMMERSIDE  1999   2  20   51     -5.8    -2.9     4.9  -999.9     2.2    29.0     3.9   330.0
SUMMERSIDE  1999   2  21   52    -10.3    -5.2     6.5  -999.9     1.4    33.7     3.0   330.0
SUMMERSIDE  1999   2  22   53    -17.0   -10.5     7.5  -999.9     0.1    20.6     1.4   330.0
SUMMERSIDE  1999   2  23   54    -17.8    -6.5    10.0  -999.9     0.2    28.3     1.3   330.0
SUMMERSIDE  1999   2  24   55    -14.7    -0.8    11.2  -999.9     0.0    17.2     1.9   330.0
SUMMERSIDE  1999   2  25   56     -9.0     0.5     9.4  -999.9     3.0    17.9     3.1   330.0
SUMMERSIDE  1999   2  26   57     -3.4     4.0     8.4  -999.9     8.1    25.1     5.5   330.0
SUMMERSIDE  1999   2  27   58     -2.1     0.1     4.7  -999.9     1.4    38.3     4.5   330.0
SUMMERSIDE  1999   2  28   59     -5.9     1.3     8.5  -999.9     0.0    13.8     3.7   330.0
SUMMERSIDE  1999   3   1   60     -1.4     8.6    10.2  -999.9     2.1    36.5     6.4   330.0
SUMMERSIDE  1999   3   2   61      0.2     8.2     9.3  -999.9     1.3    18.7     7.4   330.0
SUMMERSIDE  1999   3   3   62     -0.8     5.2     8.1  -999.9     0.1    18.4     5.0   330.0
SUMMERSIDE  1999   3   4   63     -0.4    11.5    11.6  -999.9     5.4    31.6     7.1   330.0
SUMMERSIDE  1999   3   5   64     -4.5     7.2    11.6  -999.9     0.5    28.8     4.8   330.0
SUMMERSIDE  1999   3   6   65    -10.7    -3.9     9.0  -999.9     0.0    17.3     1.8   330.0
SUMMERSIDE  1999   3   7   66     -7.2    -1.4     8.4  -999.9    37.5    45.6     3.5   330.0
SUMMERSIDE  1999   3   8   67     -5.6    -1.2     7.4  -999.9     1.6    38.7     3.9   330.0
SUMMERSIDE  1999   3   9   68     -5.4    -1.6     7.0  -999.9     4.0    33.7     4.1   330.0
SUMMERSIDE  1999   3  10   69     -1.3     2.4     7.0  -999.9     4.3    15.5     5.7   330.0
SUMMERSIDE  1999   3  11   70      1.7     3.2     4.5  -999.9     0.6    34.7     6.4   330.0
SUMMERSIDE  1999   3  12   71     -1.2     1.9     6.5  -999.9     3.5    42.5     5.6   330.0
SUMMERSIDE  1999   3  13   72     -2.5    -1.2     4.3  -999.9     3.8    43.8     4.6   330.0
SUMMERSIDE  1999   3  14   73     -2.4    -0.1     5.8  -999.9     0.2    26.9     4.7   330.0
SUMMERSIDE  1999   3  15   74     -2.9     0.8     7.4  -999.9    13.4    20.9     4.8   330.0
SUMMERSIDE  1999   3  16   75     -2.7     4.9    10.8  -999.9    10.9    33.6     5.6   330.0
SUMMERSIDE  1999   3  17   76     -2.7     3.1     9.5  -999.9     0.1    28.7     4.6   330.0
SUMMERSIDE  1999   3  18   77     -3.7     4.3    11.3  -999.9     1.6    17.7     4.5   330.0
SUMMERSIDE  1999   3  19   78     -2.5     2.5     9.0  -999.9     1.2    16.0     5.2   330.0
SUMMERSIDE  1999   3  20   79     -2.2     2.8     9.1  -999.9     0.1    14.2     5.0   330.0
SUMMERSIDE  1999   3  21   80     -4.6     6.1    13.5  -999.9     0.0     9.1     4.7   330.0
SUMMERSIDE  1999   3  22   81     -1.0     7.1    11.9  -999.9     1.8    26.8     5.4   330.0
SUMMERSIDE  1999   3  23   82      0.2     6.3    10.4  -999.9     1.5    29.2     6.2   330.0
SUMMERSIDE  1999   3  24   83     -1.0     8.3    13.0  -999.9     1.5    18.6     5.8   330.0
SUMMERSIDE  1999   3  25   84      1.5     7.9    10.9  -999.9     5.4    22.2     6.5   330.0
SUMMERSIDE  1999   3  26   85     -1.8     5.5    11.8  -999.9     0.0    24.2     4.4   330.0
SUMMERSIDE  1999   3  27   86     -1.9     9.8    15.1  -999.9     0.0    16.4     4.5   330.0
SUMMERSIDE  1999   3  28   87      0.1    15.7    17.6  -999.9     0.0    10.5     5.8   330.0
SUMMERSIDE  1999   3  29   88      0.5     8.7    12.9  -999.9    12.4    12.4     7.2   330.0
SUMMERSIDE  1999   3  30   89      2.2     8.5    11.4  -999.9     0.2    23.6     6.3   330.0
SUMMERSIDE  1999   3  31   90     -0.3     4.3     9.8  -999.9     0.0    31.7     4.0   330.0
SUMMERSIDE  1999   4   1   91     -2.4     5.6    13.1  -999.9     0.0    27.1     3.4   330.0
SUMMERSIDE  1999   4   2   92     -3.8     0.9    10.2  -999.9     0.0    18.5     3.6   330.0
SUMMERSIDE  1999   4   3   93     -1.9     0.9     7.9  -999.9     1.3    20.8     4.2   330.0
SUMMERSIDE  1999   4   4   94     -2.1     0.0     6.9  -999.9    11.6    31.4     5.0   330.0
SUMMERSIDE  1999   4   5   95     -2.0     2.0     9.6  -999.9     0.7    43.9     4.4   330.0
SUMMERSIDE  1999   4   6   96     -3.6     2.8    12.3  -999.9     0.0    18.1     4.3   330.0
SUMMERSIDE  1999   4   7   97     -0.7     3.5    10.0  -999.9     2.2    25.6     5.3   330.0
SUMMERSIDE  1999   4   8   98      2.6    11.5    14.8  -999.9     2.6    22.8     7.0   330.0
SUMMERSIDE  1999   4   9   99      2.4    10.2    13.9  -999.9     2.5    11.5     6.7   330.0
SUMMERSIDE  1999   4  10  100      1.6     5.6    10.1  -999.9     0.0    18.5     5.8   330.0
SUMMERSIDE  1999   4  11  101      0.7     7.2    12.9  -999.9     1.5    23.7     5.6   330.0
SUMMERSIDE  1999   4  12  102     -0.7    10.3    17.0  -999.9     0.1    20.6     4.7   330.0
SUMMERSIDE  1999   4  13  103     -0.3     2.3     8.3  -999.9     7.9    40.8     5.4   330.0
SUMMERSIDE  1999   4  14  104      0.0     5.7    12.4  -999.9     0.7    24.8     6.1   330.0
SUMMERSIDE  1999   4  15  105     -0.1     6.6    13.6  -999.9     0.2    12.0     6.1   330.0
SUMMERSIDE  1999   4  16  106      1.4     4.0     8.5  -999.9     0.2    11.9     6.3   330.0
SUMMERSIDE  1999   4  17  107      1.5    13.7    18.6  -999.9     0.5    20.5     7.2   330.0
SUMMERSIDE  1999   4  18  108      3.3     9.8    13.7  -999.9     1.1    16.9     7.4   330.0
SUMMERSIDE  1999   4  19  109      1.8     5.9    10.9  -999.9     0.5    11.1     6.9   330.0
SUMMERSIDE  1999   4  20  110      0.5    10.1    16.9  -999.9     0.1     5.9     6.3   330.0
SUMMERSIDE  1999   4  21  111      0.8    12.6    18.8  -999.9     0.4     8.0     6.8   330.0
SUMMERSIDE  1999   4  22  112      3.7    13.8    17.5  -999.9     0.0    13.1     7.5   330.0
SUMMERSIDE  1999   4  23  113      2.4    10.7    16.0  -999.9     0.2    16.5     6.5   330.0
SUMMERSIDE  1999   4  24  114     -0.7     3.6    11.6  -999.9     5.1    31.2     5.2   330.0
SUMMERSIDE  1999   4  25  115      1.2     6.9    13.4  -999.9     0.1    22.0     5.2   330.0
SUMMERSIDE  1999   4  26  116      2.0    12.1    18.0  -999.9     0.9    17.0     7.3   330.0
SUMMERSIDE  1999   4  27  117      3.1     7.7    12.2  -999.9     1.6    29.5     7.1   330.0
SUMMERSIDE  1999   4  28  118      0.3     3.9    10.9  -999.9    10.8    57.2     5.8   330.0
SUMMERSIDE  1999   4  29  119      0.4     1.9     7.1  -999.9     9.1    48.0     5.7   330.0
SUMMERSIDE  1999   4  30  120      0.8    10.0    17.6  -999.9     0.1    18.8     6.1   330.0
SUMMERSIDE  1999   5   1  121      3.4    21.6    24.9  -999.9     0.0    17.7     7.4   330.0
SUMMERSIDE  1999   5   2  122      2.9    14.4    19.9  -999.9     0.0    14.1     6.4   330.0
SUMMERSIDE  1999   5   3  123      5.4    24.3    25.7  -999.9     0.0    21.2     8.2   330.0
SUMMERSIDE  1999   5   4  124      8.6    25.3    24.2  -999.9     0.0    12.8     9.1   330.0
SUMMERSIDE  1999   5   5  125     11.3    25.2    22.2  -999.9     0.0    10.2    11.2   330.0
SUMMERSIDE  1999   5   6  126     10.8    25.0    22.6  -999.9     0.3     9.3    13.7   330.0
SUMMERSIDE  1999   5   7  127     11.1    26.3    23.5  -999.9     0.0     9.7    12.4   330.0
SUMMERSIDE  1999   5   8  128     11.1    24.7    22.3  -999.9     0.1    13.9    14.4   330.0
SUMMERSIDE  1999   5   9  129     12.9    22.8    19.1  -999.9     1.3    24.2    14.7   330.0
SUMMERSIDE  1999   5  10  130      7.3    18.4    20.4  -999.9     6.3    21.9    12.8   330.0
SUMMERSIDE  1999   5  11  131      3.0     8.2    14.0  -999.9     0.5    29.8     5.7   330.0
SUMMERSIDE  1999   5  12  132      2.3     9.0    16.0  -999.9     0.1    22.1     4.6   330.0
SUMMERSIDE  1999   5  13  133      0.8     7.3    15.8  -999.9     1.7    23.9     6.3   330.0
SUMMERSIDE  1999   5  14  134      2.1    10.0    17.5  -999.9     0.1    19.6     6.7   330.0
SUMMERSIDE  1999   5  15  135      2.4    16.2    23.2  -999.9     0.0    12.5     6.9   330.0
SUMMERSIDE  1999   5  16  136      6.8    21.5    24.0  -999.9     0.0    27.9     7.8   330.0
SUMMERSIDE  1999   5  17  137      7.3    19.4    21.9  -999.9     0.0    29.1     9.4   330.0
SUMMERSIDE  1999   5  18  138     10.4    23.0    22.4  -999.9     0.0    29.1    12.6   330.0
SUMMERSIDE  1999   5  19  139     11.7    23.9    22.1  -999.9     0.0    29.0    13.7   330.0
SUMMERSIDE  1999   5  20  140     12.2    22.8    20.7  -999.9     5.6    22.9    15.1   330.0
SUMMERSIDE  1999   5  21  141      5.7    11.2    15.0  -999.9     5.3    32.0     9.7   330.0
SUMMERSIDE  1999   5  22  142      5.4     7.0     8.1  -999.9     0.7    27.3     8.0   330.0
SUMMERSIDE  1999   5  23  143      5.5    12.5    17.0  -999.9     0.0    12.7     8.9   330.0
SUMMERSIDE  1999   5  24  144      5.4    14.8    19.8  -999.9     0.0    14.0     9.8   330.0
SUMMERSIDE  1999   5  25  145     11.6    15.2    12.3  -999.9     5.0    34.1    12.6   330.0
SUMMERSIDE  1999   5  26  146     10.9    19.6    19.1  -999.9     0.6    23.2    11.1   330.0
SUMMERSIDE  1999   5  27  147      9.1    19.5    20.9  -999.9     0.1    16.5    11.3   330.0
SUMMERSIDE  1999   5  28  148      9.1    18.2    19.6  -999.9     0.0    11.8    11.2   330.0
SUMMERSIDE  1999   5  29  149      8.5    20.0    22.1  -999.9     0.1    10.2    11.1   330.0
SUMMERSIDE  1999   5  30  150     12.4    23.2    21.5  -999.9     0.0    29.5    12.1   330.0
SUMMERSIDE  1999   5  31  151     13.5    25.9    23.1  -999.9     0.0    18.0    11.2   330.0
SUMMERSIDE  1999   6   1  152     15.1    26.1    21.8  -999.9     0.0    31.1    14.5   330.0
SUMMERSIDE  1999   6   2  153     10.3    18.7    19.1  -999.9     0.7    18.8    14.1   330.0
SUMMERSIDE  1999   6   3  154     10.3    23.7    24.2  -999.9     1.2    22.7    15.5   330.0
SUMMERSIDE  1999   6   4  155      9.0    14.3    15.2  -999.9     0.3    18.9     9.7   330.0
SUMMERSIDE  1999   6   5  156      8.7    21.6    23.8  -999.9     0.0    13.0     9.2   330.0
SUMMERSIDE  1999   6   6  157     13.1    18.8    15.8  -999.9     2.0    38.4    12.4   330.0
SUMMERSIDE  1999   6   7  158     13.0    25.2    23.2  -999.9     0.2    22.4    14.3   330.0
SUMMERSIDE  1999   6   8  159      8.7    15.4    17.2  -999.9     0.2    22.0    10.5   330.0
SUMMERSIDE  1999   6   9  160      8.2    16.1    18.7  -999.9     0.1    15.6     8.6   330.0
SUMMERSIDE  1999   6  10  161      9.6    23.3    24.7  -999.9     0.0    17.7    10.5   330.0
SUMMERSIDE  1999   6  11  162     12.7    22.5    20.9  -999.9     0.0    30.5     9.2   330.0
SUMMERSIDE  1999   6  12  163     13.0    25.4    23.5  -999.9     0.0    26.6    12.0   330.0
SUMMERSIDE  1999   6  13  164     13.5    24.5    22.2  -999.9     0.0    27.6    15.5   330.0
SUMMERSIDE  1999   6  14  165     16.2    25.4    20.3  -999.9     0.0    29.4    19.1   330.0
SUMMERSIDE  1999   6  15  166     16.0    22.1    16.5  -999.9     1.8    26.9    18.2   330.0
SUMMERSIDE  1999   6  16  167     10.6    19.6    20.1  -999.9     0.0    19.1     9.2   330.0
SUMMERSIDE  1999   6  17  168     11.7    18.2    17.1  -999.9     0.1    10.0    11.7   330.0
SUMMERSIDE  1999   6  18  169     11.2    19.4    19.2  -999.9     0.2     8.4    12.0   330.0
SUMMERSIDE  1999   6  19  170     10.5    21.6    22.3  -999.9     0.0     9.7    12.2   330.0
SUMMERSIDE  1999   6  20  171     13.0    25.8    24.0  -999.9     0.0    15.8    12.8   330.0
SUMMERSIDE  1999   6  21  172     14.3    26.2    23.1  -999.9     0.0    23.8    14.0   330.0
SUMMERSIDE  1999   6  22  173     15.0    28.0    24.2  -999.9     0.1    12.4    16.3   330.0
SUMMERSIDE  1999   6  23  174     14.8    25.1    21.5  -999.9     0.0     8.8    14.2   330.0
SUMMERSIDE  1999   6  24  175     13.2    25.2    23.2  -999.9     0.0     8.5    14.7   330.0
SUMMERSIDE  1999   6  25  176     16.3    27.0    21.9  -999.9     2.3    19.0    17.1   330.0
SUMMERSIDE  1999   6  26  177     16.4    24.3    18.8  -999.9     2.2    17.4    17.5   330.0
SUMMERSIDE  1999   6  27  178     16.8    27.7    22.1  -999.9     0.0     9.8    15.5   330.0
SUMMERSIDE  1999   6  28  179     18.3    24.3    16.4  -999.9    15.9    20.2    18.7   330.0
SUMMERSIDE  1999   6  29  180     17.6    22.3    14.5  -999.9     2.5    15.0    19.7   330.0
SUMMERSIDE  1999   6  30  181     19.7    27.4    18.5  -999.9     0.5    16.5    20.0   330.0
SUMMERSIDE  1999   7   1  182     16.3    26.3    21.1  -999.9     0.0     8.5    15.0   330.0
SUMMERSIDE  1999   7   2  183     17.5    23.3    16.0  -999.9     0.8    32.7    19.1   330.0
SUMMERSIDE  1999   7   3  184     18.6    26.1    18.2  -999.9     0.4    17.9    17.1   330.0
SUMMERSIDE  1999   7   4  185     18.4    26.4    18.8  -999.9     3.4    16.6    16.1   330.0
SUMMERSIDE  1999   7   5  186     14.4    18.2    12.9  -999.9     3.5    14.7    15.3   330.0
SUMMERSIDE  1999   7   6  187     12.9    24.3    22.3  -999.9     0.2     9.3    13.3   330.0
SUMMERSIDE  1999   7   7  188     16.5    28.2    22.6  -999.9     0.7    21.5    16.3   330.0
SUMMERSIDE  1999   7   8  189     14.9    21.5    16.9  -999.9     2.1    12.2    14.5   330.0
SUMMERSIDE  1999   7   9  190     12.7    22.0    20.0  -999.9     0.1    17.0    12.3   330.0
SUMMERSIDE  1999   7  10  191     15.0    17.6    10.6  -999.9    20.4    14.6    15.6   330.0
SUMMERSIDE  1999   7  11  192     14.0    18.3    13.6  -999.9     6.4    16.4    15.6   330.0
SUMMERSIDE  1999   7  12  193     12.0    24.9    23.5  -999.9     0.0    13.3    14.5   330.0
SUMMERSIDE  1999   7  13  194     15.3    22.8    17.8  -999.9     5.6    14.5    15.9   330.0
SUMMERSIDE  1999   7  14  195     14.4    27.1    23.2  -999.9     2.1    13.4    16.8   330.0
SUMMERSIDE  1999   7  15  196     16.9    26.8    20.4  -999.9     0.0    21.3    17.5   330.0
SUMMERSIDE  1999   7  16  197     16.5    29.1    22.9  -999.9     0.2    17.0    17.8   330.0
SUMMERSIDE  1999   7  17  198     18.9    31.6    23.0  -999.9     0.3    20.0    21.9   330.0
SUMMERSIDE  1999   7  18  199     18.6    29.7    21.4  -999.9     4.7     5.9    20.6   330.0
SUMMERSIDE  1999   7  19  200     18.0    25.7    17.8  -999.9     1.2     7.3    19.6   330.0
SUMMERSIDE  1999   7  20  201     14.3    20.9    16.4  -999.9     0.0    15.5    11.6   330.0
SUMMERSIDE  1999   7  21  202     12.7    24.7    22.0  -999.9     0.0    13.7    12.8   330.0
SUMMERSIDE  1999   7  22  203     16.9    24.7    17.7  -999.9     0.0    26.3    16.9   330.0
SUMMERSIDE  1999   7  23  204     17.6    24.4    16.5  -999.9     1.1    22.7    19.5   330.0
SUMMERSIDE  1999   7  24  205     17.5    25.0    17.2  -999.9     0.4     9.8    18.6   330.0
SUMMERSIDE  1999   7  25  206     18.3    24.9    16.1  -999.9     4.5    15.5    20.0   330.0
SUMMERSIDE  1999   7  26  207     18.7    22.6    12.3  -999.9     6.1    11.8    20.3   330.0
SUMMERSIDE  1999   7  27  208     18.3    23.3    13.9  -999.9     2.6     7.2    19.5   330.0
SUMMERSIDE  1999   7  28  209     19.2    25.0    14.9  -999.9     8.1     6.5    20.4   330.0
SUMMERSIDE  1999   7  29  210     17.4    25.7    17.8  -999.9     0.4     6.9    20.4   330.0
SUMMERSIDE  1999   7  30  211     18.9    28.4    18.9  -999.9     0.0    13.6    21.0   330.0
SUMMERSIDE  1999   7  31  212     18.8    28.4    19.0  -999.9     0.0    21.2    20.9   330.0
SUMMERSIDE  1999   8   1  213     19.0    22.6    11.6  -999.9     1.8    26.6    19.8   330.0
SUMMERSIDE  1999   8   2  214     16.3    23.0    15.7  -999.9     0.0     8.3    16.3   330.0
SUMMERSIDE  1999   8   3  215     15.3    24.1    17.9  -999.9     0.0     9.3    14.2   330.0
SUMMERSIDE  1999   8   4  216     14.0    25.3    20.2  -999.9     0.0    13.0    14.5   330.0
SUMMERSIDE  1999   8   5  217     18.1    26.8    17.6  -999.9     0.0    15.0    15.8   330.0
SUMMERSIDE  1999   8   6  218     18.4    24.9    15.2  -999.9     2.5    14.3    17.7   330.0
SUMMERSIDE  1999   8   7  219     15.7    21.2    13.9  -999.9     4.1    14.7    15.5   330.0
SUMMERSIDE  1999   8   8  220     13.7    21.1    16.0  -999.9    25.1    15.2    13.4   330.0
SUMMERSIDE  1999   8   9  221     13.1    17.0    11.5  -999.9     8.0    21.6    14.3   330.0
SUMMERSIDE  1999   8  10  222     12.3    21.1    17.2  -999.9     0.0    23.7    11.9   330.0
SUMMERSIDE  1999   8  11  223     13.5    22.7    17.5  -999.9     0.0    14.3    12.6   330.0
SUMMERSIDE  1999   8  12  224     14.9    19.3    12.1  -999.9     6.5    18.6    15.5   330.0
SUMMERSIDE  1999   8  13  225     17.6    25.7    16.3  -999.9     0.2    14.0    18.5   330.0
SUMMERSIDE  1999   8  14  226     17.2    24.2    15.0  -999.9    11.8    28.6    20.9   330.0
SUMMERSIDE  1999   8  15  227     14.9    17.4     8.9  -999.9    21.8    16.8    15.8   330.0
SUMMERSIDE  1999   8  16  228     14.3    22.5    16.1  -999.9    11.6    18.5    14.6   330.0
SUMMERSIDE  1999   8  17  229     16.3    25.1    16.5  -999.9     0.0    21.3    17.3   330.0
SUMMERSIDE  1999   8  18  230     16.9    21.5    11.9  -999.9     7.6    19.1    19.1   330.0
SUMMERSIDE  1999   8  19  231     12.0    17.6    13.0  -999.9     1.0    25.2    14.0   330.0
SUMMERSIDE  1999   8  20  232     11.8    19.4    15.0  -999.9     0.0    12.7    13.6   330.0
SUMMERSIDE  1999   8  21  233     11.1    20.4    16.5  -999.9     0.1     6.9    14.7   330.0
SUMMERSIDE  1999   8  22  234     16.7    19.7     9.3  -999.9     2.7    10.8    17.0   330.0
SUMMERSIDE  1999   8  23  235     16.4    22.8    13.5  -999.9     0.6     7.5    17.1   330.0
SUMMERSIDE  1999   8  24  236     16.7    23.7    14.0  -999.9     0.1    12.0    17.6   330.0
SUMMERSIDE  1999   8  25  237     17.2    26.8    16.3  -999.9     0.0    20.4    18.6   330.0
SUMMERSIDE  1999   8  26  238     17.6    26.6    15.7  -999.9     0.6    21.6    18.5   330.0
SUMMERSIDE  1999   8  27  239     18.4    27.1    15.3  -999.9     0.0    12.4    18.8   330.0
SUMMERSIDE  1999   8  28  240     19.7    25.7    12.6  -999.9     1.6    25.0    21.2   330.0
SUMMERSIDE  1999   8  29  241     15.1    21.9    13.3  -999.9     3.2    13.0    16.2   330.0
SUMMERSIDE  1999   8  30  242     12.7    18.4    12.1  -999.9     0.3    15.2    12.5   330.0
SUMMERSIDE  1999   8  31  243     11.1    23.2    17.5  -999.9     0.0    10.5    11.9   330.0
SUMMERSIDE  1999   9   1  244     13.2    25.9    17.7  -999.9     0.0    10.5    13.6   330.0
SUMMERSIDE  1999   9   2  245     15.4    28.5    17.9  -999.9     0.0    12.3    16.3   330.0
SUMMERSIDE  1999   9   3  246     18.4    25.7    13.2  -999.9     0.0    16.3    18.0   330.0
SUMMERSIDE  1999   9   4  247     17.7    25.2    13.3  -999.9     0.0    12.7    19.1   330.0
SUMMERSIDE  1999   9   5  248     18.4    25.7    13.0  -999.9     0.0    21.4    19.3   330.0
SUMMERSIDE  1999   9   6  249     17.9    24.6    12.3  -999.9     0.0    18.8    19.2   330.0
SUMMERSIDE  1999   9   7  250     19.2    26.8    13.0  -999.9     0.3    23.5    21.4   330.0
SUMMERSIDE  1999   9   8  251     20.4    25.0    10.0  -999.9     3.3    17.2    21.8   330.0
SUMMERSIDE  1999   9   9  252     20.4    26.1    11.0  -999.9     1.8    20.5    22.1   330.0
SUMMERSIDE  1999   9  10  253     20.1    26.8    11.9  -999.9     1.6    21.5    22.3   330.0
SUMMERSIDE  1999   9  11  254     19.7    25.6    11.0  -999.9    13.1    26.9    22.2   330.0
SUMMERSIDE  1999   9  12  255     14.3    22.8    13.1  -999.9     0.0    11.7    14.9   330.0
SUMMERSIDE  1999   9  13  256     14.6    23.8    13.5  -999.9     0.1     8.0    14.4   330.0
SUMMERSIDE  1999   9  14  257     16.4    24.0    12.1  -999.9     0.1    16.6    17.0   330.0
SUMMERSIDE  1999   9  15  258     18.7    22.2     8.2  -999.9     2.3    18.8    19.3   330.0
SUMMERSIDE  1999   9  16  259     16.2    19.2     7.5  -999.9     6.1    12.8    17.0   330.0
SUMMERSIDE  1999   9  17  260     14.9    26.2    14.3  -999.9    13.8    25.3    18.9   330.0
SUMMERSIDE  1999   9  18  261     10.8    15.3     9.0  -999.9     0.9    32.5    12.0   330.0
SUMMERSIDE  1999   9  19  262      9.1    19.8    13.7  -999.9     0.0    10.2    11.3   330.0
SUMMERSIDE  1999   9  20  263     11.3    20.6    12.6  -999.9     0.0    23.3    11.3   330.0
SUMMERSIDE  1999   9  21  264     15.3    22.7    11.1  -999.9     0.0    17.6    16.0   330.0
SUMMERSIDE  1999   9  22  265     16.1    22.1     9.9  -999.9     4.6     8.8    18.3   330.0
SUMMERSIDE  1999   9  23  266      0.0    20.7    18.2  -999.9     0.0    24.2     9.2   330.0
SUMMERSIDE  1999   9  24  267     13.1    22.5    12.1  -999.9     0.0    28.5    12.2   330.0
SUMMERSIDE  1999   9  25  268      9.8    17.7    11.0  -999.9     0.0    18.3    11.3   330.0
SUMMERSIDE  1999   9  26  269      6.7    14.9    11.0  -999.9     0.0    15.2     8.1   330.0
SUMMERSIDE  1999   9  27  270      7.0    17.6    12.4  -999.9     0.0     4.6     8.6   330.0
SUMMERSIDE  1999   9  28  271     10.8    21.8    12.5  -999.9     0.0     9.5    11.3   330.0
SUMMERSIDE  1999   9  29  272     11.2    20.1    11.1  -999.9     0.0    16.1    11.6   330.0
SUMMERSIDE  1999   9  30  273     13.0    20.6    10.1  -999.9     0.0    30.3    11.3   330.0
SUMMERSIDE  1999  10   1  274     10.7    17.8     9.7  -999.9     0.8    12.5    10.0   330.0
SUMMERSIDE  1999  10   2  275      9.0    16.9    10.1  -999.9     0.0    11.4     8.5   330.0
SUMMERSIDE  1999  10   3  276      8.2    16.2    10.0  -999.9     1.0    19.2     9.3   330.0
SUMMERSIDE  1999  10   4  277      4.8     9.5     7.6  -999.9     4.4    13.8     6.7   330.0
SUMMERSIDE  1999  10   5  278      7.6    11.2     6.6  -999.9     0.0    27.4     6.8   330.0
SUMMERSIDE  1999  10   6  279      4.6    13.5    10.2  -999.9     0.0    12.6     7.4   330.0
SUMMERSIDE  1999  10   7  280      3.8     9.8     8.2  -999.9     0.0    30.5     6.0   330.0
SUMMERSIDE  1999  10   8  281      3.1     8.5     7.7  -999.9     0.0    15.6     5.1   330.0
SUMMERSIDE  1999  10   9  282      6.6    14.1     9.0  -999.9     0.7    31.7     8.6   330.0
SUMMERSIDE  1999  10  10  283      7.1    13.9     8.4  -999.9     0.0    20.0     7.3   330.0
SUMMERSIDE  1999  10  11  284      6.6    13.2     8.2  -999.9     1.4    22.4     7.8   330.0
SUMMERSIDE  1999  10  12  285      3.0     9.8     8.2  -999.9     0.0    26.0     5.0   330.0
SUMMERSIDE  1999  10  13  286      2.3    12.3     9.8  -999.9    17.7    19.8     6.3   330.0
SUMMERSIDE  1999  10  14  287      4.0    16.4    10.8  -999.9    38.8    38.5     8.8   330.0
SUMMERSIDE  1999  10  15  288      2.3     9.0     7.8  -999.9     8.9    34.8     4.7   330.0
SUMMERSIDE  1999  10  16  289      2.1    13.6    10.1  -999.9     0.0    13.4     6.5   330.0
SUMMERSIDE  1999  10  17  290      8.0    16.3     8.5  -999.9     0.0    27.0    10.2   330.0
SUMMERSIDE  1999  10  18  291      1.3     8.3     7.7  -999.9     0.0    43.1     6.5   330.0
SUMMERSIDE  1999  10  19  292     -0.3     3.9     5.9  -999.9     0.0    21.7     4.1   330.0
SUMMERSIDE  1999  10  20  293     -0.2     7.0     7.6  -999.9     0.0    12.8     4.9   330.0
SUMMERSIDE  1999  10  21  294      2.7     7.8     6.3  -999.9     0.0     5.5     6.4   330.0
SUMMERSIDE  1999  10  22  295      2.7    11.3     8.0  -999.9     0.0    11.2     6.9   330.0
SUMMERSIDE  1999  10  23  296      6.8    13.9     7.2  -999.9    22.2    29.6     9.1   330.0
SUMMERSIDE  1999  10  24  297      5.1    12.5     7.3  -999.9    39.5    30.8     6.7   330.0
SUMMERSIDE  1999  10  25  298      0.6     5.1     5.6  -999.9     0.0    28.9     3.8   330.0
SUMMERSIDE  1999  10  26  299     -1.9    10.4     9.1  -999.9     0.0    22.7     4.8   330.0
SUMMERSIDE  1999  10  27  300      0.4     9.2     7.6  -999.9    92.8    18.9     5.5   330.0
SUMMERSIDE  1999  10  28  301      0.1     6.6     6.4  -999.9     0.0    19.8     4.4   330.0
SUMMERSIDE  1999  10  29  302      3.3    10.8     6.8  -999.9     0.0    25.2     5.2   330.0
SUMMERSIDE  1999  10  30  303      0.1     7.7     6.8  -999.9     0.0    13.5     4.6   330.0
SUMMERSIDE  1999  10  31  304      6.1    13.5     6.6  -999.9     4.9    35.5     7.9   330.0
SUMMERSIDE  1999  11   1  305      4.1    11.1     6.3  -999.9     0.0    24.1     6.1   330.0
SUMMERSIDE  1999  11   2  306      3.3    15.4     8.2  -999.9     1.5    24.9     6.8   330.0
SUMMERSIDE  1999  11   3  307      9.4    18.4     7.0  -999.9    17.2    37.0    10.6   330.0
SUMMERSIDE  1999  11   4  308      6.2    10.2     4.6  -999.9     0.7    33.6     6.5   330.0
SUMMERSIDE  1999  11   5  309      3.6     9.4     5.4  -999.9     0.0    36.5     4.7   330.0
SUMMERSIDE  1999  11   6  310      2.0    13.5     7.5  -999.9     1.4    22.3     6.7   330.0
SUMMERSIDE  1999  11   7  311     -0.1     3.5     4.2  -999.9     0.0    16.6     4.1   330.0
SUMMERSIDE  1999  11   8  312     -3.3     1.0     4.5  -999.9     0.0    24.6     3.5   330.0
SUMMERSIDE  1999  11   9  313     -4.9     1.2     5.3  -999.9     0.0    15.5     3.1   330.0
SUMMERSIDE  1999  11  10  314      0.1     4.5     4.4  -999.9     1.0    19.3     5.4   330.0
SUMMERSIDE  1999  11  11  315     -5.6     0.5     5.1  -999.9     0.0    32.6     3.1   330.0
SUMMERSIDE  1999  11  12  316     -5.8     0.1     5.0  -999.9     0.0    19.4     2.6   330.0
SUMMERSIDE  1999  11  13  317      0.0     5.2     4.6  -999.9     1.3    23.7     4.4   330.0
SUMMERSIDE  1999  11  14  318      2.2     6.9     4.3  -999.9     1.5    22.2     5.7   330.0
SUMMERSIDE  1999  11  15  319      2.0     7.6     4.7  -999.9     0.0    26.2     6.5   330.0
SUMMERSIDE  1999  11  16  320      0.3     4.6     4.0  -999.9     0.0    18.1     5.2   330.0
SUMMERSIDE  1999  11  17  321     -3.8     1.9     4.6  -999.9     0.0    26.7     3.9   330.0
SUMMERSIDE  1999  11  18  322     -6.5     0.7     5.1  -999.9     0.0    18.8     2.8   330.0
SUMMERSIDE  1999  11  19  323     -6.4     6.5     6.8  -999.9     0.0    14.0     3.8   330.0
SUMMERSIDE  1999  11  20  324      6.3    13.4     4.9  -999.9     0.0    34.4     8.4   330.0
SUMMERSIDE  1999  11  21  325      4.9    11.9     4.9  -999.9     0.0    19.8     8.1   330.0
SUMMERSIDE  1999  11  22  326      3.4     7.5     3.7  -999.9     0.0    12.0     6.5   330.0
SUMMERSIDE  1999  11  23  327      3.6    14.5     5.9  -999.9     0.0    21.2     8.1   330.0
SUMMERSIDE  1999  11  24  328      0.4    11.4     5.9  -999.9     0.0    17.4     6.7   330.0
SUMMERSIDE  1999  11  25  329      1.4    12.1     5.8  -999.9     0.0    21.6     5.9   330.0
SUMMERSIDE  1999  11  26  330      0.6     8.4     4.9  -999.9     0.0     9.5     5.8   330.0
SUMMERSIDE  1999  11  27  331      8.4    14.9     4.4  -999.9     0.7    30.8    10.1   330.0
SUMMERSIDE  1999  11  28  332      1.4     8.5     4.6  -999.9     0.0    19.6     6.1   330.0
SUMMERSIDE  1999  11  29  333     -1.0     2.9     3.3  -999.9     0.0     9.8     4.1   330.0
SUMMERSIDE  1999  11  30  334     -2.6     0.7     3.0  -999.9     0.0    16.8     3.0   330.0
SUMMERSIDE  1999  12   1  335     -0.8     2.8     3.2  -999.9     2.0    56.2     4.6   330.0
SUMMERSIDE  1999  12   2  336      2.0     4.1     2.4  -999.9     0.0    45.7     5.8   330.0
SUMMERSIDE  1999  12   3  337     -1.7     2.9     3.5  -999.9     0.0    20.2     4.6   330.0
SUMMERSIDE  1999  12   4  338     -2.6     3.1     3.9  -999.9     0.0     8.2     4.4   330.0
SUMMERSIDE  1999  12   5  339      0.4     6.1     3.9  -999.9     0.0    11.6     5.5   330.0
SUMMERSIDE  1999  12   6  340      4.1    12.4     4.6  -999.9     0.0    26.7     7.7   330.0
SUMMERSIDE  1999  12   7  341      4.0     7.1     2.8  -999.9     0.0    25.1     6.9   330.0
SUMMERSIDE  1999  12   8  342     -0.9     6.3     4.3  -999.9     1.2    27.3     5.5   330.0
SUMMERSIDE  1999  12   9  343     -2.4     1.6     3.2  -999.9     0.0    11.7     4.2   330.0
SUMMERSIDE  1999  12  10  344     -2.5     5.4     4.4  -999.9     0.0    12.5     4.9   330.0
SUMMERSIDE  1999  12  11  345      3.2    11.8     4.6  -999.9     0.0    25.6     7.5   330.0
SUMMERSIDE  1999  12  12  346      3.1     6.2     2.7  -999.9     0.0    23.7     6.5   330.0
SUMMERSIDE  1999  12  13  347     -0.4     4.7     3.5  -999.9     0.0    10.9     5.4   330.0
SUMMERSIDE  1999  12  14  348      0.7     4.6     3.1  -999.9     1.7    28.5     5.4   330.0
SUMMERSIDE  1999  12  15  349     -0.8     1.9     2.5  -999.9     0.7    31.3     4.1   330.0
SUMMERSIDE  1999  12  16  350     -1.4     6.0     4.2  -999.9     0.0    22.5     4.9   330.0
SUMMERSIDE  1999  12  17  351     -3.1     6.0     4.6  -999.9     0.0    32.8     4.1   330.0
SUMMERSIDE  1999  12  18  352     -6.7    -3.1     2.9  -999.9     0.0    30.8     2.1   330.0
SUMMERSIDE  1999  12  19  353     -7.1    -2.8     3.2  -999.9     0.0    19.9     2.1   330.0
SUMMERSIDE  1999  12  20  354     -8.2     0.0     4.4  -999.9     0.0    10.6     2.8   330.0
SUMMERSIDE  1999  12  21  355     -1.0     8.0     4.6  -999.9     1.5    25.5     5.6   330.0
SUMMERSIDE  1999  12  22  356     -5.6    -1.0     3.3  -999.9     0.0    21.3     2.4   330.0
SUMMERSIDE  1999  12  23  357     -7.3    -3.8     2.9  -999.9     0.0    27.8     1.9   330.0
SUMMERSIDE  1999  12  24  358    -11.9    -7.3     3.3  -999.9     0.0    20.8     1.4   330.0
SUMMERSIDE  1999  12  25  359    -13.6    -9.3     3.2  -999.9     0.0    12.2     1.6   330.0
SUMMERSIDE  1999  12  26  360    -10.3     1.5     5.3  -999.9     4.5    28.3     2.9   330.0
SUMMERSIDE  1999  12  27  361    -12.2    -1.8     5.0  -999.9     0.0    18.0     2.7   330.0
SUMMERSIDE  1999  12  28  362    -14.5    -7.3     4.2  -999.9     0.0    13.5     1.7   330.0
SUMMERSIDE  1999  12  29  363    -14.0    -4.8     4.7  -999.9     0.0    12.7     1.9   330.0
SUMMERSIDE  1999  12  30  364    -13.7    -1.2     5.5  -999.9     0.0    20.1     2.3   330.0
SUMMERSIDE  1999  12  31  365    -16.9   -10.5     4.0  -999.9     0.0    14.2     1.2   330.0
