SUMMERSIDE_A  1992   1   1    1     -7.7    -3.2     5.7  -999.9     0.1     4.1     3.5   330.0
SUMMERSIDE_A  1992   1   2    2     -9.4    -2.9     6.2  -999.9     0.0     3.8     3.6   330.0
SUMMERSIDE_A  1992   1   3    3     -6.8    -1.6     5.0  -999.9     0.2     3.8     4.4   330.0
SUMMERSIDE_A  1992   1   4    4     -7.2    -1.4     4.8  -999.9     0.0     2.7     4.2   330.0
SUMMERSIDE_A  1992   1   5    5     -3.1     3.1     2.3  -999.9    11.5     8.0     6.1   330.0
SUMMERSIDE_A  1992   1   6    6     -0.0     3.8     4.0  -999.9     4.6     5.9     7.4   330.0
SUMMERSIDE_A  1992   1   7    7     -1.3     2.6     4.7  -999.9     0.0     6.2     5.6   330.0
SUMMERSIDE_A  1992   1   8    8     -4.9    -1.9     3.9  -999.9     0.9     9.6     3.8   330.0
SUMMERSIDE_A  1992   1   9    9     -5.0    -3.4     3.7  -999.9     0.1     4.6     3.6   330.0
SUMMERSIDE_A  1992   1  10   10     -5.4     0.3     4.1  -999.9     2.1     5.3     4.7   330.0
SUMMERSIDE_A  1992   1  11   11    -12.0    -6.0     3.4  -999.9     0.8    10.2     2.6   330.0
SUMMERSIDE_A  1992   1  12   12    -11.6    -7.8     4.4  -999.9     0.6     8.9     2.7   330.0
SUMMERSIDE_A  1992   1  13   13    -11.5    -1.4     4.0  -999.9     0.7     4.5     3.3   330.0
SUMMERSIDE_A  1992   1  14   14     -3.9     5.4     6.0  -999.9     8.3     6.0     5.8   330.0
SUMMERSIDE_A  1992   1  15   15    -13.3     6.2     5.4  -999.9     1.4    11.4     4.5   330.0
SUMMERSIDE_A  1992   1  16   16    -18.6   -13.2     6.1  -999.9     0.0    11.4     1.5   330.0
SUMMERSIDE_A  1992   1  17   17    -20.2   -17.3     4.7  -999.9     0.0    10.3     1.3   330.0
SUMMERSIDE_A  1992   1  18   18    -18.2   -12.1     4.8  -999.9     0.2     7.6     1.8   330.0
SUMMERSIDE_A  1992   1  19   19    -18.7   -15.0     5.7  -999.9     0.0     9.6     1.4   330.0
SUMMERSIDE_A  1992   1  20   20    -20.0   -14.8     6.9  -999.9     0.0     7.5     1.4   330.0
SUMMERSIDE_A  1992   1  21   21    -18.4   -14.4     7.0  -999.9     0.0     5.6     1.5   330.0
SUMMERSIDE_A  1992   1  22   22    -16.7   -14.0     6.0  -999.9     0.2     8.1     1.7   330.0
SUMMERSIDE_A  1992   1  23   23    -17.6     1.5     5.0  -999.9     1.8     6.0     2.5   330.0
SUMMERSIDE_A  1992   1  24   24      0.3     7.5     5.1  -999.9     4.0    10.9     8.1   330.0
SUMMERSIDE_A  1992   1  25   25    -17.2    -0.3     6.1  -999.9     0.1     9.9     2.1   330.0
SUMMERSIDE_A  1992   1  26   26    -17.1   -13.7     6.7  -999.9     0.0     4.7     1.5   330.0
SUMMERSIDE_A  1992   1  27   27    -16.4   -13.4     8.3  -999.9     0.0     5.9     1.5   330.0
SUMMERSIDE_A  1992   1  28   28    -15.8   -11.1     8.3  -999.9     0.0     4.4     1.8   330.0
SUMMERSIDE_A  1992   1  29   29    -10.4    -0.7     7.1  -999.9     0.1     5.9     4.0   330.0
SUMMERSIDE_A  1992   1  30   30    -10.2    -5.8     7.8  -999.9     0.1     4.3     3.0   330.0
SUMMERSIDE_A  1992   1  31   31    -10.1    -5.0     4.0  -999.9     7.9     8.5     3.3   330.0
SUMMERSIDE_A  1992   2   1   32     -8.1    -4.9     4.9  -999.9    22.3    17.2     3.5   330.0
SUMMERSIDE_A  1992   2   2   33     -6.2    -3.2     4.4  -999.9     7.3    13.1     4.2   330.0
SUMMERSIDE_A  1992   2   3   34     -5.7    -3.7     6.3  -999.9     0.8    12.0     3.8   330.0
SUMMERSIDE_A  1992   2   4   35    -10.9    -5.8     9.7  -999.9     0.0     7.5     2.8   330.0
SUMMERSIDE_A  1992   2   5   36    -10.2    -5.1     0.5  -999.9     3.5     8.0     3.3   330.0
SUMMERSIDE_A  1992   2   6   37    -14.5    -8.4     7.4  -999.9     0.7     7.5     2.4   330.0
SUMMERSIDE_A  1992   2   7   38    -16.4   -10.1    10.3  -999.9     0.0     3.5     2.0   330.0
SUMMERSIDE_A  1992   2   8   39    -13.1    -5.5     6.1  -999.9     3.1     6.9     3.2   330.0
SUMMERSIDE_A  1992   2   9   40     -8.6    -6.0     7.3  -999.9     1.4     3.3     3.3   330.0
SUMMERSIDE_A  1992   2  10   41    -17.7    -7.1     9.5  -999.9     0.2     7.7     1.9   330.0
SUMMERSIDE_A  1992   2  11   42    -18.9     0.2     7.5  -999.9     1.3     7.6     3.6   330.0
SUMMERSIDE_A  1992   2  12   43    -20.4    -0.3     6.8  -999.9     1.1     9.9     1.8   330.0
SUMMERSIDE_A  1992   2  13   44    -22.3    -6.9     7.9  -999.9     0.0     6.6     1.8   330.0
SUMMERSIDE_A  1992   2  14   45     -9.8    -2.2     9.9  -999.9     0.3     4.9     3.9   330.0
SUMMERSIDE_A  1992   2  15   46    -17.7    -7.7     9.2  -999.9     0.3     3.4     2.2   330.0
SUMMERSIDE_A  1992   2  16   47     -8.6     0.7     4.2  -999.9    14.1     9.1     4.6   330.0
SUMMERSIDE_A  1992   2  17   48    -10.2    -2.3    12.6  -999.9     0.1     5.9     3.8   330.0
SUMMERSIDE_A  1992   2  18   49     -9.8    -1.2     9.1  -999.9     0.0     3.0     3.7   330.0
SUMMERSIDE_A  1992   2  19   50     -5.5     0.4     7.6  -999.9     4.5     5.2     5.2   330.0
SUMMERSIDE_A  1992   2  20   51     -7.3    -2.4     9.6  -999.9     0.5     4.3     4.1   330.0
SUMMERSIDE_A  1992   2  21   52    -14.4    -6.4    10.3  -999.9     0.4     2.9     2.7   330.0
SUMMERSIDE_A  1992   2  22   53    -14.5    -6.6    11.2  -999.9     0.9     4.7     2.4   330.0
SUMMERSIDE_A  1992   2  23   54     -9.0    -5.7    11.4  -999.9     0.6     5.2     3.3   330.0
SUMMERSIDE_A  1992   2  24   55    -16.5   -10.0    11.0  -999.9     0.0     4.0     2.1   330.0
SUMMERSIDE_A  1992   2  25   56    -17.0    -8.6    11.8  -999.9     0.4     3.0     2.2   330.0
SUMMERSIDE_A  1992   2  26   57     -8.6    -2.6     7.9  -999.9     9.2     5.8     4.1   330.0
SUMMERSIDE_A  1992   2  27   58     -9.5    -1.6    13.9  -999.9     0.1     6.3     4.1   330.0
SUMMERSIDE_A  1992   2  28   59    -13.0    -0.7    11.7  -999.9     0.9     8.0     2.9   330.0
SUMMERSIDE_A  1992   2  29   60    -14.5    -2.7     9.5  -999.9     9.2     8.8     3.1   330.0
SUMMERSIDE_A  1992   3   1   61    -20.6   -16.0    12.9  -999.9     0.6    10.9     1.4   330.0
SUMMERSIDE_A  1992   3   2   62    -18.5    -9.3    12.2  -999.9     0.0    10.9     1.9   330.0
SUMMERSIDE_A  1992   3   3   63    -16.3    -6.5    13.1  -999.9     0.0     5.4     2.4   330.0
SUMMERSIDE_A  1992   3   4   64    -10.9    -4.3    13.8  -999.9     0.0     3.4     3.1   330.0
SUMMERSIDE_A  1992   3   5   65    -11.5     0.1    14.8  -999.9     0.0     6.7     4.2   330.0
SUMMERSIDE_A  1992   3   6   66    -13.4    -5.2    10.0  -999.9     0.0     7.3     2.4   330.0
SUMMERSIDE_A  1992   3   7   67    -13.3     0.5    11.1  -999.9     5.4     5.6     4.1   330.0
SUMMERSIDE_A  1992   3   8   68     -5.2     0.4     8.8  -999.9    20.5     7.9     5.5   330.0
SUMMERSIDE_A  1992   3   9   69     -9.6    -3.6    15.8  -999.9     2.4     9.0     3.7   330.0
SUMMERSIDE_A  1992   3  10   70    -13.2     1.4    16.5  -999.9     0.0     4.2     4.1   330.0
SUMMERSIDE_A  1992   3  11   71     -3.8     2.7    11.5  -999.9     0.3     4.8     6.0   330.0
SUMMERSIDE_A  1992   3  12   72     -2.9     2.9    12.3  -999.9     1.9     9.2     5.3   330.0
SUMMERSIDE_A  1992   3  13   73    -13.7    -2.4    12.2  -999.9     0.4     7.4     3.1   330.0
SUMMERSIDE_A  1992   3  14   74    -14.1    -9.8    16.0  -999.9     0.1     8.3     1.8   330.0
SUMMERSIDE_A  1992   3  15   75    -13.8    -7.5    17.0  -999.9     0.0     6.8     2.4   330.0
SUMMERSIDE_A  1992   3  16   76    -13.0    -6.1    17.2  -999.9     0.0     5.2     2.6   330.0
SUMMERSIDE_A  1992   3  17   77    -11.8     0.3    11.5  -999.9     0.3     5.8     3.5   330.0
SUMMERSIDE_A  1992   3  18   78     -8.9    -2.1    15.6  -999.9     0.2     9.1     2.9   330.0
SUMMERSIDE_A  1992   3  19   79    -12.4    -7.1    18.4  -999.9     0.0     4.9     2.1   330.0
SUMMERSIDE_A  1992   3  20   80    -12.0    -6.8    14.1  -999.9     0.0     4.5     2.3   330.0
SUMMERSIDE_A  1992   3  21   81    -13.0    -4.8    17.6  -999.9     0.0     5.0     2.5   330.0
SUMMERSIDE_A  1992   3  22   82     -7.8    -3.3    11.8  -999.9     0.6    10.8     3.2   330.0
SUMMERSIDE_A  1992   3  23   83     -9.6    -2.1    12.2  -999.9     0.4     3.7     3.5   330.0
SUMMERSIDE_A  1992   3  24   84     -7.6    -0.1    15.3  -999.9     0.2     4.2     3.9   330.0
SUMMERSIDE_A  1992   3  25   85     -8.6    -0.7    18.5  -999.9     0.0     5.3     3.6   330.0
SUMMERSIDE_A  1992   3  26   86     -7.0     6.3    14.6  -999.9     0.0     5.9     5.1   330.0
SUMMERSIDE_A  1992   3  27   87     -0.4     6.7    16.2  -999.9     3.2     7.7     6.7   330.0
SUMMERSIDE_A  1992   3  28   88      3.2     7.9     9.9  -999.9     4.7     7.0     9.0   330.0
SUMMERSIDE_A  1992   3  29   89      0.3     7.4    17.6  -999.9     0.2     3.5     7.0   330.0
SUMMERSIDE_A  1992   3  30   90     -1.8     4.9    21.3  -999.9     0.2     6.3     5.3   330.0
SUMMERSIDE_A  1992   3  31   91     -3.5     5.4    19.7  -999.9     0.1     3.8     5.1   330.0
SUMMERSIDE_A  1992   4   1   92     -1.6     2.6    20.0  -999.9     1.9     4.3     5.9   330.0
SUMMERSIDE_A  1992   4   2   93     -1.5     6.3    17.3  -999.9     0.1     3.5     5.9   330.0
SUMMERSIDE_A  1992   4   3   94     -1.1     4.2    17.3  -999.9     3.8     6.8     5.9   330.0
SUMMERSIDE_A  1992   4   4   95     -0.8     4.3    16.0  -999.9     0.5     5.2     5.9   330.0
SUMMERSIDE_A  1992   4   5   96     -1.6     6.3    22.3  -999.9     0.1     4.2     5.8   330.0
SUMMERSIDE_A  1992   4   6   97     -1.6     1.4    13.6  -999.9     0.1    11.0     5.3   330.0
SUMMERSIDE_A  1992   4   7   98     -3.4     2.0    16.9  -999.9     0.0     7.1     4.6   330.0
SUMMERSIDE_A  1992   4   8   99     -3.0     3.6    11.4  -999.9     2.0     6.3     5.4   330.0
SUMMERSIDE_A  1992   4   9  100     -4.1     8.2    23.7  -999.9     0.0     6.7     4.9   330.0
SUMMERSIDE_A  1992   4  10  101     -2.8     6.0    17.5  -999.9     0.9     8.5     5.3   330.0
SUMMERSIDE_A  1992   4  11  102     -4.4    -0.0    16.2  -999.9     0.0     5.0     3.4   330.0
SUMMERSIDE_A  1992   4  12  103     -3.3     1.7     9.1  -999.9     1.1     5.2     4.9   330.0
SUMMERSIDE_A  1992   4  13  104     -6.4     0.3    19.2  -999.9     0.1    11.1     3.0   330.0
SUMMERSIDE_A  1992   4  14  105     -6.7     1.3    21.8  -999.9     0.2     8.6     3.5   330.0
SUMMERSIDE_A  1992   4  15  106     -5.2     3.2    24.6  -999.9     0.0     6.1     4.1   330.0
SUMMERSIDE_A  1992   4  16  107     -2.6     4.5    25.4  -999.9     0.0     3.8     4.5   330.0
SUMMERSIDE_A  1992   4  17  108     -2.4     6.8    21.5  -999.9     0.0     3.8     5.1   330.0
SUMMERSIDE_A  1992   4  18  109     -2.1     5.9    20.2  -999.9     0.0     2.9     4.5   330.0
SUMMERSIDE_A  1992   4  19  110     -3.0    10.8    25.1  -999.9     0.0     3.3     5.2   330.0
SUMMERSIDE_A  1992   4  20  111      0.3    10.0    21.1  -999.9     0.0     7.7     6.9   330.0
SUMMERSIDE_A  1992   4  21  112      3.8    13.5    21.7  -999.9     0.0     4.5     9.8   330.0
SUMMERSIDE_A  1992   4  22  113      1.1     3.3     9.4  -999.9     4.3     5.0     6.8   330.0
SUMMERSIDE_A  1992   4  23  114      0.2     2.8    17.5  -999.9     6.2     4.8     6.6   330.0
SUMMERSIDE_A  1992   4  24  115     -2.5     2.7    14.1  -999.9     1.0     4.4     5.7   330.0
SUMMERSIDE_A  1992   4  25  116     -2.6     4.1    26.5  -999.9     0.0     5.5     4.9   330.0
SUMMERSIDE_A  1992   4  26  117     -2.4     2.3    12.5  -999.9     4.0    10.2     5.3   330.0
SUMMERSIDE_A  1992   4  27  118     -1.4     3.2    21.6  -999.9     0.5     7.9     5.5   330.0
SUMMERSIDE_A  1992   4  28  119     -1.8     7.4    26.4  -999.9     0.0     3.4     5.4   330.0
SUMMERSIDE_A  1992   4  29  120     -1.3    10.8    25.8  -999.9     0.0     5.7     6.2   330.0
SUMMERSIDE_A  1992   4  30  121     -0.5    11.3    25.7  -999.9     0.0     4.3     6.0   330.0
SUMMERSIDE_A  1992   5   1  122     -0.0     9.1    10.2  -999.9     0.4     3.2     6.5   330.0
SUMMERSIDE_A  1992   5   2  123     -1.4     7.5    15.4  -999.9     0.1     3.2     5.4   330.0
SUMMERSIDE_A  1992   5   3  124      1.0     9.2     1.2  -999.9     2.0     4.5     7.7   330.0
SUMMERSIDE_A  1992   5   4  125     -1.7     3.3     8.3  -999.9     0.6     4.4     5.8   330.0
SUMMERSIDE_A  1992   5   5  126     -1.6     4.2    14.8  -999.9     0.1     6.0     5.4   330.0
SUMMERSIDE_A  1992   5   6  127      0.2     3.5     6.8  -999.9     3.4     5.1     6.4   330.0
SUMMERSIDE_A  1992   5   7  128      0.0     9.0    20.9  -999.9     0.1     3.2     6.3   330.0
SUMMERSIDE_A  1992   5   8  129      0.4    12.7    22.4  -999.9     0.0     6.2     7.3   330.0
SUMMERSIDE_A  1992   5   9  130      4.7    11.8     2.0  -999.9     3.7     5.0    10.7   330.0
SUMMERSIDE_A  1992   5  10  131      1.1     7.8    27.0  -999.9     1.0     4.8     6.9   330.0
SUMMERSIDE_A  1992   5  11  132      0.8    12.1    26.9  -999.9     0.0     2.4     6.3   330.0
SUMMERSIDE_A  1992   5  12  133      2.6    13.3    25.4  -999.9     0.0     6.6     7.8   330.0
SUMMERSIDE_A  1992   5  13  134      6.9    16.8    22.6  -999.9     0.1     6.7    12.7   330.0
SUMMERSIDE_A  1992   5  14  135      4.7    15.2     6.1  -999.9     4.2     5.2    11.2   330.0
SUMMERSIDE_A  1992   5  15  136      1.6     9.1    22.7  -999.9     0.0     3.5     7.1   330.0
SUMMERSIDE_A  1992   5  16  137     -0.6    13.4    26.6  -999.9     0.0     3.4     7.2   330.0
SUMMERSIDE_A  1992   5  17  138      3.1    14.3    27.2  -999.9     0.0     5.5     8.9   330.0
SUMMERSIDE_A  1992   5  18  139      3.6    10.5    13.2  -999.9     4.3     6.9     8.6   330.0
SUMMERSIDE_A  1992   5  19  140      1.2    14.0    28.2  -999.9     0.0     3.8     7.5   330.0
SUMMERSIDE_A  1992   5  20  141      5.0    14.8    23.3  -999.9     0.0     3.2     9.3   330.0
SUMMERSIDE_A  1992   5  21  142      5.6    19.0    29.1  -999.9     0.1     6.1    12.0   330.0
SUMMERSIDE_A  1992   5  22  143      6.8    18.1    28.7  -999.9     0.1     5.3    13.3   330.0
SUMMERSIDE_A  1992   5  23  144      6.7    21.5    28.2  -999.9     0.0     5.8    13.5   330.0
SUMMERSIDE_A  1992   5  24  145      3.3    11.9     9.7  -999.9     1.2     4.8     8.1   330.0
SUMMERSIDE_A  1992   5  25  146      1.0     7.2    24.6  -999.9     0.3     5.5     6.5   330.0
SUMMERSIDE_A  1992   5  26  147      0.2     9.3    29.2  -999.9     0.0     3.4     6.7   330.0
SUMMERSIDE_A  1992   5  27  148      3.8    10.6    13.4  -999.9     0.0     2.8     8.3   330.0
SUMMERSIDE_A  1992   5  28  149      4.6    12.9    24.0  -999.9     0.7     4.1     8.6   330.0
SUMMERSIDE_A  1992   5  29  150      6.8    17.4    25.2  -999.9     0.0     6.5    11.1   330.0
SUMMERSIDE_A  1992   5  30  151      7.4    20.2    28.7  -999.9     0.0     4.1    12.0   330.0
SUMMERSIDE_A  1992   5  31  152      6.6    17.4    27.1  -999.9     0.0     4.2     9.6   330.0
SUMMERSIDE_A  1992   6   1  153      7.0    18.4    21.2  -999.9     0.4     2.1    10.5   330.0
SUMMERSIDE_A  1992   6   2  154      7.7    10.8     3.9  -999.9     4.7     4.2    11.2   330.0
SUMMERSIDE_A  1992   6   3  155      6.8    17.3    16.0  -999.9     0.1     5.3    11.8   330.0
SUMMERSIDE_A  1992   6   4  156      5.0    13.5    17.6  -999.9     0.0     4.5     9.3   330.0
SUMMERSIDE_A  1992   6   5  157      4.0    12.8    28.6  -999.9     0.0     3.4     7.7   330.0
SUMMERSIDE_A  1992   6   6  158      6.7    17.6    28.8  -999.9     0.4     6.2    11.0   330.0
SUMMERSIDE_A  1992   6   7  159     11.1    19.7    19.3  -999.9     5.2     5.6    15.6   330.0
SUMMERSIDE_A  1992   6   8  160     12.4    21.1    26.2  -999.9     0.6     5.2    16.8   330.0
SUMMERSIDE_A  1992   6   9  161     10.9    17.0    23.0  -999.9     1.9     3.6    14.8   330.0
SUMMERSIDE_A  1992   6  10  162      8.2    14.4    23.3  -999.9     0.2     4.7    11.1   330.0
SUMMERSIDE_A  1992   6  11  163      7.5    16.1    29.4  -999.9     0.1     2.7    10.9   330.0
SUMMERSIDE_A  1992   6  12  164     10.1    15.3    19.5  -999.9     3.5     4.6    12.2   330.0
SUMMERSIDE_A  1992   6  13  165     11.1    19.9    28.1  -999.9     1.2     4.4    15.1   330.0
SUMMERSIDE_A  1992   6  14  166     10.2    16.0     5.2  -999.9     5.9     4.5    12.8   330.0
SUMMERSIDE_A  1992   6  15  167      8.7    13.1     4.9  -999.9    11.9     6.0    11.4   330.0
SUMMERSIDE_A  1992   6  16  168      7.5    17.0    28.4  -999.9     0.0     4.1    10.8   330.0
SUMMERSIDE_A  1992   6  17  169      8.8    21.1    28.4  -999.9     0.0     3.5    12.9   330.0
SUMMERSIDE_A  1992   6  18  170     10.9    21.2    27.1  -999.9     0.0     4.1    13.3   330.0
SUMMERSIDE_A  1992   6  19  171      8.8    22.8    29.3  -999.9     0.0     3.4    14.4   330.0
SUMMERSIDE_A  1992   6  20  172     11.4    21.3    25.4  -999.9     0.1     4.3    16.5   330.0
SUMMERSIDE_A  1992   6  21  173     14.2    19.8    27.5  -999.9     5.3     4.8    17.1   330.0
SUMMERSIDE_A  1992   6  22  174     12.7    18.9    26.7  -999.9     1.6     5.4    14.8   330.0
SUMMERSIDE_A  1992   6  23  175     11.2    14.2    26.4  -999.9     3.1     3.8    13.3   330.0
SUMMERSIDE_A  1992   6  24  176     10.7    18.0    24.2  -999.9     0.4     4.0    13.6   330.0
SUMMERSIDE_A  1992   6  25  177     11.3    15.4    16.3  -999.9     6.3     5.0    13.7   330.0
SUMMERSIDE_A  1992   6  26  178     10.6    17.3    17.9  -999.9     1.2     3.9    13.9   330.0
SUMMERSIDE_A  1992   6  27  179      9.6    19.1    29.5  -999.9     3.2     2.6    14.5   330.0
SUMMERSIDE_A  1992   6  28  180     10.6    16.3    16.4  -999.9     0.5     4.4    13.5   330.0
SUMMERSIDE_A  1992   6  29  181     10.6    16.9    20.9  -999.9     0.0     3.5    13.2   330.0
SUMMERSIDE_A  1992   6  30  182     11.3    20.2    21.2  -999.9     3.1     5.3    15.0   330.0
SUMMERSIDE_A  1992   7   1  183      8.6    19.0    23.2  -999.9     3.3     3.2    14.9   330.0
SUMMERSIDE_A  1992   7   2  184      8.0    12.7    12.4  -999.9     1.5     7.6    10.5   330.0
SUMMERSIDE_A  1992   7   3  185      9.1    13.0    17.7  -999.9     0.6     6.9    11.2   330.0
SUMMERSIDE_A  1992   7   4  186      8.8    16.1    29.5  -999.9     0.0     2.7    11.5   330.0
SUMMERSIDE_A  1992   7   5  187     10.1    15.0    13.1  -999.9     2.5     5.3    13.1   330.0
SUMMERSIDE_A  1992   7   6  188     11.2    17.1    26.6  -999.9     7.2     2.9    15.6   330.0
SUMMERSIDE_A  1992   7   7  189     12.8    18.5    26.8  -999.9     2.1     1.5    15.6   330.0
SUMMERSIDE_A  1992   7   8  190     12.6    21.0    29.0  -999.9     0.1     3.0    15.4   330.0
SUMMERSIDE_A  1992   7   9  191     12.7    19.6    26.2  -999.9    10.3     5.5    15.8   330.0
SUMMERSIDE_A  1992   7  10  192     13.5    19.0    25.0  -999.9     1.4     6.8    15.8   330.0
SUMMERSIDE_A  1992   7  11  193     12.4    21.3    28.2  -999.9     2.4     3.3    16.7   330.0
SUMMERSIDE_A  1992   7  12  194     12.2    17.5    24.6  -999.9     0.3     3.7    13.6   330.0
SUMMERSIDE_A  1992   7  13  195      9.9    14.1     6.4  -999.9    17.2     5.5    12.8   330.0
SUMMERSIDE_A  1992   7  14  196      9.0    19.1    23.7  -999.9     0.3     5.3    14.3   330.0
SUMMERSIDE_A  1992   7  15  197     12.5    20.2    28.1  -999.9     0.3     6.3    14.9   330.0
SUMMERSIDE_A  1992   7  16  198     10.0    19.0    27.7  -999.9     0.0     4.9    12.5   330.0
SUMMERSIDE_A  1992   7  17  199     12.2    20.5    27.9  -999.9     0.0     2.4    13.6   330.0
SUMMERSIDE_A  1992   7  18  200     13.9    19.0    26.0  -999.9     5.9     5.7    16.6   330.0
SUMMERSIDE_A  1992   7  19  201     14.0    21.8    24.3  -999.9     0.6     2.1    17.5   330.0
SUMMERSIDE_A  1992   7  20  202     13.2    23.1     9.7  -999.9     5.6     2.8    17.8   330.0
SUMMERSIDE_A  1992   7  21  203     15.1    21.0    17.7  -999.9     2.1     5.2    18.0   330.0
SUMMERSIDE_A  1992   7  22  204     11.5    18.7    28.4  -999.9     0.0     3.5    13.4   330.0
SUMMERSIDE_A  1992   7  23  205     11.8    20.4    26.7  -999.9     0.0     5.7    15.1   330.0
SUMMERSIDE_A  1992   7  24  206     12.8    22.0    27.1  -999.9     0.0     3.4    16.0   330.0
SUMMERSIDE_A  1992   7  25  207     15.1    23.4    26.8  -999.9     0.0     6.2    17.5   330.0
SUMMERSIDE_A  1992   7  26  208     15.4    23.3     7.1  -999.9     0.0     4.8    15.7   330.0
SUMMERSIDE_A  1992   7  27  209     14.0    21.4    24.6  -999.9     0.2     4.6    15.4   330.0
SUMMERSIDE_A  1992   7  28  210     16.6    22.3    10.3  -999.9     1.4     3.9    18.9   330.0
SUMMERSIDE_A  1992   7  29  211     15.2    22.6    26.6  -999.9     0.1     5.0    17.1   330.0
SUMMERSIDE_A  1992   7  30  212     14.9    21.3    25.4  -999.9     0.0     6.8    15.0   330.0
SUMMERSIDE_A  1992   7  31  213     13.9    21.0    26.7  -999.9     0.3     5.5    15.0   330.0
SUMMERSIDE_A  1992   8   1  214     15.2    19.9     2.8  -999.9    23.9     5.3    18.7   330.0
SUMMERSIDE_A  1992   8   2  215     12.5    19.5    21.2  -999.9     1.1     6.8    14.4   330.0
SUMMERSIDE_A  1992   8   3  216     13.2    22.1    23.4  -999.9     0.4     7.6    15.7   330.0
SUMMERSIDE_A  1992   8   4  217     15.2    23.3    25.6  -999.9     1.5     4.9    18.4   330.0
SUMMERSIDE_A  1992   8   5  218     15.3    22.1    17.8  -999.9     0.3     7.2    18.6   330.0
SUMMERSIDE_A  1992   8   6  219     13.6    21.2    25.7  -999.9     0.0     7.8    15.2   330.0
SUMMERSIDE_A  1992   8   7  220     14.1    22.9    26.3  -999.9     0.0     4.9    16.6   330.0
SUMMERSIDE_A  1992   8   8  221     14.8    23.0    26.0  -999.9     0.0     4.4    16.9   330.0
SUMMERSIDE_A  1992   8   9  222     14.6    23.0    24.2  -999.9     0.0     3.7    16.8   330.0
SUMMERSIDE_A  1992   8  10  223     14.3    21.3    14.8  -999.9     0.1     4.6    17.9   330.0
SUMMERSIDE_A  1992   8  11  224     16.3    23.4    23.7  -999.9     0.1     7.9    19.4   330.0
SUMMERSIDE_A  1992   8  12  225     14.0    19.4    21.3  -999.9     0.1     4.7    13.0   330.0
SUMMERSIDE_A  1992   8  13  226     11.9    19.6    22.6  -999.9     0.0     4.2    13.4   330.0
SUMMERSIDE_A  1992   8  14  227     13.1    20.4    23.0  -999.9     0.0     1.8    14.7   330.0
SUMMERSIDE_A  1992   8  15  228     13.5    21.3    21.3  -999.9     0.0     2.6    15.0   330.0
SUMMERSIDE_A  1992   8  16  229     13.8    20.5    12.8  -999.9     1.2     3.3    16.2   330.0
SUMMERSIDE_A  1992   8  17  230     15.2    21.5    13.5  -999.9     3.4     3.1    17.9   330.0
SUMMERSIDE_A  1992   8  18  231     15.4    21.6     7.3  -999.9    15.3     3.2    20.1   330.0
SUMMERSIDE_A  1992   8  19  232     15.9    22.2    23.1  -999.9     4.4     3.0    18.6   330.0
SUMMERSIDE_A  1992   8  20  233     14.6    20.9     6.3  -999.9     1.2     5.0    16.5   330.0
SUMMERSIDE_A  1992   8  21  234     13.3    20.1     9.9  -999.9     0.6     5.3    15.7   330.0
SUMMERSIDE_A  1992   8  22  235     14.0    21.3    21.4  -999.9     0.0     3.7    16.1   330.0
SUMMERSIDE_A  1992   8  23  236     13.3    19.8    22.6  -999.9     0.0     3.6    14.7   330.0
SUMMERSIDE_A  1992   8  24  237     15.5    24.1    20.7  -999.9     0.0     6.9    18.0   330.0
SUMMERSIDE_A  1992   8  25  238     16.2    26.3    20.9  -999.9     0.0     4.5    20.3   330.0
SUMMERSIDE_A  1992   8  26  239     15.5    23.3    20.6  -999.9     0.1     2.7    18.5   330.0
SUMMERSIDE_A  1992   8  27  240     17.6    23.6    22.3  -999.9     0.1     5.6    19.7   330.0
SUMMERSIDE_A  1992   8  28  241     15.5    21.9    17.5  -999.9     0.4     3.1    18.4   330.0
SUMMERSIDE_A  1992   8  29  242     14.6    23.8     9.1  -999.9     0.5     4.6    19.0   330.0
SUMMERSIDE_A  1992   8  30  243     14.9    20.1    18.6  -999.9     0.1     7.7    15.3   330.0
SUMMERSIDE_A  1992   8  31  244     14.7    22.4    22.5  -999.9     0.8     7.2    16.2   330.0
SUMMERSIDE_A  1992   9   1  245     13.6    19.5    17.4  -999.9     1.4     5.0    14.9   330.0
SUMMERSIDE_A  1992   9   2  246     12.4    15.5    15.5  -999.9     2.5     5.5    13.0   330.0
SUMMERSIDE_A  1992   9   3  247     10.0    15.9    17.1  -999.9     0.2     4.8    10.7   330.0
SUMMERSIDE_A  1992   9   4  248      9.5    18.2    19.4  -999.9     0.3     3.7    12.0   330.0
SUMMERSIDE_A  1992   9   5  249     13.1    19.0    20.4  -999.9     0.2     1.8    14.2   330.0
SUMMERSIDE_A  1992   9   6  250     12.5    21.3    18.5  -999.9     0.0     4.8    14.8   330.0
SUMMERSIDE_A  1992   9   7  251     12.4    20.9    20.3  -999.9     0.0     6.8    14.8   330.0
SUMMERSIDE_A  1992   9   8  252     13.9    22.4     7.4  -999.9     0.0     5.3    16.8   330.0
SUMMERSIDE_A  1992   9   9  253     15.7    22.9    17.8  -999.9     0.6     6.2    19.4   330.0
SUMMERSIDE_A  1992   9  10  254     14.1    23.3    15.9  -999.9     0.2     6.5    19.0   330.0
SUMMERSIDE_A  1992   9  11  255     16.1    20.1    13.0  -999.9     3.6     6.0    18.1   330.0
SUMMERSIDE_A  1992   9  12  256     11.3    16.0    12.2  -999.9     3.3     6.1    12.1   330.0
SUMMERSIDE_A  1992   9  13  257     10.0    19.0    20.1  -999.9     0.0     4.2    11.0   330.0
SUMMERSIDE_A  1992   9  14  258     11.0    20.5    18.8  -999.9     0.0     4.5    14.6   330.0
SUMMERSIDE_A  1992   9  15  259     13.4    21.2    13.5  -999.9     0.0     7.4    14.2   330.0
SUMMERSIDE_A  1992   9  16  260     14.2    22.1    15.7  -999.9     0.0     3.8    14.8   330.0
SUMMERSIDE_A  1992   9  17  261     14.6    21.4     1.1  -999.9     2.1     4.6    17.0   330.0
SUMMERSIDE_A  1992   9  18  262     16.2    22.5     8.8  -999.9     0.1     5.2    18.6   330.0
SUMMERSIDE_A  1992   9  19  263     13.8    22.3     7.0  -999.9     0.8     6.7    17.2   330.0
SUMMERSIDE_A  1992   9  20  264      9.8    17.2    18.0  -999.9     0.0     2.6     8.5   330.0
SUMMERSIDE_A  1992   9  21  265      9.4    18.6    17.1  -999.9     0.0     3.4    11.4   330.0
SUMMERSIDE_A  1992   9  22  266     11.8    19.0     2.1  -999.9     0.4     6.8    13.2   330.0
SUMMERSIDE_A  1992   9  23  267      8.4    18.5     4.0  -999.9     4.3     8.4    13.2   330.0
SUMMERSIDE_A  1992   9  24  268      7.8    11.9    17.5  -999.9     0.0     4.2     6.2   330.0
SUMMERSIDE_A  1992   9  25  269      7.8    18.2    17.2  -999.9     0.0     3.9     9.4   330.0
SUMMERSIDE_A  1992   9  26  270      9.5    20.2    17.3  -999.9     0.0     4.6    11.7   330.0
SUMMERSIDE_A  1992   9  27  271     10.3    21.3    14.1  -999.9     1.3     4.7    15.8   330.0
SUMMERSIDE_A  1992   9  28  272     13.9    19.9    16.4  -999.9     0.3     6.5    15.9   330.0
SUMMERSIDE_A  1992   9  29  273     10.9    15.9     3.7  -999.9     1.3     4.4    13.4   330.0
SUMMERSIDE_A  1992   9  30  274      6.4    11.1     6.1  -999.9     0.1     8.7     7.2   330.0
SUMMERSIDE_A  1992  10   1  275      5.6     6.8     5.6  -999.9     1.4     7.0     6.8   330.0
SUMMERSIDE_A  1992  10   2  276      4.8    10.2     7.5  -999.9     1.2     7.5     7.6   330.0
SUMMERSIDE_A  1992  10   3  277      7.7    15.1     3.0  -999.9     4.2     5.9    12.2   330.0
SUMMERSIDE_A  1992  10   4  278      5.1    10.2    11.9  -999.9     0.0     6.5     6.6   330.0
SUMMERSIDE_A  1992  10   5  279      4.8     9.1    12.5  -999.9     0.4     5.3     7.6   330.0
SUMMERSIDE_A  1992  10   6  280      5.3     8.5     9.4  -999.9     0.2     6.6     7.1   330.0
SUMMERSIDE_A  1992  10   7  281      4.3    14.5    14.0  -999.9     0.0     6.4     9.3   330.0
SUMMERSIDE_A  1992  10   8  282      6.7    11.2    11.7  -999.9     0.0     4.5     8.5   330.0
SUMMERSIDE_A  1992  10   9  283      5.6    16.7    14.1  -999.9     0.0     4.5    10.2   330.0
SUMMERSIDE_A  1992  10  10  284     10.0    16.8     5.6  -999.9     4.7     6.0    13.3   330.0
SUMMERSIDE_A  1992  10  11  285     14.2    16.4     3.5  -999.9     6.2     6.3    16.7   330.0
SUMMERSIDE_A  1992  10  12  286     11.8    16.3     5.8  -999.9     8.3     5.6    15.8   330.0
SUMMERSIDE_A  1992  10  13  287      9.0    16.1    12.6  -999.9     0.0     5.4    11.3   330.0
SUMMERSIDE_A  1992  10  14  288      5.2    11.4    11.6  -999.9     0.5     4.2     8.2   330.0
SUMMERSIDE_A  1992  10  15  289      4.6    12.1    13.3  -999.9     0.0     6.2     7.9   330.0
SUMMERSIDE_A  1992  10  16  290      5.0    12.5    13.2  -999.9     0.0     4.5     8.0   330.0
SUMMERSIDE_A  1992  10  17  291      6.2    13.6     4.2  -999.9     1.1     6.6     9.7   330.0
SUMMERSIDE_A  1992  10  18  292      2.8     9.4    12.3  -999.9     0.0     4.5     5.2   330.0
SUMMERSIDE_A  1992  10  19  293      2.5     6.5     2.2  -999.9    10.8    11.4     6.4   330.0
SUMMERSIDE_A  1992  10  20  294      2.6     8.2     9.0  -999.9     1.6     7.2     6.3   330.0
SUMMERSIDE_A  1992  10  21  295      3.0     9.6     7.7  -999.9     0.3     4.7     7.8   330.0
SUMMERSIDE_A  1992  10  22  296      4.5     9.3     4.2  -999.9     0.1     5.6     8.2   330.0
SUMMERSIDE_A  1992  10  23  297      3.3    11.2    10.9  -999.9     0.0     5.2     8.3   330.0
SUMMERSIDE_A  1992  10  24  298      7.8    13.5     2.9  -999.9     2.6     6.8    10.7   330.0
SUMMERSIDE_A  1992  10  25  299     10.1    14.9     8.4  -999.9     3.0     5.2    12.6   330.0
SUMMERSIDE_A  1992  10  26  300      8.2    11.2     1.0  -999.9    23.0     7.0    11.1   330.0
SUMMERSIDE_A  1992  10  27  301      4.6     7.9     1.7  -999.9     1.4     8.2     8.4   330.0
SUMMERSIDE_A  1992  10  28  302      3.0     8.0     1.2  -999.9     0.1     8.2     6.1   330.0
SUMMERSIDE_A  1992  10  29  303      2.3    10.3     6.5  -999.9     0.1     5.5     7.4   330.0
SUMMERSIDE_A  1992  10  30  304      1.9     5.9     4.0  -999.9     1.2     3.8     5.9   330.0
SUMMERSIDE_A  1992  10  31  305      0.8     5.8     5.9  -999.9     0.0     3.8     5.2   330.0
SUMMERSIDE_A  1992  11   1  306      2.1     5.0     7.6  -999.9     0.4     4.0     5.4   330.0
SUMMERSIDE_A  1992  11   2  307      0.8     2.5     2.7  -999.9     0.2     7.5     4.8   330.0
SUMMERSIDE_A  1992  11   3  308      0.4     4.3     7.8  -999.9     0.2     3.5     5.0   330.0
SUMMERSIDE_A  1992  11   4  309      0.2     8.0     8.5  -999.9     0.3     5.0     7.2   330.0
SUMMERSIDE_A  1992  11   5  310      4.3     9.9     6.3  -999.9     2.6     7.0     9.0   330.0
SUMMERSIDE_A  1992  11   6  311      2.3     7.2     7.5  -999.9     2.6     6.0     6.7   330.0
SUMMERSIDE_A  1992  11   7  312     -0.9     3.0     2.8  -999.9     0.5     4.1     5.0   330.0
SUMMERSIDE_A  1992  11   8  313     -2.5     2.2     7.0  -999.9     0.0     3.3     3.8   330.0
SUMMERSIDE_A  1992  11   9  314      0.0     3.2     1.8  -999.9     0.1     4.2     4.7   330.0
SUMMERSIDE_A  1992  11  10  315     -1.3     2.8     5.8  -999.9     0.0     3.7     4.3   330.0
SUMMERSIDE_A  1992  11  11  316     -1.2     6.2     0.8  -999.9     4.9     7.6     6.9   330.0
SUMMERSIDE_A  1992  11  12  317      0.7     5.8     5.8  -999.9     0.0     5.5     6.6   330.0
SUMMERSIDE_A  1992  11  13  318      1.7    13.6     1.9  -999.9     5.0     8.8    10.8   330.0
SUMMERSIDE_A  1992  11  14  319      0.4     7.1     8.3  -999.9     0.0     7.0     5.7   330.0
SUMMERSIDE_A  1992  11  15  320     -0.5     4.0     5.3  -999.9     0.4     3.1     5.6   330.0
SUMMERSIDE_A  1992  11  16  321     -2.4     2.6     2.1  -999.9     4.6     8.0     5.3   330.0
SUMMERSIDE_A  1992  11  17  322     -3.8     1.7     3.3  -999.9     0.4     5.2     3.9   330.0
SUMMERSIDE_A  1992  11  18  323     -3.1    -0.8     7.1  -999.9     0.2     5.4     3.8   330.0
SUMMERSIDE_A  1992  11  19  324     -3.3    -1.3     4.2  -999.9     0.6     5.6     3.6   330.0
SUMMERSIDE_A  1992  11  20  325     -4.8    -0.7     3.8  -999.9     0.0     7.1     3.5   330.0
SUMMERSIDE_A  1992  11  21  326     -3.6     1.2     6.7  -999.9     3.7     4.7     4.5   330.0
SUMMERSIDE_A  1992  11  22  327      0.9     5.9     6.5  -999.9     2.2     4.8     7.6   330.0
SUMMERSIDE_A  1992  11  23  328      0.3     1.8     2.7  -999.9     2.4     6.7     6.1   330.0
SUMMERSIDE_A  1992  11  24  329     -2.2     1.1     6.0  -999.9     0.0     4.3     4.3   330.0
SUMMERSIDE_A  1992  11  25  330     -1.7     0.9     2.6  -999.9     0.5     0.7     4.5   330.0
SUMMERSIDE_A  1992  11  26  331     -2.8     2.8     2.6  -999.9     2.0     3.7     6.0   330.0
SUMMERSIDE_A  1992  11  27  332      1.8     4.4     5.7  -999.9     5.1     6.0     7.5   330.0
SUMMERSIDE_A  1992  11  28  333     -1.6     3.3     6.4  -999.9     0.0     4.9     5.2   330.0
SUMMERSIDE_A  1992  11  29  334     -0.9     4.3     6.0  -999.9     0.0     5.1     6.0   330.0
SUMMERSIDE_A  1992  11  30  335     -1.1     2.3     5.5  -999.9     0.1     4.1     5.8   330.0
SUMMERSIDE_A  1992  12   1  336     -0.8     3.4     4.9  -999.9     0.0     3.3     5.7   330.0
SUMMERSIDE_A  1992  12   2  337     -0.5     4.8     6.0  -999.9     0.0     3.1     5.9   330.0
SUMMERSIDE_A  1992  12   3  338     -0.3     1.8     1.5  -999.9     7.9     9.7     5.5   330.0
SUMMERSIDE_A  1992  12   4  339     -2.2     2.0     1.0  -999.9     1.8    10.6     5.3   330.0
SUMMERSIDE_A  1992  12   5  340     -3.8     0.1     3.2  -999.9     5.4     6.3     4.6   330.0
SUMMERSIDE_A  1992  12   6  341     -5.4    -1.1     3.4  -999.9     1.7    13.2     3.9   330.0
SUMMERSIDE_A  1992  12   7  342     -5.4    -1.0     5.1  -999.9     0.1     7.8     3.8   330.0
SUMMERSIDE_A  1992  12   8  343     -6.6    -4.6     4.2  -999.9     0.2     8.1     3.0   330.0
SUMMERSIDE_A  1992  12   9  344     -5.5    -3.6     1.7  -999.9     0.3     6.6     3.4   330.0
SUMMERSIDE_A  1992  12  10  345     -6.2    -2.8     4.2  -999.9     0.0     4.8     3.5   330.0
SUMMERSIDE_A  1992  12  11  346     -5.6    -0.4     3.8  -999.9     0.0     4.7     4.2   330.0
SUMMERSIDE_A  1992  12  12  347     -2.5     1.6     6.4  -999.9     0.0     7.2     5.4   330.0
SUMMERSIDE_A  1992  12  13  348     -1.9     1.2     2.7  -999.9     0.0     7.0     5.4   330.0
SUMMERSIDE_A  1992  12  14  349     -2.3     0.8     4.8  -999.9     0.1     3.1     5.1   330.0
SUMMERSIDE_A  1992  12  15  350     -3.0     1.3     4.8  -999.9     0.0     3.6     5.4   330.0
SUMMERSIDE_A  1992  12  16  351      0.2     2.7     1.5  -999.9     2.2     6.1     6.4   330.0
SUMMERSIDE_A  1992  12  17  352      1.5     3.5     6.2  -999.9     6.7     5.1     7.2   330.0
SUMMERSIDE_A  1992  12  18  353     -2.3     6.7     2.4  -999.9     9.1     6.3     6.8   330.0
SUMMERSIDE_A  1992  12  19  354     -6.2    -1.7     4.9  -999.9     0.0     5.0     3.3   330.0
SUMMERSIDE_A  1992  12  20  355     -1.6     5.1     0.1  -999.9     5.6     8.1     6.3   330.0
SUMMERSIDE_A  1992  12  21  356     -9.4    -0.1     3.2  -999.9     0.8     9.8     3.1   330.0
SUMMERSIDE_A  1992  12  22  357     -9.5    -0.5     5.3  -999.9     0.9     5.4     3.3   330.0
SUMMERSIDE_A  1992  12  23  358     -1.1     0.9     1.7  -999.9     0.7     2.8     5.8   330.0
SUMMERSIDE_A  1992  12  24  359    -13.0     0.9     3.5  -999.9     1.9     8.8     4.3   330.0
SUMMERSIDE_A  1992  12  25  360    -15.5    -7.9     3.1  -999.9     0.6    10.7     1.9   330.0
SUMMERSIDE_A  1992  12  26  361     -9.3    -0.3     4.6  -999.9     1.1    10.2     3.5   330.0
SUMMERSIDE_A  1992  12  27  362    -14.3   -10.7     4.4  -999.9     0.1     9.3     1.9   330.0
SUMMERSIDE_A  1992  12  28  363    -14.9    -1.4     3.2  -999.9     0.4     5.6     2.9   330.0
SUMMERSIDE_A  1992  12  29  364     -4.9     0.1     2.1  -999.9     1.6     6.2     4.8   330.0
SUMMERSIDE_A  1992  12  30  365     -5.0    -3.6     3.2  -999.9     5.1     7.5     3.7   330.0
