SUMMERSIDE_A  1996   1   1    1    -11.7   -10.5     3.8  -999.9     0.0     7.5     2.4   330.0
SUMMERSIDE_A  1996   1   2    2    -17.2   -14.5     2.6  -999.9     0.0    20.1     1.2   330.0
SUMMERSIDE_A  1996   1   3    3    -19.0   -14.0     3.6  -999.9     2.0    12.6     1.0   330.0
SUMMERSIDE_A  1996   1   4    4    -17.5   -13.0     3.4  -999.9     0.0    19.1     1.5   330.0
SUMMERSIDE_A  1996   1   5    5    -18.5   -13.0     3.8  -999.9     3.0    23.3     1.1   330.0
SUMMERSIDE_A  1996   1   6    6    -22.5   -10.5     5.6  -999.9     0.0    22.6     1.2   330.0
SUMMERSIDE_A  1996   1   7    7    -17.0    -9.5     4.5  -999.9     0.0    14.0     1.4   330.0
SUMMERSIDE_A  1996   1   8    8    -17.0    -6.2     5.4  -999.9    12.0    25.6     1.8   330.0
SUMMERSIDE_A  1996   1   9    9    -10.0    -6.2     3.3  -999.9     2.0    23.6     2.6   330.0
SUMMERSIDE_A  1996   1  10   10    -15.7    -4.8     5.6  -999.9     0.0     4.8     2.2   330.0
SUMMERSIDE_A  1996   1  11   11     -9.8    -4.0     4.1  -999.9     0.0    21.5     2.7   330.0
SUMMERSIDE_A  1996   1  12   12    -16.5     3.5     7.7  -999.9     2.0     7.9     2.4   330.0
SUMMERSIDE_A  1996   1  13   13     -8.5     5.0     6.4  -999.9     6.0    23.0     5.2   330.0
SUMMERSIDE_A  1996   1  14   14    -10.5     2.4     6.3  -999.9     0.0    18.9     3.2   330.0
SUMMERSIDE_A  1996   1  15   15    -15.0   -12.0     3.1  -999.9     0.0    22.4     1.5   330.0
SUMMERSIDE_A  1996   1  16   16    -21.5     0.5     8.4  -999.9     0.0    22.6     1.3   330.0
SUMMERSIDE_A  1996   1  17   17    -14.7     6.3     8.3  -999.9     0.4    27.4     4.0   330.0
SUMMERSIDE_A  1996   1  18   18      0.0     5.0     4.1  -999.9     0.0    15.0     6.4   330.0
SUMMERSIDE_A  1996   1  19   19      0.5    11.0     6.0  -999.9     1.2    27.3     8.8   330.0
SUMMERSIDE_A  1996   1  20   20     -2.0     6.5     5.4  -999.9     0.0    21.7     5.0   330.0
SUMMERSIDE_A  1996   1  21   21    -11.0    -7.3     3.6  -999.9     0.0    10.0     2.1   330.0
SUMMERSIDE_A  1996   1  22   22    -11.5    -1.0     6.2  -999.9     0.0     7.3     2.5   330.0
SUMMERSIDE_A  1996   1  23   23     -5.5     2.3     5.4  -999.9     2.0    24.4     3.8   330.0
SUMMERSIDE_A  1996   1  24   24      1.0     9.5     5.7  -999.9     9.8    30.6     8.6   330.0
SUMMERSIDE_A  1996   1  25   25     -3.5     6.0     6.1  -999.9     1.2    20.3     6.1   330.0
SUMMERSIDE_A  1996   1  26   26    -14.0    -6.5     5.5  -999.9     0.0     7.2     1.9   330.0
SUMMERSIDE_A  1996   1  27   27    -10.5     7.0     8.5  -999.9     1.0    25.2     3.8   330.0
SUMMERSIDE_A  1996   1  28   28     -2.0     7.0     6.2  -999.9    10.2    26.3     6.6   330.0
SUMMERSIDE_A  1996   1  29   29    -14.0    -9.5     4.4  -999.9     0.0    15.5     1.8   330.0
SUMMERSIDE_A  1996   1  30   30    -13.5    -5.5     6.0  -999.9     5.0    18.1     2.2   330.0
SUMMERSIDE_A  1996   1  31   31    -13.0    -7.0     5.3  -999.9     0.0    11.2     1.9   330.0
SUMMERSIDE_A  1996   2   1   32    -17.5   -12.5     4.9  -999.9     0.0    21.6     1.2   330.0
SUMMERSIDE_A  1996   2   2   33    -20.0    -9.0     7.3  -999.9     2.0     8.9     1.1   330.0
SUMMERSIDE_A  1996   2   3   34    -13.0   -10.0     3.9  -999.9     0.0    17.3     1.8   330.0
SUMMERSIDE_A  1996   2   4   35    -21.0   -15.0     5.6  -999.9     0.0     9.4     1.0   330.0
SUMMERSIDE_A  1996   2   5   36    -21.5   -13.0     6.7  -999.9     0.0    10.4     0.9   330.0
SUMMERSIDE_A  1996   2   6   37    -19.2   -10.0     7.1  -999.9     0.0    10.9     1.2   330.0
SUMMERSIDE_A  1996   2   7   38    -17.5    -1.5     9.5  -999.9     0.0    14.9     1.7   330.0
SUMMERSIDE_A  1996   2   8   39    -12.5     2.9     9.4  -999.9     1.0    27.0     3.3   330.0
SUMMERSIDE_A  1996   2   9   40      0.5     5.0     5.2  -999.9     9.3    19.9     7.1   330.0
SUMMERSIDE_A  1996   2  10   41     -5.0    -2.5     3.9  -999.9     2.0    20.8     3.8   330.0
SUMMERSIDE_A  1996   2  11   42     -9.5     1.5     8.3  -999.9     6.0    11.7     3.5   330.0
SUMMERSIDE_A  1996   2  12   43     -6.0    -4.0     3.6  -999.9     1.0    26.1     3.3   330.0
SUMMERSIDE_A  1996   2  13   44    -20.0   -14.0     6.3  -999.9     0.0    13.1     1.0   330.0
SUMMERSIDE_A  1996   2  14   45    -20.5    -7.8     9.3  -999.9     8.0    23.0     1.2   330.0
SUMMERSIDE_A  1996   2  15   46    -13.2    -7.8     6.2  -999.9     7.0    20.1     2.3   330.0
SUMMERSIDE_A  1996   2  16   47    -16.5     0.0    10.9  -999.9    11.0     5.4     2.5   330.0
SUMMERSIDE_A  1996   2  17   48    -10.0     7.5    11.4  -999.9    19.8    12.3     5.3   330.0
SUMMERSIDE_A  1996   2  18   49     -7.0    -3.0     5.5  -999.9     2.0    20.1     2.9   330.0
SUMMERSIDE_A  1996   2  19   50    -16.5    -7.0     8.7  -999.9     0.0     9.8     1.3   330.0
SUMMERSIDE_A  1996   2  20   51    -12.0     3.0    11.0  -999.9     0.0    25.1     3.3   330.0
SUMMERSIDE_A  1996   2  21   52     -1.5     5.6     7.7  -999.9     0.0    25.5     5.1   330.0
SUMMERSIDE_A  1996   2  22   53     -0.7     7.4     8.3  -999.9     8.8    24.8     7.3   330.0
SUMMERSIDE_A  1996   2  23   54      3.5     9.0     7.0  -999.9    10.2    10.7     8.8   330.0
SUMMERSIDE_A  1996   2  24   55      1.0     9.0     8.5  -999.9     7.6     6.9     8.1   330.0
SUMMERSIDE_A  1996   2  25   56      1.5     5.0     5.7  -999.9     0.8    20.2     6.4   330.0
SUMMERSIDE_A  1996   2  26   57     -2.0     4.5     7.9  -999.9     0.0     6.0     5.2   330.0
SUMMERSIDE_A  1996   2  27   58     -0.5     5.3     7.6  -999.9     0.0    27.7     6.0   330.0
SUMMERSIDE_A  1996   2  28   59     -4.0    -0.5     6.0  -999.9     4.0    17.0     4.0   330.0
SUMMERSIDE_A  1996   2  29   60     -8.5    -3.5     7.2  -999.9     0.0    20.3     2.9   330.0
SUMMERSIDE_A  1996   3   1   61    -12.5    -4.0     9.5  -999.9     0.0     9.0     1.9   330.0
SUMMERSIDE_A  1996   3   2   62     -8.0     0.5     9.7  -999.9    22.0    16.8     3.7   330.0
SUMMERSIDE_A  1996   3   3   63     -4.5     1.5     8.2  -999.9     2.0    24.0     3.8   330.0
SUMMERSIDE_A  1996   3   4   64    -10.5    -8.0     5.4  -999.9     1.0    36.0     2.1   330.0
SUMMERSIDE_A  1996   3   5   65    -14.0    -6.8     9.3  -999.9     0.0    27.7     1.4   330.0
SUMMERSIDE_A  1996   3   6   66    -12.2    -6.0     8.7  -999.9     0.0     9.2     1.8   330.0
SUMMERSIDE_A  1996   3   7   67    -14.7    -6.0    10.4  -999.9     2.0     1.6     1.8   330.0
SUMMERSIDE_A  1996   3   8   68     -8.7    -7.0     4.7  -999.9    20.0    31.2     2.6   330.0
SUMMERSIDE_A  1996   3   9   69    -10.5    -4.5     8.9  -999.9     0.0    22.4     2.4   330.0
SUMMERSIDE_A  1996   3  10   70    -15.5    -6.0    11.3  -999.9     0.0    19.5     1.5   330.0
SUMMERSIDE_A  1996   3  11   71    -11.0     2.6    13.7  -999.9     0.0    25.5     2.4   330.0
SUMMERSIDE_A  1996   3  12   72     -7.5     4.6    13.1  -999.9     0.0    11.9     3.5   330.0
SUMMERSIDE_A  1996   3  13   73     -6.0     2.8    11.3  -999.9     0.0     9.2     3.5   330.0
SUMMERSIDE_A  1996   3  14   74     -8.5     5.0    14.2  -999.9     0.0    12.5     3.7   330.0
SUMMERSIDE_A  1996   3  15   75      0.0     5.5     9.2  -999.9    12.4    16.6     5.5   330.0
SUMMERSIDE_A  1996   3  16   76     -4.0     0.0     7.9  -999.9     9.0    24.7     5.1   330.0
SUMMERSIDE_A  1996   3  17   77     -7.0    -3.5     7.5  -999.9     3.0    18.1     3.0   330.0
SUMMERSIDE_A  1996   3  18   78     -9.0     1.0    12.8  -999.9     0.0     8.5     2.8   330.0
SUMMERSIDE_A  1996   3  19   79     -7.0     3.9    13.5  -999.9     0.0    10.1     3.7   330.0
SUMMERSIDE_A  1996   3  20   80     -4.5     4.5    12.4  -999.9    20.0    20.8     5.0   330.0
SUMMERSIDE_A  1996   3  21   81      0.3     6.8    10.7  -999.9    15.5    11.1     7.6   330.0
SUMMERSIDE_A  1996   3  22   82      0.0     6.5    10.8  -999.9     0.0    20.9     6.4   330.0
SUMMERSIDE_A  1996   3  23   83      1.0     4.0     7.4  -999.9     0.6     8.6     6.3   330.0
SUMMERSIDE_A  1996   3  24   84     -1.5     4.5    10.6  -999.9     0.0    20.4     4.6   330.0
SUMMERSIDE_A  1996   3  25   85     -2.6     4.6    11.7  -999.9     0.0    10.3     3.7   330.0
SUMMERSIDE_A  1996   3  26   86     -2.0     7.0    13.2  -999.9     0.0    24.2     5.3   330.0
SUMMERSIDE_A  1996   3  27   87     -4.3     2.2    11.4  -999.9     0.0    25.2     3.3   330.0
SUMMERSIDE_A  1996   3  28   88    -10.0    -0.5    13.9  -999.9     0.0    31.7     1.8   330.0
SUMMERSIDE_A  1996   3  29   89     -7.1     2.0    13.7  -999.9     0.0    18.7     2.5   330.0
SUMMERSIDE_A  1996   3  30   90     -6.5    -0.5    11.2  -999.9     1.0    17.8     2.3   330.0
SUMMERSIDE_A  1996   3  31   91     -7.0     0.5    12.7  -999.9     0.0    16.4     3.2   330.0
SUMMERSIDE_A  1996   4   1   92     -3.5    11.1    17.9  -999.9     0.0    10.5     4.2   330.0
SUMMERSIDE_A  1996   4   2   93     -1.5     9.5    15.7  -999.9    32.0     7.9     5.4   330.0
SUMMERSIDE_A  1996   4   3   94     -3.4     1.2    10.2  -999.9    14.0    31.3     5.5   330.0
SUMMERSIDE_A  1996   4   4   95     -4.0     1.5    11.3  -999.9     1.0    23.3     5.2   330.0
SUMMERSIDE_A  1996   4   5   96     -3.5     3.0    12.4  -999.9     0.0    20.7     5.0   330.0
SUMMERSIDE_A  1996   4   6   97     -0.5     2.0     7.8  -999.9     0.0    23.4     5.2   330.0
SUMMERSIDE_A  1996   4   7   98     -3.8     4.0    13.8  -999.9     0.0     4.0     5.1   330.0
SUMMERSIDE_A  1996   4   8   99     -3.0     3.5    12.7  -999.9     5.0    24.5     4.4   330.0
SUMMERSIDE_A  1996   4   9  100     -1.5     0.8     7.6  -999.9     3.0    23.2     5.5   330.0
SUMMERSIDE_A  1996   4  10  101     -1.8     2.0     9.9  -999.9    11.2    24.6     5.6   330.0
SUMMERSIDE_A  1996   4  11  102      1.4     4.5     9.0  -999.9     1.0    17.8     6.4   330.0
SUMMERSIDE_A  1996   4  12  103     -0.5     8.0    15.0  -999.9     2.4    14.2     5.9   330.0
SUMMERSIDE_A  1996   4  13  104     -0.5     7.0    14.2  -999.9     0.0    17.7     4.6   330.0
SUMMERSIDE_A  1996   4  14  105     -2.0     6.5    15.3  -999.9     3.0    11.9     5.0   330.0
SUMMERSIDE_A  1996   4  15  106      0.0     4.5    11.2  -999.9     4.8    24.7     6.5   330.0
SUMMERSIDE_A  1996   4  16  107     -2.5    10.0    18.8  -999.9     0.0    13.1     5.9   330.0
SUMMERSIDE_A  1996   4  17  108     -0.5     9.0    16.5  -999.9     3.4    28.9     7.0   330.0
SUMMERSIDE_A  1996   4  18  109      0.5     8.0    14.8  -999.9     0.8    18.5     6.4   330.0
SUMMERSIDE_A  1996   4  19  110      1.0     6.0    12.2  -999.9     0.0    14.8     7.1   330.0
SUMMERSIDE_A  1996   4  20  111      1.0    14.0    19.8  -999.9     4.6    10.5     6.2   330.0
SUMMERSIDE_A  1996   4  21  112      6.0    13.8    15.4  -999.9     7.7    23.3    10.5   330.0
SUMMERSIDE_A  1996   4  22  113      2.2     9.4    14.9  -999.9     0.0    18.5     7.7   330.0
SUMMERSIDE_A  1996   4  23  114      2.0     9.2    15.0  -999.9     4.2    25.2     8.2   330.0
SUMMERSIDE_A  1996   4  24  115      6.3    13.2    14.8  -999.9     1.8    25.3    11.2   330.0
SUMMERSIDE_A  1996   4  25  116      1.8    11.1    17.3  -999.9     1.2    24.0     4.3   330.0
SUMMERSIDE_A  1996   4  26  117      2.6    19.0    23.1  -999.9     0.0    23.0     9.3   330.0
SUMMERSIDE_A  1996   4  27  118     10.5    20.5    18.1  -999.9     5.0    25.3    14.7   330.0
SUMMERSIDE_A  1996   4  28  119      2.0    11.5    17.8  -999.9     0.0    19.7     6.1   330.0
SUMMERSIDE_A  1996   4  29  120      0.4    11.6    19.4  -999.9     0.0    17.9     4.9   330.0
SUMMERSIDE_A  1996   4  30  121      1.2    16.5    22.8  -999.9     0.0    17.1     5.3   330.0
SUMMERSIDE_A  1996   5   1  122      6.5    10.2    11.3  -999.9     5.4    32.0     7.5   330.0
SUMMERSIDE_A  1996   5   2  123      6.0    16.5    19.1  -999.9     0.6    11.4    10.1   330.0
SUMMERSIDE_A  1996   5   3  124      5.0    17.0    20.6  -999.9     1.2    17.5     5.5   330.0
SUMMERSIDE_A  1996   5   4  125      6.0    11.0    13.3  -999.9     5.4    17.3    10.3   330.0
SUMMERSIDE_A  1996   5   5  126      5.0    13.0    17.0  -999.9     0.0    16.5     7.6   330.0
SUMMERSIDE_A  1996   5   6  127      2.0     9.4    16.4  -999.9     0.0    23.2     4.8   330.0
SUMMERSIDE_A  1996   5   7  128      1.8    14.2    21.3  -999.9     0.0    18.4     4.6   330.0
SUMMERSIDE_A  1996   5   8  129      4.0    15.3    20.5  -999.9     0.0    22.1     7.9   330.0
SUMMERSIDE_A  1996   5   9  130     -2.0    13.0    23.7  -999.9     0.0    13.0     4.3   330.0
SUMMERSIDE_A  1996   5  10  131      3.5    11.5    17.4  -999.9    11.6    27.0     6.1   330.0
SUMMERSIDE_A  1996   5  11  132      4.5     7.0     9.8  -999.9    17.8    18.9     9.2   330.0
SUMMERSIDE_A  1996   5  12  133      2.5    13.5    20.5  -999.9     5.4    18.3    10.2   330.0
SUMMERSIDE_A  1996   5  13  134      2.1     9.6    17.0  -999.9     1.2    32.3     6.5   330.0
SUMMERSIDE_A  1996   5  14  135      2.5    13.0    20.2  -999.9     0.0    14.8     5.8   330.0
SUMMERSIDE_A  1996   5  15  136      0.0    12.5    22.2  -999.9     0.0    16.6     6.1   330.0
SUMMERSIDE_A  1996   5  16  137      1.8    19.5    26.5  -999.9     0.0    20.5     6.1   330.0
SUMMERSIDE_A  1996   5  17  138      6.0    13.5    17.3  -999.9     3.8    24.4    10.2   330.0
SUMMERSIDE_A  1996   5  18  139      9.0    16.0    16.8  -999.9     0.0    15.2    12.1   330.0
SUMMERSIDE_A  1996   5  19  140      7.0    11.5    13.5  -999.9     2.6    17.0    10.3   330.0
SUMMERSIDE_A  1996   5  20  141      6.5    10.0    11.9  -999.9     4.4    21.4    10.3   330.0
SUMMERSIDE_A  1996   5  21  142      8.0    13.0    14.3  -999.9    13.6    10.1    12.2   330.0
SUMMERSIDE_A  1996   5  22  143      8.0    18.6    20.9  -999.9     3.6     8.2    12.5   330.0
SUMMERSIDE_A  1996   5  23  144      8.6    14.5    15.7  -999.9     2.0    10.9    12.5   330.0
SUMMERSIDE_A  1996   5  24  145      7.5    13.5    15.8  -999.9     1.1    18.5     7.3   330.0
SUMMERSIDE_A  1996   5  25  146      3.0     9.0    15.9  -999.9     0.0    26.2     4.8   330.0
SUMMERSIDE_A  1996   5  26  147      4.0    11.5    17.8  -999.9     0.0    16.0     6.4   330.0
SUMMERSIDE_A  1996   5  27  148      6.0    14.5    19.0  -999.9     0.0    10.7     7.8   330.0
SUMMERSIDE_A  1996   5  28  149      4.0    18.5    24.9  -999.9     0.6     8.0     6.9   330.0
SUMMERSIDE_A  1996   5  29  150      6.0    15.6    20.3  -999.9    20.1    14.6     7.1   330.0
SUMMERSIDE_A  1996   5  30  151      3.8     7.5    12.6  -999.9     5.0    33.6     8.6   330.0
SUMMERSIDE_A  1996   5  31  152      5.2    10.0    14.4  -999.9     6.0    18.9    10.1   330.0
SUMMERSIDE_A  1996   6   1  153      7.0    23.0    26.3  -999.9     0.0    18.6     9.7   330.0
SUMMERSIDE_A  1996   6   2  154     11.0    26.5    26.0  -999.9     0.0    20.0    11.2   330.0
SUMMERSIDE_A  1996   6   3  155      9.5    24.0    25.2  -999.9     6.3    24.6     9.3   330.0
SUMMERSIDE_A  1996   6   4  156     13.5    20.0    16.9  -999.9     5.4    23.4    18.0   330.0
SUMMERSIDE_A  1996   6   5  157     11.5    23.0    22.5  -999.9     0.2    28.4    15.5   330.0
SUMMERSIDE_A  1996   6   6  158      8.9    24.5    26.2  -999.9     0.0    23.9    13.5   330.0
SUMMERSIDE_A  1996   6   7  159     12.0    24.0    23.0  -999.9     7.0    13.3    12.9   330.0
SUMMERSIDE_A  1996   6   8  160     12.0    20.0    18.8  -999.9     0.0    15.2    10.0   330.0
SUMMERSIDE_A  1996   6   9  161      9.0    20.5    22.6  -999.9     0.0     4.0     8.6   330.0
SUMMERSIDE_A  1996   6  10  162      8.5    23.5    25.8  -999.9     0.0    24.4    12.8   330.0
SUMMERSIDE_A  1996   6  11  163     12.0    27.1    26.0  -999.9     0.3    12.7    19.1   330.0
SUMMERSIDE_A  1996   6  12  164     14.5    24.3    20.9  -999.9    10.2    20.0    15.8   330.0
SUMMERSIDE_A  1996   6  13  165     14.0    24.8    22.0  -999.9     0.3    20.2    19.2   330.0
SUMMERSIDE_A  1996   6  14  166     15.5    22.5    17.7  -999.9     0.8    19.4    20.8   330.0
SUMMERSIDE_A  1996   6  15  167     13.0    25.5    23.7  -999.9    30.6     4.1    17.1   330.0
SUMMERSIDE_A  1996   6  16  168     11.5    18.5    17.7  -999.9     0.0     5.3    12.0   330.0
SUMMERSIDE_A  1996   6  17  169      9.0    19.0    21.2  -999.9     0.0     6.7    11.4   330.0
SUMMERSIDE_A  1996   6  18  170     10.3    16.0    16.0  -999.9     0.0    15.8    12.2   330.0
SUMMERSIDE_A  1996   6  19  171      8.9    24.0    26.0  -999.9     1.0    17.2    12.7   330.0
SUMMERSIDE_A  1996   6  20  172     10.5    15.0    14.2  -999.9     0.0    18.2     9.8   330.0
SUMMERSIDE_A  1996   6  21  173      5.7    14.5    19.9  -999.9     0.0    13.8     7.5   330.0
SUMMERSIDE_A  1996   6  22  174      4.0    17.5    24.6  -999.9     0.0    13.8     7.8   330.0
SUMMERSIDE_A  1996   6  23  175      7.5    20.0    23.7  -999.9     0.0     8.3    10.6   330.0
SUMMERSIDE_A  1996   6  24  176     12.0    22.6    21.8  -999.9     0.0    10.6    12.8   330.0
SUMMERSIDE_A  1996   6  25  177     10.5    14.8    13.9  -999.9    11.0    19.0    12.9   330.0
SUMMERSIDE_A  1996   6  26  178      9.5    14.5    14.9  -999.9     5.6    18.9    12.8   330.0
SUMMERSIDE_A  1996   6  27  179      9.5    19.0    20.6  -999.9     0.2    20.4    12.2   330.0
SUMMERSIDE_A  1996   6  28  180     10.3    21.0    21.8  -999.9     0.0    10.4    10.7   330.0
SUMMERSIDE_A  1996   6  29  181     12.0    25.0    24.0  -999.9     0.0    16.4    12.9   330.0
SUMMERSIDE_A  1996   6  30  182     12.0    24.0    23.1  -999.9     7.2    24.0    11.6   330.0
SUMMERSIDE_A  1996   7   1  183     12.0    20.5    19.4  -999.9     0.6    26.2    15.3   330.0
SUMMERSIDE_A  1996   7   2  184     15.0    25.5    21.5  -999.9     0.2    22.9    19.6   330.0
SUMMERSIDE_A  1996   7   3  185     15.0    20.5    15.6  -999.9     0.2     8.2    19.3   330.0
SUMMERSIDE_A  1996   7   4  186     15.2    22.3    17.6  -999.9     2.6    10.0    19.7   330.0
SUMMERSIDE_A  1996   7   5  187     15.5    22.5    17.5  -999.9     0.2    16.9    18.3   330.0
SUMMERSIDE_A  1996   7   6  188     14.0    19.1    14.9  -999.9     4.4    21.0    17.0   330.0
SUMMERSIDE_A  1996   7   7  189     10.5    23.0    23.3  -999.9     0.0    15.7    12.1   330.0
SUMMERSIDE_A  1996   7   8  190     12.0    20.0    18.6  -999.9    16.0     7.8    15.2   330.0
SUMMERSIDE_A  1996   7   9  191     14.0    22.5    19.1  -999.9    19.8    15.0    21.1   330.0
SUMMERSIDE_A  1996   7  10  192     17.5    25.5    18.5  -999.9     0.0    17.2    21.9   330.0
SUMMERSIDE_A  1996   7  11  193     14.0    26.0    22.6  -999.9     0.0    21.2    15.7   330.0
SUMMERSIDE_A  1996   7  12  194     12.2    26.5    24.6  -999.9     0.0    20.4    14.8   330.0
SUMMERSIDE_A  1996   7  13  195     14.0    23.5    20.0  -999.9    34.0    18.0    17.8   330.0
SUMMERSIDE_A  1996   7  14  196     17.5    20.5    11.2  -999.9    29.6    22.9    21.4   330.0
SUMMERSIDE_A  1996   7  15  197     14.0    21.2    17.3  -999.9     5.5    23.3    13.9   330.0
SUMMERSIDE_A  1996   7  16  198     15.5    21.8    16.2  -999.9     1.0    23.8    18.5   330.0
SUMMERSIDE_A  1996   7  17  199     14.3    25.2    21.2  -999.9     0.4    21.8    16.7   330.0
SUMMERSIDE_A  1996   7  18  200     15.3    28.6    23.4  -999.9     0.0    18.9    15.5   330.0
SUMMERSIDE_A  1996   7  19  201     15.3    28.8    23.5  -999.9    15.4    17.2    15.2   330.0
SUMMERSIDE_A  1996   7  20  202     16.0    21.5    14.9  -999.9     5.8    27.4    15.3   330.0
SUMMERSIDE_A  1996   7  21  203     12.0    18.6    16.3  -999.9     3.8    16.1    15.6   330.0
SUMMERSIDE_A  1996   7  22  204     11.0    18.5    17.3  -999.9     0.0    12.9    12.9   330.0
SUMMERSIDE_A  1996   7  23  205     13.0    24.6    21.4  -999.9     0.0    11.0    13.6   330.0
SUMMERSIDE_A  1996   7  24  206     15.5    21.1    14.8  -999.9     0.4    10.9    16.9   330.0
SUMMERSIDE_A  1996   7  25  207     14.5    24.2    19.5  -999.9     0.0    16.8    16.5   330.0
SUMMERSIDE_A  1996   7  26  208     13.6    20.0    15.7  -999.9     2.0    18.8    15.2   330.0
SUMMERSIDE_A  1996   7  27  209     14.5    19.0    13.1  -999.9     4.8     5.2    18.6   330.0
SUMMERSIDE_A  1996   7  28  210     14.0    21.5    16.9  -999.9     0.0    15.6    16.7   330.0
SUMMERSIDE_A  1996   7  29  211     11.5    21.7    19.6  -999.9     0.4     2.0    13.8   330.0
SUMMERSIDE_A  1996   7  30  212     10.1    22.6    21.6  -999.9     0.0     9.5    11.9   330.0
SUMMERSIDE_A  1996   7  31  213     13.1    24.0    20.1  -999.9     0.0    12.8    15.7   330.0
SUMMERSIDE_A  1996   8   1  214     15.0    20.2    13.8  -999.9     1.0    13.7    18.2   330.0
SUMMERSIDE_A  1996   8   2  215     13.9    21.5    16.6  -999.9     1.0     5.3    19.3   330.0
SUMMERSIDE_A  1996   8   3  216     15.0    26.5    20.4  -999.9     0.0     6.7    18.2   330.0
SUMMERSIDE_A  1996   8   4  217     15.5    27.0    20.3  -999.9     4.4    10.5    19.2   330.0
SUMMERSIDE_A  1996   8   5  218     15.5    28.0    21.0  -999.9     0.0     8.4    19.8   330.0
SUMMERSIDE_A  1996   8   6  219     17.0    31.4    22.4  -999.9     0.0     2.9    19.7   330.0
SUMMERSIDE_A  1996   8   7  220     18.1    31.0    21.1  -999.9     0.0    15.0    21.3   330.0
SUMMERSIDE_A  1996   8   8  221     15.3    25.9    19.0  -999.9     0.0    25.6    17.0   330.0
SUMMERSIDE_A  1996   8   9  222     12.0    26.5    22.1  -999.9     1.8    26.6    16.2   330.0
SUMMERSIDE_A  1996   8  10  223     17.0    25.0    16.3  -999.9     0.6     8.5    20.7   330.0
SUMMERSIDE_A  1996   8  11  224     15.5    23.5    16.3  -999.9     0.0     9.2    12.9   330.0
SUMMERSIDE_A  1996   8  12  225     12.0    24.0    19.8  -999.9     0.0     6.8    11.8   330.0
SUMMERSIDE_A  1996   8  13  226     14.6    21.9    15.3  -999.9     0.0    17.9    15.0   330.0
SUMMERSIDE_A  1996   8  14  227     15.1    23.8    16.6  -999.9     0.0     5.6    16.9   330.0
SUMMERSIDE_A  1996   8  15  228     12.0    23.5    19.0  -999.9     0.0     6.3    13.1   330.0
SUMMERSIDE_A  1996   8  16  229     13.6    25.0    18.8  -999.9     0.0    11.5    13.1   330.0
SUMMERSIDE_A  1996   8  17  230     14.5    25.5    18.3  -999.9     0.0    17.8    17.4   330.0
SUMMERSIDE_A  1996   8  18  231     14.5    25.5    18.2  -999.9     1.4    12.6    18.4   330.0
SUMMERSIDE_A  1996   8  19  232     14.0    21.0    14.4  -999.9     0.6    23.6    15.5   330.0
SUMMERSIDE_A  1996   8  20  233     10.4    22.4    18.8  -999.9     0.0     6.3    11.7   330.0
SUMMERSIDE_A  1996   8  21  234     14.5    23.0    15.7  -999.9     0.0    13.1    18.5   330.0
SUMMERSIDE_A  1996   8  22  235     16.8    22.3    12.5  -999.9     0.0     4.2    21.6   330.0
SUMMERSIDE_A  1996   8  23  236     16.6    24.5    14.9  -999.9     0.8    21.0    20.8   330.0
SUMMERSIDE_A  1996   8  24  237     17.5    20.5     9.1  -999.9     0.4    10.9    21.0   330.0
SUMMERSIDE_A  1996   8  25  238     12.0    25.5    19.2  -999.9     0.0    20.2    13.6   330.0
SUMMERSIDE_A  1996   8  26  239     15.7    22.2    13.2  -999.9     2.3    15.2    13.8   330.0
SUMMERSIDE_A  1996   8  27  240     13.0    20.0    13.6  -999.9     0.6    11.5    15.0   330.0
SUMMERSIDE_A  1996   8  28  241     13.2    22.5    15.5  -999.9     0.0     8.6    15.1   330.0
SUMMERSIDE_A  1996   8  29  242     17.0    24.5    13.8  -999.9     2.0    13.6    20.5   330.0
SUMMERSIDE_A  1996   8  30  243     11.5    21.4    15.8  -999.9     0.3    24.8    11.8   330.0
SUMMERSIDE_A  1996   8  31  244     12.0    21.5    15.3  -999.9     0.7    17.7    15.4   330.0
SUMMERSIDE_A  1996   9   1  245     14.0    25.5    16.7  -999.9     0.0     0.9    18.9   330.0
SUMMERSIDE_A  1996   9   2  246     16.0    25.0    14.7  -999.9     4.0    14.2    23.3   330.0
SUMMERSIDE_A  1996   9   3  247     15.4    19.1     9.3  -999.9     0.8    30.1    18.6   330.0
SUMMERSIDE_A  1996   9   4  248     10.7    21.8    16.0  -999.9     0.0    11.9    13.9   330.0
SUMMERSIDE_A  1996   9   5  249     15.5    28.8    17.4  -999.9     0.0    12.4    19.2   330.0
SUMMERSIDE_A  1996   9   6  250     15.8    25.0    14.3  -999.9     0.0    18.3    12.6   330.0
SUMMERSIDE_A  1996   9   7  251      9.0    18.0    14.0  -999.9     0.0    18.8    10.3   330.0
SUMMERSIDE_A  1996   9   8  252      6.5    21.5    17.9  -999.9     0.0     7.0    10.8   330.0
SUMMERSIDE_A  1996   9   9  253     12.1    21.3    13.9  -999.9    25.0    11.0    14.2   330.0
SUMMERSIDE_A  1996   9  10  254     14.2    21.3    12.1  -999.9     2.8    13.2    20.1   330.0
SUMMERSIDE_A  1996   9  11  255     13.0    17.2     9.2  -999.9     0.0    13.4    15.9   330.0
SUMMERSIDE_A  1996   9  12  256      8.4    18.3    14.0  -999.9     0.0     9.6    11.3   330.0
SUMMERSIDE_A  1996   9  13  257     10.5    17.5    11.6  -999.9    24.2    21.2    13.7   330.0
SUMMERSIDE_A  1996   9  14  258     12.0    17.5    10.2  -999.9    13.6    23.8    15.9   330.0
SUMMERSIDE_A  1996   9  15  259     13.0    17.5     9.1  -999.9     0.0    20.0    12.6   330.0
SUMMERSIDE_A  1996   9  16  260     11.0    16.6    10.1  -999.9    10.6     8.2    14.1   330.0
SUMMERSIDE_A  1996   9  17  261      6.9    21.1    15.9  -999.9     0.2     5.7    11.1   330.0
SUMMERSIDE_A  1996   9  18  262      7.0    15.1    11.9  -999.9    20.2    19.1    12.5   330.0
SUMMERSIDE_A  1996   9  19  263     11.5    14.1     6.7  -999.9     7.8    30.7    14.4   330.0
SUMMERSIDE_A  1996   9  20  264      7.0    20.5    15.0  -999.9     0.0    18.2    10.6   330.0
SUMMERSIDE_A  1996   9  21  265     11.5    20.5    12.1  -999.9     0.0    19.5    12.3   330.0
SUMMERSIDE_A  1996   9  22  266      3.5    13.5    12.6  -999.9     0.0    18.0     6.2   330.0
SUMMERSIDE_A  1996   9  23  267      7.8    13.6     9.5  -999.9     3.6    12.8     9.4   330.0
SUMMERSIDE_A  1996   9  24  268      5.5    13.0    10.7  -999.9     0.7    16.9     7.8   330.0
SUMMERSIDE_A  1996   9  25  269      5.2    12.3    10.3  -999.9    22.6     7.0     9.3   330.0
SUMMERSIDE_A  1996   9  26  270      7.0    12.0     8.5  -999.9     2.2    23.0    10.4   330.0
SUMMERSIDE_A  1996   9  27  271      7.8    17.5    11.7  -999.9     0.0    12.6     9.1   330.0
SUMMERSIDE_A  1996   9  28  272      9.0    17.5    10.8  -999.9     0.0    28.8    11.3   330.0
SUMMERSIDE_A  1996   9  29  273     10.0    18.0    10.4  -999.9     2.4    21.3    14.3   330.0
SUMMERSIDE_A  1996   9  30  274     12.0    18.1     9.0  -999.9     0.6    24.0    11.8   330.0
SUMMERSIDE_A  1996  10   1  275      4.0    15.9    12.4  -999.9     0.0    15.7     7.2   330.0
SUMMERSIDE_A  1996  10   2  276     10.0    18.2    10.1  -999.9     0.0    27.5    10.1   330.0
SUMMERSIDE_A  1996  10   3  277      8.5    17.5    10.5  -999.9     5.4    24.2    13.2   330.0
SUMMERSIDE_A  1996  10   4  278      4.3     9.5     7.9  -999.9     0.0    19.4     6.4   330.0
SUMMERSIDE_A  1996  10   5  279     -0.5    11.0    11.6  -999.9     0.0    14.5     5.2   330.0
SUMMERSIDE_A  1996  10   6  280      3.5    14.0    10.9  -999.9     0.0    23.2     6.9   330.0
SUMMERSIDE_A  1996  10   7  281      5.5    16.0    10.8  -999.9     0.0    19.0    10.0   330.0
SUMMERSIDE_A  1996  10   8  282      7.0    18.0    10.9  -999.9     9.2    14.2    12.0   330.0
SUMMERSIDE_A  1996  10   9  283      9.0    11.6     5.2  -999.9    20.2    28.6    12.6   330.0
SUMMERSIDE_A  1996  10  10  284      5.5    14.5     9.6  -999.9     2.4    13.8    10.2   330.0
SUMMERSIDE_A  1996  10  11  285      6.0    11.0     7.0  -999.9     1.6    17.3     9.4   330.0
SUMMERSIDE_A  1996  10  12  286      0.0    11.5    10.5  -999.9     0.0    17.5     6.1   330.0
SUMMERSIDE_A  1996  10  13  287      4.0    13.0     9.2  -999.9     1.0     2.4     8.8   330.0
SUMMERSIDE_A  1996  10  14  288      7.0    12.5     7.1  -999.9    14.2    22.3    10.6   330.0
SUMMERSIDE_A  1996  10  15  289     -1.0     3.0     6.0  -999.9     0.0    27.4     6.2   330.0
SUMMERSIDE_A  1996  10  16  290     -2.5     8.5     9.8  -999.9     0.0    33.3     4.6   330.0
SUMMERSIDE_A  1996  10  17  291      0.0     7.0     7.7  -999.9     1.0    20.4     5.4   330.0
SUMMERSIDE_A  1996  10  18  292      3.5     7.5     5.7  -999.9     0.0    18.9     7.1   330.0
SUMMERSIDE_A  1996  10  19  293     -1.0     8.0     8.5  -999.9     0.0     9.3     6.3   330.0
SUMMERSIDE_A  1996  10  20  294     -2.5     9.0     9.4  -999.9     0.0    11.8     6.4   330.0
SUMMERSIDE_A  1996  10  21  295      3.0    11.0     7.8  -999.9     0.0    10.5     8.3   330.0
SUMMERSIDE_A  1996  10  22  296      1.0    15.5    10.3  -999.9     6.0     6.8     8.7   330.0
SUMMERSIDE_A  1996  10  23  297      6.0    14.5     7.8  -999.9     2.4     8.2    12.4   330.0
SUMMERSIDE_A  1996  10  24  298      3.0    11.0     7.4  -999.9     3.4     7.7     9.7   330.0
SUMMERSIDE_A  1996  10  25  299      7.0    13.5     6.6  -999.9     0.0    11.4    10.7   330.0
SUMMERSIDE_A  1996  10  26  300      5.5    11.0     6.0  -999.9     0.0    19.2     7.7   330.0
SUMMERSIDE_A  1996  10  27  301      4.0    10.5     6.4  -999.9     0.0    18.1     8.2   330.0
SUMMERSIDE_A  1996  10  28  302      5.0     9.0     5.0  -999.9    32.0    10.6     9.3   330.0
SUMMERSIDE_A  1996  10  29  303      5.0     7.8     4.1  -999.9     6.8    22.4     9.5   330.0
SUMMERSIDE_A  1996  10  30  304      3.8     7.7     4.8  -999.9     4.8    10.2     8.1   330.0
SUMMERSIDE_A  1996  10  31  305      4.5     8.3     4.6  -999.9     1.3    12.1     9.0   330.0
SUMMERSIDE_A  1996  11   1  306      0.0     6.5     6.0  -999.9     0.5    24.9     4.5   330.0
SUMMERSIDE_A  1996  11   2  307     -2.0     7.5     7.1  -999.9     1.4     4.1     6.9   330.0
SUMMERSIDE_A  1996  11   3  308     -2.0     4.5     5.8  -999.9     9.0    16.6     6.6   330.0
SUMMERSIDE_A  1996  11   4  309     -3.1     3.8     5.9  -999.9     0.0    19.1     5.1   330.0
SUMMERSIDE_A  1996  11   5  310     -2.8     7.0     7.0  -999.9     0.0    11.2     5.7   330.0
SUMMERSIDE_A  1996  11   6  311     -0.3     6.5     5.7  -999.9     0.0     0.0     4.8   330.0
SUMMERSIDE_A  1996  11   7  312      0.0     9.1     6.5  -999.9     1.8     0.0     6.9   330.0
SUMMERSIDE_A  1996  11   8  313      3.8    16.0     7.5  -999.9     1.0    22.9    10.4   330.0
SUMMERSIDE_A  1996  11   9  314      9.5    18.0     6.1  -999.9     1.2    25.6    13.2   330.0
SUMMERSIDE_A  1996  11  10  315     12.5    18.0     4.9  -999.9    16.4    25.3    15.5   330.0
SUMMERSIDE_A  1996  11  11  316      7.0    10.0     3.6  -999.9     0.0    20.7     8.4   330.0
SUMMERSIDE_A  1996  11  12  317     -4.0     5.8     6.3  -999.9     0.0    20.5     4.2   330.0
SUMMERSIDE_A  1996  11  13  318     -7.5     1.5     6.0  -999.9     0.0    14.6     3.9   330.0
SUMMERSIDE_A  1996  11  14  319     -7.5    -1.0     5.0  -999.9     0.0    16.6     3.3   330.0
SUMMERSIDE_A  1996  11  15  320     -7.5     1.0     5.7  -999.9     0.0    21.1     3.6   330.0
SUMMERSIDE_A  1996  11  16  321     -4.0     3.0     5.1  -999.9     0.0    34.3     5.8   330.0
SUMMERSIDE_A  1996  11  17  322      0.5     6.0     4.5  -999.9     0.8    31.1     6.3   330.0
SUMMERSIDE_A  1996  11  18  323      3.9     5.5     2.4  -999.9     1.0    24.0     8.5   330.0
SUMMERSIDE_A  1996  11  19  324      3.1     5.0     2.6  -999.9     2.2    13.8     7.8   330.0
SUMMERSIDE_A  1996  11  20  325      3.0     5.4     2.8  -999.9    17.2     0.9     8.3   330.0
SUMMERSIDE_A  1996  11  21  326      2.0     4.5     2.9  -999.9     2.8    21.6     7.0   330.0
SUMMERSIDE_A  1996  11  22  327      0.2     5.0     3.9  -999.9     1.6    17.8     6.5   330.0
SUMMERSIDE_A  1996  11  23  328     -0.5     4.0     3.8  -999.9     4.4    13.7     5.0   330.0
SUMMERSIDE_A  1996  11  24  329     -5.0    -3.0     2.5  -999.9     0.0    21.7     3.4   330.0
SUMMERSIDE_A  1996  11  25  330     -6.8     1.0     4.9  -999.9     1.0    15.6     3.7   330.0
SUMMERSIDE_A  1996  11  26  331     -2.3     1.2     3.2  -999.9    23.0    10.7     5.7   330.0
SUMMERSIDE_A  1996  11  27  332     -4.0    -2.5     2.1  -999.9     5.0    33.3     3.5   330.0
SUMMERSIDE_A  1996  11  28  333     -6.0    -1.0     3.8  -999.9     2.0    24.9     3.8   330.0
SUMMERSIDE_A  1996  11  29  334     -8.2    -1.0     4.5  -999.9     0.0    13.2     3.4   330.0
SUMMERSIDE_A  1996  11  30  335    -10.0     0.0     5.3  -999.9     0.0    11.2     2.6   330.0
SUMMERSIDE_A  1996  12   1  336     -8.0     5.0     5.9  -999.9    11.4    21.5     4.9   330.0
SUMMERSIDE_A  1996  12   2  337      0.8     9.4     4.8  -999.9     2.8    30.1     8.1   330.0
SUMMERSIDE_A  1996  12   3  338      0.5     5.2     3.5  -999.9     0.0    24.2     6.3   330.0
SUMMERSIDE_A  1996  12   4  339     -2.5     3.0     3.8  -999.9     0.0     2.0     5.6   330.0
SUMMERSIDE_A  1996  12   5  340     -2.0     1.0     2.8  -999.9     0.0    30.2     5.3   330.0
SUMMERSIDE_A  1996  12   6  341     -3.7     2.0     3.8  -999.9     0.0    14.9     4.8   330.0
SUMMERSIDE_A  1996  12   7  342     -1.0     3.0     3.2  -999.9     1.4    15.0     5.6   330.0
SUMMERSIDE_A  1996  12   8  343      0.0     7.0     4.2  -999.9    15.2    32.0     6.9   330.0
SUMMERSIDE_A  1996  12   9  344     -0.4     3.1     2.9  -999.9     5.1    17.4     6.1   330.0
SUMMERSIDE_A  1996  12  10  345     -4.5     1.0     3.7  -999.9     0.0     8.1     4.9   330.0
SUMMERSIDE_A  1996  12  11  346     -6.0     2.2     4.5  -999.9     0.0     5.3     4.6   330.0
SUMMERSIDE_A  1996  12  12  347     -6.0     1.5     4.2  -999.9     0.0    22.0     4.5   330.0
SUMMERSIDE_A  1996  12  13  348     -0.2     3.5     3.0  -999.9     0.0    24.0     6.8   330.0
SUMMERSIDE_A  1996  12  14  349      1.5     3.5     2.2  -999.9     0.0     6.0     6.4   330.0
SUMMERSIDE_A  1996  12  15  350     -1.0     2.5     2.9  -999.9     0.0     3.5     5.4   330.0
SUMMERSIDE_A  1996  12  16  351     -2.0     3.3     3.5  -999.9     0.2     2.9     5.3   330.0
SUMMERSIDE_A  1996  12  17  352     -1.0    10.5     5.2  -999.9     8.4     3.9     6.9   330.0
SUMMERSIDE_A  1996  12  18  353      4.0    10.2     3.8  -999.9     0.6    15.1    10.0   330.0
SUMMERSIDE_A  1996  12  19  354      4.8    12.2     4.2  -999.9    21.8     3.7    11.1   330.0
SUMMERSIDE_A  1996  12  20  355     -1.0     9.8     5.0  -999.9     0.2    44.3     6.1   330.0
SUMMERSIDE_A  1996  12  21  356     -8.0    -2.0     3.8  -999.9     0.0    23.2     2.6   330.0
SUMMERSIDE_A  1996  12  22  357     -6.0     3.5     4.7  -999.9     0.0    15.0     4.5   330.0
SUMMERSIDE_A  1996  12  23  358     -4.5     0.8     3.5  -999.9     1.0     2.4     4.0   330.0
SUMMERSIDE_A  1996  12  24  359     -3.0    12.0     6.0  -999.9    13.0    24.8     7.8   330.0
SUMMERSIDE_A  1996  12  25  360     -2.0     5.0     4.1  -999.9     3.0     9.6     5.5   330.0
SUMMERSIDE_A  1996  12  26  361     -8.7    -6.0     5.0  -999.9     3.0     8.4     2.3   330.0
SUMMERSIDE_A  1996  12  27  362     -3.5    -2.0     1.9  -999.9     3.0    16.7     4.4   330.0
SUMMERSIDE_A  1996  12  28  363    -10.5     1.5     5.4  -999.9     5.0     8.9     3.5   330.0
SUMMERSIDE_A  1996  12  29  364     -5.0     5.5     5.1  -999.9    10.0    18.6     6.1   330.0
SUMMERSIDE_A  1996  12  30  365    -10.0    -0.2     4.9  -999.9     0.0    35.8     3.4   330.0
