SUMMERSIDE  2008   1   1    1    -12.3    -4.5     4.4  -999.9     0.0    18.2     2.8   330.0
SUMMERSIDE  2008   1   2    2    -13.0    -1.9     5.3  -999.9     5.7    38.7     3.3   330.0
SUMMERSIDE  2008   1   3    3    -15.9   -10.9     3.6  -999.9     0.0    23.5     1.9   330.0
SUMMERSIDE  2008   1   4    4    -20.0    -7.8     5.6  -999.9     0.0    20.8     1.7   330.0
SUMMERSIDE  2008   1   5    5    -10.7    -3.9     4.2  -999.9     0.0    15.8     3.0   330.0
SUMMERSIDE  2008   1   6    6     -4.5    -0.3     3.3  -999.9     0.0    13.3     4.6   330.0
SUMMERSIDE  2008   1   7    7     -0.5     3.1     3.1  -999.9     0.0    21.8     6.2   330.0
SUMMERSIDE  2008   1   8    8      0.7     4.1     3.1  -999.9     0.6    14.4     7.1   330.0
SUMMERSIDE  2008   1   9    9      1.9     7.4     3.9  -999.9     1.1    27.2     8.3   330.0
SUMMERSIDE  2008   1  10   10     -1.2     4.6     4.1  -999.9     0.0    26.3     4.8   330.0
SUMMERSIDE  2008   1  11   11     -6.1     3.3     5.2  -999.9     8.5    13.7     4.5   330.0
SUMMERSIDE  2008   1  12   12     -1.2     4.6     4.1  -999.9     0.0    20.7     6.4   330.0
SUMMERSIDE  2008   1  13   13     -8.2    -1.1     4.6  -999.9     0.0    18.8     3.2   330.0
SUMMERSIDE  2008   1  14   14     -9.6    -2.4     4.7  -999.9     2.6    22.0     3.4   330.0
SUMMERSIDE  2008   1  15   15     -3.0    -1.4     2.2  -999.9     2.6    31.8     5.0   330.0
SUMMERSIDE  2008   1  16   16     -4.7    -2.5     2.6  -999.9     0.0    28.0     4.2   330.0
SUMMERSIDE  2008   1  17   17    -14.1    -4.5     5.6  -999.9     0.0    14.5     2.5   330.0
SUMMERSIDE  2008   1  18   18     -7.4     2.8     5.8  -999.9     9.8    29.8     4.7   330.0
SUMMERSIDE  2008   1  19   19     -6.7    -2.2     3.9  -999.9     0.0    25.2     3.1   330.0
SUMMERSIDE  2008   1  20   20    -19.4    -4.8     7.1  -999.9     0.6    18.4     2.0   330.0
SUMMERSIDE  2008   1  21   21    -22.2   -16.8     4.4  -999.9     0.0    25.8     0.8   330.0
SUMMERSIDE  2008   1  22   22    -20.1    -1.6     8.2  -999.9     1.2    23.0     2.0   330.0
SUMMERSIDE  2008   1  23   23    -15.6    -5.0     6.3  -999.9     0.0    10.3     2.5   330.0
SUMMERSIDE  2008   1  24   24    -21.3    -8.0     7.2  -999.9     0.0    13.4     1.4   330.0
SUMMERSIDE  2008   1  25   25    -21.5   -14.6     5.2  -999.9     0.0    13.1     1.1   330.0
SUMMERSIDE  2008   1  26   26    -24.6   -13.8     6.6  -999.9     0.0    13.0     1.0   330.0
SUMMERSIDE  2008   1  27   27    -24.6   -10.1     7.8  -999.9     0.0     5.8     1.2   330.0
SUMMERSIDE  2008   1  28   28    -10.1    -0.4     6.4  -999.9    27.8    20.2     3.8   330.0
SUMMERSIDE  2008   1  29   29     -2.0    -0.6     2.5  -999.9     3.6     5.8     5.4   330.0
SUMMERSIDE  2008   1  30   30     -2.9     5.4     6.1  -999.9    16.0    17.5     6.5   330.0
SUMMERSIDE  2008   1  31   31     -9.3    -0.5     6.4  -999.9     0.0    31.2     2.6   330.0
SUMMERSIDE  2008   2   1   32    -11.3    -4.6     5.6  -999.9     2.7    11.8     2.4   330.0
SUMMERSIDE  2008   2   2   33     -7.1     4.8     7.6  -999.9    15.2    30.4     4.9   330.0
SUMMERSIDE  2008   2   3   34    -11.7    -5.6     5.5  -999.9     0.0    12.3     2.5   330.0
SUMMERSIDE  2008   2   4   35    -13.6    -6.1     6.2  -999.9     0.0     8.2     2.5   330.0
SUMMERSIDE  2008   2   5   36    -15.2    -2.3     8.3  -999.9     3.9    14.2     2.8   330.0
SUMMERSIDE  2008   2   6   37     -8.3    -2.2     5.8  -999.9     0.6    10.3     3.8   330.0
SUMMERSIDE  2008   2   7   38    -12.3    -5.7     6.1  -999.9     0.0    20.2     2.7   330.0
SUMMERSIDE  2008   2   8   39    -16.8    -5.8     8.0  -999.9     0.0     6.1     2.4   330.0
SUMMERSIDE  2008   2   9   40    -13.5    -3.9     7.6  -999.9     0.6     6.7     2.9   330.0
SUMMERSIDE  2008   2  10   41     -7.7    -1.3     6.3  -999.9    10.0    17.7     4.1   330.0
SUMMERSIDE  2008   2  11   42     -9.2    -3.3     6.1  -999.9     2.5    27.0     3.5   330.0
SUMMERSIDE  2008   2  12   43    -13.5    -6.8     6.6  -999.9     0.0    23.2     2.2   330.0
SUMMERSIDE  2008   2  13   44    -15.6     5.4    11.8  -999.9    23.0    18.8     3.8   330.0
SUMMERSIDE  2008   2  14   45     -8.0     5.8     9.7  -999.9     2.1    24.4     4.9   330.0
SUMMERSIDE  2008   2  15   46     -9.6    -1.3     7.7  -999.9     0.6    19.9     3.4   330.0
SUMMERSIDE  2008   2  16   47    -18.1    -9.6     7.9  -999.9     0.0    21.3     1.4   330.0
SUMMERSIDE  2008   2  17   48    -20.5    -2.7    11.5  -999.9     0.6    14.9     2.0   330.0
SUMMERSIDE  2008   2  18   49     -3.0     6.7     8.6  -999.9    12.4    33.1     6.7   330.0
SUMMERSIDE  2008   2  19   50     -1.6     6.3     7.9  -999.9     2.7    24.3     6.0   330.0
SUMMERSIDE  2008   2  20   51    -11.4    -0.6     9.4  -999.9     0.0    27.1     2.6   330.0
SUMMERSIDE  2008   2  21   52    -14.2    -8.9     6.7  -999.9     0.0    17.3     1.5   330.0
SUMMERSIDE  2008   2  22   53    -14.9    -5.2     9.1  -999.9     0.6    15.7     1.8   330.0
SUMMERSIDE  2008   2  23   54    -15.0    -5.8     9.0  -999.9     0.6    11.1     2.5   330.0
SUMMERSIDE  2008   2  24   55    -13.4    -1.7    10.3  -999.9     0.0    16.8     2.7   330.0
SUMMERSIDE  2008   2  25   56     -8.0     1.5     9.4  -999.9     0.0    14.2     3.7   330.0
SUMMERSIDE  2008   2  26   57     -7.6    -0.3     8.4  -999.9     0.7    12.0     4.1   330.0
SUMMERSIDE  2008   2  27   58     -6.1     2.0     8.9  -999.9    11.1    19.4     5.0   330.0
SUMMERSIDE  2008   2  28   59    -14.0    -6.0     9.0  -999.9     1.2    17.0     2.5   330.0
SUMMERSIDE  2008   2  29   60    -22.0   -11.2    10.6  -999.9     0.0    10.8     1.2   330.0
SUMMERSIDE  2008   3   1   61    -23.0    -0.5    15.5  -999.9     4.4    21.5     2.1   330.0
SUMMERSIDE  2008   3   2   62     -8.2    -0.1     9.4  -999.9     5.6    35.2     4.1   330.0
SUMMERSIDE  2008   3   3   63    -11.0    -0.3    11.0  -999.9     0.0    22.9     2.7   330.0
SUMMERSIDE  2008   3   4   64     -8.1     6.0    12.8  -999.9     0.0    31.8     4.5   330.0
SUMMERSIDE  2008   3   5   65     -9.8     5.6    13.5  -999.9     8.7    28.4     4.4   330.0
SUMMERSIDE  2008   3   6   66     -6.0     1.5     9.6  -999.9     0.0    22.0     3.9   330.0
SUMMERSIDE  2008   3   7   67     -7.1     3.6    11.6  -999.9     0.8    13.5     4.1   330.0
SUMMERSIDE  2008   3   8   68     -3.0     1.7     7.8  -999.9    35.1    12.8     5.5   330.0
SUMMERSIDE  2008   3   9   69    -10.3     1.6    12.5  -999.9    12.8    13.2     4.1   330.0
SUMMERSIDE  2008   3  10   70    -12.4    -6.2     9.1  -999.9     0.0    11.3     2.3   330.0
SUMMERSIDE  2008   3  11   71    -12.6    -2.3    11.9  -999.9     0.0    17.3     2.6   330.0
SUMMERSIDE  2008   3  12   72     -6.3     1.2    10.3  -999.9     0.0    17.2     3.9   330.0
SUMMERSIDE  2008   3  13   73    -13.3    -1.7    13.0  -999.9     0.0    26.1     2.6   330.0
SUMMERSIDE  2008   3  14   74    -13.3    -7.4     9.4  -999.9     0.0     9.3     2.1   330.0
SUMMERSIDE  2008   3  15   75     -9.9    -5.7     8.0  -999.9     0.0    18.0     2.6   330.0
SUMMERSIDE  2008   3  16   76    -10.1    -5.3     8.7  -999.9     0.0    18.2     2.8   330.0
SUMMERSIDE  2008   3  17   77     -8.6    -2.9     9.5  -999.9     0.0    42.4     3.1   330.0
SUMMERSIDE  2008   3  18   78    -11.0    -6.8     8.3  -999.9     0.0    38.3     2.2   330.0
SUMMERSIDE  2008   3  19   79    -10.5    -3.8    10.6  -999.9     0.0    14.7     2.8   330.0
SUMMERSIDE  2008   3  20   80     -5.6     3.8    12.7  -999.9    16.7    15.1     5.3   330.0
SUMMERSIDE  2008   3  21   81     -8.7    -0.3    12.1  -999.9     0.6    34.3     3.9   330.0
SUMMERSIDE  2008   3  22   82     -8.9    -6.3     6.8  -999.9     0.0    28.5     2.7   330.0
SUMMERSIDE  2008   3  23   83    -11.2    -5.6    10.1  -999.9     0.0    29.9     2.0   330.0
SUMMERSIDE  2008   3  24   84    -13.7    -4.0    13.5  -999.9     0.0    12.3     1.8   330.0
SUMMERSIDE  2008   3  25   85    -10.9    -7.2     8.4  -999.9     0.0    16.1     1.9   330.0
SUMMERSIDE  2008   3  26   86     -9.8     1.5    14.8  -999.9     0.0    26.3     3.7   330.0
SUMMERSIDE  2008   3  27   87     -4.6     1.4    10.9  -999.9     0.0    23.1     3.4   330.0
SUMMERSIDE  2008   3  28   88     -4.7    -0.8     8.9  -999.9     0.0    15.9     4.5   330.0
SUMMERSIDE  2008   3  29   89     -8.0    -1.9    11.2  -999.9     0.6    13.6     3.0   330.0
SUMMERSIDE  2008   3  30   90     -9.2    -2.5    11.9  -999.9     0.0    20.6     3.4   330.0
SUMMERSIDE  2008   3  31   91     -9.6     2.0    15.8  -999.9     0.0    16.0     3.5   330.0
SUMMERSIDE  2008   4   1   92     -0.9     3.9    10.3  -999.9     9.9    21.4     6.6   330.0
SUMMERSIDE  2008   4   2   93     -3.6     4.3    13.3  -999.9     3.2    36.4     4.4   330.0
SUMMERSIDE  2008   4   3   94     -5.4     3.4    14.2  -999.9     0.0    38.6     2.7   330.0
SUMMERSIDE  2008   4   4   95     -1.5     7.0    14.0  -999.9     0.6    19.4     4.8   330.0
SUMMERSIDE  2008   4   5   96     -0.3     1.4     6.3  -999.9     2.7    17.4     6.1   330.0
SUMMERSIDE  2008   4   6   97     -3.3     1.5    10.7  -999.9     0.0    15.4     5.2   330.0
SUMMERSIDE  2008   4   7   98     -3.7     1.9    11.7  -999.9     0.0    13.1     4.9   330.0
SUMMERSIDE  2008   4   8   99     -2.7     3.3    12.2  -999.9     0.0    10.1     5.1   330.0
SUMMERSIDE  2008   4   9  100     -3.2    12.2    19.7  -999.9     0.0    11.8     5.5   330.0
SUMMERSIDE  2008   4  10  101      0.1     6.3    12.6  -999.9     0.8    21.2     5.9   330.0
SUMMERSIDE  2008   4  11  102      0.4     8.1    14.2  -999.9     0.0    16.4     6.0   330.0
SUMMERSIDE  2008   4  12  103     -0.1     3.1     9.2  -999.9     6.6    12.0     6.3   330.0
SUMMERSIDE  2008   4  13  104     -1.4     0.2     6.6  -999.9     0.6    10.7     5.8   330.0
SUMMERSIDE  2008   4  14  105     -1.3     3.6    11.6  -999.9     0.0    16.9     5.4   330.0
SUMMERSIDE  2008   4  15  106     -2.3     8.1    17.0  -999.9     0.0    15.1     4.3   330.0
SUMMERSIDE  2008   4  16  107     -2.5    12.3    20.5  -999.9     0.0    16.5     5.0   330.0
SUMMERSIDE  2008   4  17  108      1.1    15.9    20.6  -999.9     0.0    24.4     5.6   330.0
SUMMERSIDE  2008   4  18  109      0.3    11.3    17.9  -999.9     0.0    14.2     6.6   330.0
SUMMERSIDE  2008   4  19  110     -2.5     4.5    14.4  -999.9     0.0    19.7     5.6   330.0
SUMMERSIDE  2008   4  20  111     -2.2     7.1    16.7  -999.9     0.0     7.3     5.5   330.0
SUMMERSIDE  2008   4  21  112      0.5    11.5    18.3  -999.9     0.0     8.0     7.4   330.0
SUMMERSIDE  2008   4  22  113     -0.3    15.4    22.0  -999.9     0.0     9.2     8.2   330.0
SUMMERSIDE  2008   4  23  114      0.2     7.3    14.9  -999.9     2.8    13.8     6.8   330.0
SUMMERSIDE  2008   4  24  115     -1.1     1.9     9.7  -999.9    13.2    18.1     6.0   330.0
SUMMERSIDE  2008   4  25  116     -1.1     3.6    12.3  -999.9     1.1    24.9     5.8   330.0
SUMMERSIDE  2008   4  26  117     -0.6     7.0    15.7  -999.9     0.0    19.8     6.6   330.0
SUMMERSIDE  2008   4  27  118     -0.9     7.2    16.3  -999.9     0.0    14.8     6.6   330.0
SUMMERSIDE  2008   4  28  119     -0.9     6.8    16.0  -999.9     0.0    16.1     7.0   330.0
SUMMERSIDE  2008   4  29  120      1.2    15.0    21.6  -999.9     0.2    17.6     9.5   330.0
SUMMERSIDE  2008   4  30  121      4.4     7.3     6.2  -999.9    11.1     4.7     9.0   330.0
SUMMERSIDE  2008   5   1  122      0.9     4.4     6.1  -999.9    18.4     6.2     6.9   330.0
SUMMERSIDE  2008   5   2  123      3.7     5.2     7.2  -999.9     0.2     9.1     7.9   330.0
SUMMERSIDE  2008   5   3  124     -0.2     8.1    17.1  -999.9     0.0    12.0     7.3   330.0
SUMMERSIDE  2008   5   4  125     -1.5    13.9    23.4  -999.9     0.0     7.4     7.6   330.0
SUMMERSIDE  2008   5   5  126      6.7    15.3    17.6  -999.9     0.0     7.9     9.6   330.0
SUMMERSIDE  2008   5   6  127      5.4    16.5    20.1  -999.9     0.0     7.9     9.6   330.0
SUMMERSIDE  2008   5   7  128      4.1    20.4    24.4  -999.9     0.0     9.5    10.3   330.0
SUMMERSIDE  2008   5   8  129      4.3    11.9    16.8  -999.9     8.1    14.2     9.8   330.0
SUMMERSIDE  2008   5   9  130      4.0    10.3    15.3  -999.9     0.2    21.5     8.7   330.0
SUMMERSIDE  2008   5  10  131      3.7     8.2    13.0  -999.9     0.0    28.0     8.4   330.0
SUMMERSIDE  2008   5  11  132      3.8     6.9    10.9  -999.9     0.0    34.8     7.6   330.0
SUMMERSIDE  2008   5  12  133      3.3     7.8    13.1  -999.9     0.0    29.6     7.6   330.0
SUMMERSIDE  2008   5  13  134      3.6     7.4    12.1  -999.9     0.0    29.8     6.8   330.0
SUMMERSIDE  2008   5  14  135      2.8    10.0    16.8  -999.9     0.0    22.8     7.0   330.0
SUMMERSIDE  2008   5  15  136      3.7    10.8    16.7  -999.9     0.0    19.0     8.4   330.0
SUMMERSIDE  2008   5  16  137      3.8    11.7    17.7  -999.9     0.0    12.7     9.4   330.0
SUMMERSIDE  2008   5  17  138      4.4     9.2    13.8  -999.9    16.0    18.4     9.3   330.0
SUMMERSIDE  2008   5  18  139      5.3    16.6    21.3  -999.9     2.5    18.5    10.8   330.0
SUMMERSIDE  2008   5  19  140      6.5    13.8    17.2  -999.9    13.0    23.6    10.4   330.0
SUMMERSIDE  2008   5  20  141      6.0    13.4    17.4  -999.9     0.2    25.8     9.6   330.0
SUMMERSIDE  2008   5  21  142      4.0     9.0    14.3  -999.9     6.8    17.5     8.6   330.0
SUMMERSIDE  2008   5  22  143      3.1    17.5    24.4  -999.9     0.0    13.0    10.1   330.0
SUMMERSIDE  2008   5  23  144      4.6     9.6    14.4  -999.9     3.5    17.7     9.3   330.0
SUMMERSIDE  2008   5  24  145      5.9     9.7    12.6  -999.9     0.3    13.8     8.9   330.0
SUMMERSIDE  2008   5  25  146      4.0    17.1    23.5  -999.9     0.0    14.6     8.3   330.0
SUMMERSIDE  2008   5  26  147      9.1    17.8    19.2  -999.9     0.9    34.5    10.2   330.0
SUMMERSIDE  2008   5  27  148      8.9    19.1    20.8  -999.9     6.2    30.7    12.7   330.0
SUMMERSIDE  2008   5  28  149      6.2    14.8    19.1  -999.9     0.0    21.2     8.0   330.0
SUMMERSIDE  2008   5  29  150      6.5    16.3    20.5  -999.9     2.0    22.9     9.2   330.0
SUMMERSIDE  2008   5  30  151      4.8    17.4    23.3  -999.9     0.0    17.2     7.5   330.0
SUMMERSIDE  2008   5  31  152      5.9    14.6    19.4  -999.9    14.6    22.9     9.6   330.0
SUMMERSIDE  2008   6   1  153     11.0    19.9    19.7  -999.9     0.0    20.7    15.4   330.0
SUMMERSIDE  2008   6   2  154      8.4    14.2    15.9  -999.9     0.0     7.5    12.4   330.0
SUMMERSIDE  2008   6   3  155      7.6    21.2    24.4  -999.9     6.3    14.8    13.3   330.0
SUMMERSIDE  2008   6   4  156      9.7    12.5    11.1  -999.9     7.8     8.6    12.3   330.0
SUMMERSIDE  2008   6   5  157      3.9    13.9    21.0  -999.9     0.0    18.1     8.8   330.0
SUMMERSIDE  2008   6   6  158      3.6    18.6    25.7  -999.9     0.2    12.8     8.6   330.0
SUMMERSIDE  2008   6   7  159     10.5    21.3    21.9  -999.9     0.0    19.3    13.0   330.0
SUMMERSIDE  2008   6   8  160     12.8    21.1    19.2  -999.9     0.3    20.3    16.8   330.0
SUMMERSIDE  2008   6   9  161     10.9    17.3    16.9  -999.9     0.2    17.8    14.3   330.0
SUMMERSIDE  2008   6  10  162     10.6    17.3    17.3  -999.9     0.0    12.5    13.6   330.0
SUMMERSIDE  2008   6  11  163     11.5    22.4    22.1  -999.9     2.8    20.0    15.7   330.0
SUMMERSIDE  2008   6  12  164     11.8    20.0    19.1  -999.9     0.0    21.5    12.6   330.0
SUMMERSIDE  2008   6  13  165     10.8    14.6    13.0  -999.9     0.0    30.7     8.4   330.0
SUMMERSIDE  2008   6  14  166      8.6    13.4    14.7  -999.9     0.0    26.6    10.3   330.0
SUMMERSIDE  2008   6  15  167      9.2    13.7    14.2  -999.9     0.0    18.4    12.2   330.0
SUMMERSIDE  2008   6  16  168      9.8    14.7    14.8  -999.9     0.0    12.7    12.6   330.0
SUMMERSIDE  2008   6  17  169      9.4    16.4    17.7  -999.9     0.0    10.9    13.5   330.0
SUMMERSIDE  2008   6  18  170     10.3    20.4    21.3  -999.9     2.4    15.2    15.2   330.0
SUMMERSIDE  2008   6  19  171     12.3    20.3    19.0  -999.9     0.0    11.9    16.1   330.0
SUMMERSIDE  2008   6  20  172     11.0    23.3    23.5  -999.9     0.0    11.3    14.5   330.0
SUMMERSIDE  2008   6  21  173     11.5    20.4    20.0  -999.9     0.7    13.8    15.5   330.0
SUMMERSIDE  2008   6  22  174     11.7    24.5    24.0  -999.9     0.0    18.0    15.8   330.0
SUMMERSIDE  2008   6  23  175     15.5    25.0    20.6  -999.9     0.2    19.0    20.3   330.0
SUMMERSIDE  2008   6  24  176     16.7    24.4    18.6  -999.9     2.7    17.7    19.9   330.0
SUMMERSIDE  2008   6  25  177     15.0    23.6    19.6  -999.9     1.3    17.0    14.3   330.0
SUMMERSIDE  2008   6  26  178     13.5    19.4    16.2  -999.9     2.1    12.5    16.4   330.0
SUMMERSIDE  2008   6  27  179     12.1    14.7    10.8  -999.9    12.7    20.2    14.6   330.0
SUMMERSIDE  2008   6  28  180     11.4    16.0    14.3  -999.9     0.0    18.0    13.3   330.0
SUMMERSIDE  2008   6  29  181     11.2    13.7    10.5  -999.9    22.9    14.3    13.5   330.0
SUMMERSIDE  2008   6  30  182     13.4    22.3    19.9  -999.9     1.8    19.0    18.8   330.0
SUMMERSIDE  2008   7   1  183     15.5    25.3    20.8  -999.9     0.0    20.4    20.3   330.0
SUMMERSIDE  2008   7   2  184     15.6    25.7    21.1  -999.9     0.0    19.3    20.3   330.0
SUMMERSIDE  2008   7   3  185     16.5    23.7    17.8  -999.9     0.0    30.7    18.5   330.0
SUMMERSIDE  2008   7   4  186     14.5    22.6    18.8  -999.9     0.0    12.8    14.5   330.0
SUMMERSIDE  2008   7   5  187     11.8    24.2    23.3  -999.9     0.0    13.2    13.5   330.0
SUMMERSIDE  2008   7   6  188     14.0    25.2    22.1  -999.9     0.0    17.2    15.9   330.0
SUMMERSIDE  2008   7   7  189     14.1    24.8    21.5  -999.9     0.0    20.8    17.8   330.0
SUMMERSIDE  2008   7   8  190     15.0    27.3    23.1  -999.9     0.9    17.6    18.9   330.0
SUMMERSIDE  2008   7   9  191     18.1    24.9    17.1  -999.9     0.0    27.8    21.8   330.0
SUMMERSIDE  2008   7  10  192     16.5    22.6    16.2  -999.9     0.0    25.2    20.0   330.0
SUMMERSIDE  2008   7  11  193     12.7    22.2    20.1  -999.9     0.0    13.2    14.5   330.0
SUMMERSIDE  2008   7  12  194     12.5    22.8    20.9  -999.9     0.0     9.9    14.6   330.0
SUMMERSIDE  2008   7  13  195     12.1    24.7    23.1  -999.9     0.0    22.5    14.2   330.0
SUMMERSIDE  2008   7  14  196     16.1    22.5    16.4  -999.9     1.9    27.4    18.8   330.0
SUMMERSIDE  2008   7  15  197     15.8    25.5    20.1  -999.9     0.0    18.9    19.3   330.0
SUMMERSIDE  2008   7  16  198     14.7    27.8    23.3  -999.9     0.0    14.9    16.6   330.0
SUMMERSIDE  2008   7  17  199     15.9    27.1    21.5  -999.9     0.0    15.4    16.1   330.0
SUMMERSIDE  2008   7  18  200     16.4    25.3    19.1  -999.9     1.7     7.2    17.9   330.0
SUMMERSIDE  2008   7  19  201     14.2    21.5    17.3  -999.9     2.3     6.2    18.0   330.0
SUMMERSIDE  2008   7  20  202     15.0    24.3    19.4  -999.9     0.0    11.4    18.7   330.0
SUMMERSIDE  2008   7  21  203     16.6    21.2    13.6  -999.9     9.1    16.0    19.2   330.0
SUMMERSIDE  2008   7  22  204     16.2    20.3    12.8  -999.9     0.2    20.9    17.2   330.0
SUMMERSIDE  2008   7  23  205     14.5    21.3    16.4  -999.9     0.4    15.8    17.6   330.0
SUMMERSIDE  2008   7  24  206     15.1    27.6    22.2  -999.9     0.0    14.2    21.1   330.0
SUMMERSIDE  2008   7  25  207     19.7    28.3    18.3  -999.9     5.7    20.3    24.7   330.0
SUMMERSIDE  2008   7  26  208     15.6    24.8    18.9  -999.9     7.7    16.4    20.0   330.0
SUMMERSIDE  2008   7  27  209     15.4    26.1    20.3  -999.9     0.0    18.5    18.6   330.0
SUMMERSIDE  2008   7  28  210     15.9    23.2    16.7  -999.9     0.0    17.3    17.9   330.0
SUMMERSIDE  2008   7  29  211     15.5    25.1    19.0  -999.9     0.8    11.3    20.5   330.0
SUMMERSIDE  2008   7  30  212     13.7    22.3    17.9  -999.9    12.8     7.8    18.3   330.0
SUMMERSIDE  2008   7  31  213     12.5    24.7    21.3  -999.9     0.0     8.8    18.2   330.0
SUMMERSIDE  2008   8   1  214     15.6    25.2    18.8  -999.9     0.0    14.0    19.4   330.0
SUMMERSIDE  2008   8   2  215     15.1    18.6    11.3  -999.9     6.6    15.2    17.5   330.0
SUMMERSIDE  2008   8   3  216     15.6    20.7    13.6  -999.9    21.1    20.8    18.9   330.0
SUMMERSIDE  2008   8   4  217     12.8    16.6    11.6  -999.9    12.4    28.4    15.9   330.0
SUMMERSIDE  2008   8   5  218     12.7    17.4    12.9  -999.9     2.2    25.4    15.7   330.0
SUMMERSIDE  2008   8   6  219     11.0    17.0    14.5  -999.9     0.0    18.5    13.9   330.0
SUMMERSIDE  2008   8   7  220     10.0    19.3    17.9  -999.9     0.5    12.2    14.6   330.0
SUMMERSIDE  2008   8   8  221      9.9    21.7    20.1  -999.9     0.6    10.0    14.3   330.0
SUMMERSIDE  2008   8   9  222     12.8    20.5    16.1  -999.9     3.0    10.7    16.9   330.0
SUMMERSIDE  2008   8  10  223     13.4    22.0    16.9  -999.9     0.0     9.5    18.0   330.0
SUMMERSIDE  2008   8  11  224     16.0    22.6    14.8  -999.9     0.0     9.5    18.3   330.0
SUMMERSIDE  2008   8  12  225     14.5    19.3    12.5  -999.9     7.1     9.9    16.7   330.0
SUMMERSIDE  2008   8  13  226     14.1    22.1    16.1  -999.9     3.5    15.0    17.5   330.0
SUMMERSIDE  2008   8  14  227     13.7    21.3    15.6  -999.9     0.0     9.5    16.3   330.0
SUMMERSIDE  2008   8  15  228     14.8    23.2    16.2  -999.9     0.0    12.5    17.7   330.0
SUMMERSIDE  2008   8  16  229     14.0    19.0    12.5  -999.9     1.7    15.5    16.9   330.0
SUMMERSIDE  2008   8  17  230     10.6    25.2    21.1  -999.9     0.8    17.8    16.8   330.0
SUMMERSIDE  2008   8  18  231      8.9    24.5    21.7  -999.9     0.0    17.5    13.1   330.0
SUMMERSIDE  2008   8  19  232     11.3    21.1    17.1  -999.9    18.7    17.5    16.3   330.0
SUMMERSIDE  2008   8  20  233     11.0    16.5    12.7  -999.9     1.2    17.6    12.1   330.0
SUMMERSIDE  2008   8  21  234     10.5    23.7    19.5  -999.9     0.2    13.9    13.7   330.0
SUMMERSIDE  2008   8  22  235     13.3    27.5    20.1  -999.9     0.0    11.4    17.7   330.0
SUMMERSIDE  2008   8  23  236     15.1    26.1    17.6  -999.9     0.0    18.4    18.4   330.0
SUMMERSIDE  2008   8  24  237     14.1    23.9    16.5  -999.9     0.0    22.4    14.5   330.0
SUMMERSIDE  2008   8  25  238     14.4    24.4    16.5  -999.9    18.2    13.3    19.7   330.0
SUMMERSIDE  2008   8  26  239     12.0    18.9    13.6  -999.9     0.2    12.8    13.7   330.0
SUMMERSIDE  2008   8  27  240     12.6    20.0    14.0  -999.9     0.0    24.7    13.1   330.0
SUMMERSIDE  2008   8  28  241     14.8    21.5    13.2  -999.9     0.3    23.3    16.6   330.0
SUMMERSIDE  2008   8  29  242     14.0    19.3    11.6  -999.9     0.2    20.8    16.6   330.0
SUMMERSIDE  2008   8  30  243     14.7    20.6    12.2  -999.9     0.0    13.4    17.3   330.0
SUMMERSIDE  2008   8  31  244     14.4    22.1    13.8  -999.9     0.4    15.2    16.5   330.0
SUMMERSIDE  2008   9   1  245     13.0    16.0     8.5  -999.9    41.9    36.1    15.2   330.0
SUMMERSIDE  2008   9   2  246     11.6    19.7    13.9  -999.9     0.0    16.8    15.3   330.0
SUMMERSIDE  2008   9   3  247     11.6    19.8    13.9  -999.9     0.0    12.8    15.8   330.0
SUMMERSIDE  2008   9   4  248     15.1    22.4    13.0  -999.9    13.0    14.4    17.2   330.0
SUMMERSIDE  2008   9   5  249     10.9    19.8    14.2  -999.9     0.2    10.3    13.3   330.0
SUMMERSIDE  2008   9   6  250     16.9    23.9    12.5  -999.9     1.2    27.9    20.7   330.0
SUMMERSIDE  2008   9   7  251     16.2    20.4     9.6  -999.9    58.8    17.7    20.1   330.0
SUMMERSIDE  2008   9   8  252     13.4    21.0    12.8  -999.9     1.1    15.9    16.4   330.0
SUMMERSIDE  2008   9   9  253     14.2    23.3    13.8  -999.9     0.3    20.6    16.9   330.0
SUMMERSIDE  2008   9  10  254      7.2    18.1    15.0  -999.9     0.0    20.4    10.3   330.0
SUMMERSIDE  2008   9  11  255      7.7    19.5    15.4  -999.9     0.0     9.8    11.1   330.0
SUMMERSIDE  2008   9  12  256      9.1    18.5    13.6  -999.9     0.0    18.9    12.2   330.0
SUMMERSIDE  2008   9  13  257     13.6    17.1     8.2  -999.9     0.0    14.0    14.6   330.0
SUMMERSIDE  2008   9  14  258     14.2    19.4     9.9  -999.9     0.2    17.3    16.7   330.0
SUMMERSIDE  2008   9  15  259     11.0    24.1    15.6  -999.9     0.2    31.7    16.4   330.0
SUMMERSIDE  2008   9  16  260      9.7    13.8     8.6  -999.9     0.0    10.1    11.1   330.0
SUMMERSIDE  2008   9  17  261      5.8    20.0    15.9  -999.9     0.0    12.9    11.8   330.0
SUMMERSIDE  2008   9  18  262      4.8    14.9    13.3  -999.9     1.5    16.8     8.9   330.0
SUMMERSIDE  2008   9  19  263      3.1    14.1    13.7  -999.9     0.0    12.1     7.0   330.0
SUMMERSIDE  2008   9  20  264      9.2    18.7    12.6  -999.9     0.0    26.5    11.3   330.0
SUMMERSIDE  2008   9  21  265      3.0    14.6    13.8  -999.9     0.0    14.9     9.3   330.0
SUMMERSIDE  2008   9  22  266      2.3    14.9    14.2  -999.9     0.0     7.6     7.9   330.0
SUMMERSIDE  2008   9  23  267      2.8    14.0    13.2  -999.9     0.0    12.3     6.7   330.0
SUMMERSIDE  2008   9  24  268      3.7    15.3    13.3  -999.9     0.0    10.7     8.9   330.0
SUMMERSIDE  2008   9  25  269      5.7    20.6    14.9  -999.9     0.0    20.5    10.7   330.0
SUMMERSIDE  2008   9  26  270     10.4    20.2    11.9  -999.9     0.0    19.5    11.2   330.0
SUMMERSIDE  2008   9  27  271     13.3    18.2     8.3  -999.9     4.5    20.1    15.7   330.0
SUMMERSIDE  2008   9  28  272     16.3    20.5     7.6  -999.9     9.3    22.8    18.4   330.0
SUMMERSIDE  2008   9  29  273     11.3    17.6     9.2  -999.9     8.0    25.8    14.9   330.0
SUMMERSIDE  2008   9  30  274      6.0    13.0     9.6  -999.9     0.9    13.2    10.9   330.0
SUMMERSIDE  2008  10   1  275      7.3    16.0    10.6  -999.9     0.0     8.7    11.8   330.0
SUMMERSIDE  2008  10   2  276      9.8    15.8     8.7  -999.9     5.5    26.8    13.0   330.0
SUMMERSIDE  2008  10   3  277      7.9    16.3    10.1  -999.9     3.2    32.7     9.7   330.0
SUMMERSIDE  2008  10   4  278      7.6    13.7     8.5  -999.9     0.0    29.1     8.9   330.0
SUMMERSIDE  2008  10   5  279      7.0    13.4     8.6  -999.9     0.7    13.0     9.6   330.0
SUMMERSIDE  2008  10   6  280      3.6    12.3     9.9  -999.9     0.0    11.1     8.1   330.0
SUMMERSIDE  2008  10   7  281      5.2    11.4     8.3  -999.9     0.0    16.8     7.7   330.0
SUMMERSIDE  2008  10   8  282      5.7    13.4     9.1  -999.9     0.0    17.0     8.6   330.0
SUMMERSIDE  2008  10   9  283      7.5    14.2     8.4  -999.9     3.9    19.8    11.8   330.0
SUMMERSIDE  2008  10  10  284     10.1    17.5     8.7  -999.9     0.0    21.0    11.5   330.0
SUMMERSIDE  2008  10  11  285      3.0    15.2    11.0  -999.9     0.0    13.1     9.2   330.0
SUMMERSIDE  2008  10  12  286      4.1    14.7    10.1  -999.9     0.0     6.4    10.0   330.0
SUMMERSIDE  2008  10  13  287      1.6    12.5    10.1  -999.9     1.3    18.3     8.3   330.0
SUMMERSIDE  2008  10  14  288      0.0    14.0    11.3  -999.9     1.5    18.5     7.9   330.0
SUMMERSIDE  2008  10  15  289      7.3    14.1     7.8  -999.9     0.0    15.7    10.0   330.0
SUMMERSIDE  2008  10  16  290      6.6    14.0     8.0  -999.9     6.2    13.8    11.0   330.0
SUMMERSIDE  2008  10  17  291      2.8    12.3     8.9  -999.9     0.5    15.3     8.2   330.0
SUMMERSIDE  2008  10  18  292     -1.6     9.1     9.4  -999.9     0.2    10.0     5.9   330.0
SUMMERSIDE  2008  10  19  293     -2.7     9.4     9.8  -999.9     0.0     8.8     5.7   330.0
SUMMERSIDE  2008  10  20  294     -3.6     9.6    10.1  -999.9     0.0    12.0     6.1   330.0
SUMMERSIDE  2008  10  21  295      5.7    10.2     5.8  -999.9     2.5    26.4     8.4   330.0
SUMMERSIDE  2008  10  22  296      2.9     6.7     5.3  -999.9     4.3    41.6     7.2   330.0
SUMMERSIDE  2008  10  23  297     -0.2     6.8     7.1  -999.9     0.2    22.5     5.1   330.0
SUMMERSIDE  2008  10  24  298     -0.2    11.3     8.9  -999.9     0.0    13.2     6.1   330.0
SUMMERSIDE  2008  10  25  299     -1.4    14.0    10.2  -999.9     0.0    15.3     7.4   330.0
SUMMERSIDE  2008  10  26  300      7.8    15.2     7.0  -999.9     0.3    31.7     9.9   330.0
SUMMERSIDE  2008  10  27  301     13.4    17.0     4.8  -999.9     9.8    21.6    16.0   330.0
SUMMERSIDE  2008  10  28  302     13.0    16.7     4.8  -999.9     0.4    35.1    15.1   330.0
SUMMERSIDE  2008  10  29  303      4.4    13.6     7.4  -999.9     0.9    31.0     8.2   330.0
SUMMERSIDE  2008  10  30  304      2.7     7.4     5.2  -999.9     0.2    22.4     6.1   330.0
SUMMERSIDE  2008  10  31  305      2.9     7.7     5.2  -999.9     0.0    18.4     6.5   330.0
SUMMERSIDE  2008  11   1  306      0.7     6.9     5.8  -999.9     0.0    21.1     4.5   330.0
SUMMERSIDE  2008  11   2  307     -1.7     4.0     5.5  -999.9     0.4    19.6     3.8   330.0
SUMMERSIDE  2008  11   3  308     -2.2     8.2     7.4  -999.9     0.0    21.8     4.7   330.0
SUMMERSIDE  2008  11   4  309      5.3     9.2     4.4  -999.9     0.0    13.5     7.7   330.0
SUMMERSIDE  2008  11   5  310      8.5    12.8     4.6  -999.9     0.0    26.2    11.3   330.0
SUMMERSIDE  2008  11   6  311      9.0    15.8     5.7  -999.9     0.0    16.9    12.7   330.0
SUMMERSIDE  2008  11   7  312      9.6    15.5     5.3  -999.9    15.3    12.1    14.1   330.0
SUMMERSIDE  2008  11   8  313      7.7    10.4     3.5  -999.9     0.2     8.9    11.2   330.0
SUMMERSIDE  2008  11   9  314      8.6    16.0     5.7  -999.9     2.4    17.5    13.7   330.0
SUMMERSIDE  2008  11  10  315      3.1     9.1     5.1  -999.9     0.4    16.9     8.1   330.0
SUMMERSIDE  2008  11  11  316      1.5     6.3     4.5  -999.9     1.6    22.8     7.2   330.0
SUMMERSIDE  2008  11  12  317      0.7     5.7     4.5  -999.9     0.0    13.2     6.0   330.0
SUMMERSIDE  2008  11  13  318     -0.3     6.8     5.3  -999.9     0.0     8.4     5.5   330.0
SUMMERSIDE  2008  11  14  319      4.7     9.7     4.4  -999.9     0.2    21.6     7.8   330.0
SUMMERSIDE  2008  11  15  320      9.5    16.0     5.0  -999.9    11.9    23.9    13.8   330.0
SUMMERSIDE  2008  11  16  321      5.3    17.4     6.7  -999.9    12.0    39.7    11.9   330.0
SUMMERSIDE  2008  11  17  322     -1.6     7.3     5.7  -999.9     0.2    28.2     4.5   330.0
SUMMERSIDE  2008  11  18  323     -2.1     3.7     4.5  -999.9     0.2    11.3     4.6   330.0
SUMMERSIDE  2008  11  19  324     -1.2     4.3     4.4  -999.9     8.8    43.9     6.4   330.0
SUMMERSIDE  2008  11  20  325     -5.2    -1.2     3.7  -999.9     0.2    24.5     4.2   330.0
SUMMERSIDE  2008  11  21  326     -8.6    -2.0     4.7  -999.9     0.7    19.0     3.1   330.0
SUMMERSIDE  2008  11  22  327     -7.2     0.2     4.9  -999.9     7.8    38.4     4.4   330.0
SUMMERSIDE  2008  11  23  328     -7.5    -4.8     2.9  -999.9     0.9    32.6     3.3   330.0
SUMMERSIDE  2008  11  24  329    -15.6    -4.3     5.9  -999.9     0.0    16.7     2.2   330.0
SUMMERSIDE  2008  11  25  330    -16.0    -0.3     6.9  -999.9     5.5    10.9     2.9   330.0
SUMMERSIDE  2008  11  26  331     -1.5     4.6     4.3  -999.9     1.5    21.3     5.9   330.0
SUMMERSIDE  2008  11  27  332     -0.7     3.1     3.3  -999.9     1.1     8.0     6.6   330.0
SUMMERSIDE  2008  11  28  333      0.9     3.8     2.9  -999.9     1.0    15.7     6.9   330.0
SUMMERSIDE  2008  11  29  334      0.0     6.1     4.1  -999.9     5.8    22.2     6.6   330.0
SUMMERSIDE  2008  11  30  335     -1.7     2.4     3.4  -999.9     0.0    12.0     5.0   330.0
SUMMERSIDE  2008  12   1  336     -0.3    12.2     5.8  -999.9    22.6    21.2     8.9   330.0
SUMMERSIDE  2008  12   2  337      0.7     7.7     4.3  -999.9     0.0    25.7     6.6   330.0
SUMMERSIDE  2008  12   3  338     -2.1     4.3     4.1  -999.9     0.0     9.9     5.4   330.0
SUMMERSIDE  2008  12   4  339     -1.7     8.3     5.1  -999.9     0.2    24.8     6.4   330.0
SUMMERSIDE  2008  12   5  340     -6.4     4.7     5.3  -999.9     0.2    20.0     3.9   330.0
SUMMERSIDE  2008  12   6  341     -9.0    -0.9     4.5  -999.9     0.0    11.8     2.8   330.0
SUMMERSIDE  2008  12   7  342     -4.0     3.3     4.3  -999.9    10.0    19.2     5.2   330.0
SUMMERSIDE  2008  12   8  343     -9.2     0.4     4.9  -999.9     0.7    34.4     3.8   330.0
SUMMERSIDE  2008  12   9  344    -11.4     3.5     6.1  -999.9     1.3    27.1     3.7   330.0
SUMMERSIDE  2008  12  10  345     -1.1    11.0     5.4  -999.9    22.9    33.5     8.1   330.0
SUMMERSIDE  2008  12  11  346     -2.0    -0.3     2.0  -999.9     2.9    15.3     4.9   330.0
SUMMERSIDE  2008  12  12  347     -0.6    14.4     6.0  -999.9    22.4    22.3     9.6   330.0
SUMMERSIDE  2008  12  13  348     -8.6     2.8     5.2  -999.9     0.2    22.5     4.1   330.0
SUMMERSIDE  2008  12  14  349     -9.6     0.9     5.0  -999.9     0.0    20.7     3.5   330.0
SUMMERSIDE  2008  12  15  350      0.8    11.3     5.0  -999.9     0.0    32.8     8.2   330.0
SUMMERSIDE  2008  12  16  351     -6.9    10.7     6.4  -999.9     0.2    28.5     4.6   330.0
SUMMERSIDE  2008  12  17  352     -7.4    -1.4     3.8  -999.9     9.1    15.0     3.5   330.0
SUMMERSIDE  2008  12  18  353    -11.1    -2.2     4.6  -999.9     0.2    17.5     3.1   330.0
SUMMERSIDE  2008  12  19  354    -16.3    -7.5     4.5  -999.9     0.2    20.6     1.8   330.0
SUMMERSIDE  2008  12  20  355    -15.2    -8.1     4.1  -999.9     0.2    23.2     1.9   330.0
SUMMERSIDE  2008  12  21  356    -20.6    -4.2     6.2  -999.9     1.6    12.1     1.9   330.0
SUMMERSIDE  2008  12  22  357     -8.9    -0.5     4.4  -999.9     2.2    48.0     3.8   330.0
SUMMERSIDE  2008  12  23  358    -12.6    -8.7     3.0  -999.9     0.0    26.9     1.9   330.0
SUMMERSIDE  2008  12  24  359    -11.5     2.9     5.8  -999.9     3.8    17.2     3.9   330.0
SUMMERSIDE  2008  12  25  360     -9.7     7.5     6.4  -999.9    14.6    37.3     4.2   330.0
SUMMERSIDE  2008  12  26  361    -13.4    -9.7     3.0  -999.9     0.0    17.9     1.8   330.0
SUMMERSIDE  2008  12  27  362    -14.4    -0.1     5.9  -999.9     0.6    14.5     2.6   330.0
SUMMERSIDE  2008  12  28  363     -0.1     7.7     4.4  -999.9     4.8    32.8     7.7   330.0
SUMMERSIDE  2008  12  29  364     -4.5     4.8     4.8  -999.9     0.0    25.5     4.2   330.0
SUMMERSIDE  2008  12  30  365     -4.9    -1.4     2.9  -999.9     0.0    12.7     3.9   330.0
