SUMMERSIDE  2021   1   1    1     -8.1    -1.6     4.0  -999.9     0.0    18.0     2.8   330.0
SUMMERSIDE  2021   1   2    2     -7.2    -0.7     4.0  -999.9     7.7    16.3     4.0   330.0
SUMMERSIDE  2021   1   3    3     -3.8    -0.7     2.8  -999.9     0.0    21.6     4.2   330.0
SUMMERSIDE  2021   1   4    4     -3.8    -0.1     3.1  -999.9     0.0    10.9     4.8   330.0
SUMMERSIDE  2021   1   5    5     -0.9     0.3     1.8  -999.9     0.0    30.6     5.2   330.0
SUMMERSIDE  2021   1   6    6     -0.8     0.5     1.9  -999.9     2.0    29.2     5.7   330.0
SUMMERSIDE  2021   1   7    7     -1.9     0.5     2.5  -999.9     0.4    28.1     5.5   330.0
SUMMERSIDE  2021   1   8    8     -4.4    -1.8     2.7  -999.9     2.3    21.8     4.0   330.0
SUMMERSIDE  2021   1   9    9     -4.0    -0.2     3.3  -999.9     2.9    14.8     4.8   330.0
SUMMERSIDE  2021   1  10   10    -10.1    -0.3     5.3  -999.9     0.0    26.5     3.3   330.0
SUMMERSIDE  2021   1  11   11     -9.6    -3.2     4.3  -999.9     0.0    10.2     3.2   330.0
SUMMERSIDE  2021   1  12   12    -12.2    -2.1     5.5  -999.9     0.2     8.3     3.0   330.0
SUMMERSIDE  2021   1  13   13    -13.3    -0.9     6.1  -999.9     0.2     9.5     3.2   330.0
SUMMERSIDE  2021   1  14   14    -10.8    -0.8     5.5  -999.9     0.0     8.1     3.6   330.0
SUMMERSIDE  2021   1  15   15    -13.2    -1.0     6.2  -999.9     0.2     5.4     3.4   330.0
SUMMERSIDE  2021   1  16   16    -14.0     1.4     7.0  -999.9     8.1     9.5     3.5   330.0
SUMMERSIDE  2021   1  17   17      0.8     3.5     3.0  -999.9    14.0    31.0     6.3   330.0
SUMMERSIDE  2021   1  18   18     -3.8     1.9     4.4  -999.9     0.0    26.9     4.0   330.0
SUMMERSIDE  2021   1  19   19    -10.6    -3.8     4.8  -999.9     0.0    23.3     2.3   330.0
SUMMERSIDE  2021   1  20   20    -11.1    -6.8     3.9  -999.9     0.0    13.1     2.0   330.0
SUMMERSIDE  2021   1  21   21    -14.2    -7.4     4.9  -999.9     0.3     8.9     1.8   330.0
SUMMERSIDE  2021   1  22   22    -10.2    -2.5     5.3  -999.9     0.0    13.1     2.7   330.0
SUMMERSIDE  2021   1  23   23     -9.1    -3.0     4.8  -999.9     0.0    12.2     3.0   330.0
SUMMERSIDE  2021   1  24   24     -8.3     0.3     5.8  -999.9     1.6    19.4     3.9   330.0
SUMMERSIDE  2021   1  25   25     -1.4     0.6     2.8  -999.9     0.0    26.2     5.0   330.0
SUMMERSIDE  2021   1  26   26     -0.9     0.2     2.1  -999.9     0.5    21.2     5.5   330.0
SUMMERSIDE  2021   1  27   27     -3.0    -0.4     3.3  -999.9     0.0    12.9     4.6   330.0
SUMMERSIDE  2021   1  28   28     -5.8    -2.8     3.6  -999.9     0.2     8.5     3.9   330.0
SUMMERSIDE  2021   1  29   29     -6.3    -4.0     3.2  -999.9     0.2    29.2     3.2   330.0
SUMMERSIDE  2021   1  30   30    -12.8    -6.3     5.4  -999.9     0.0    17.1     2.3   330.0
SUMMERSIDE  2021   1  31   31     -7.4    -1.5     5.2  -999.9     0.0    19.7     3.8   330.0
SUMMERSIDE  2021   2   1   32     -4.3    -2.0     3.3  -999.9     0.0    10.0     3.9   330.0
SUMMERSIDE  2021   2   2   33     -4.8     5.6     7.1  -999.9    19.2    30.8     5.7   330.0
SUMMERSIDE  2021   2   3   34     -0.7     6.3     5.9  -999.9    11.9    17.3     7.2   330.0
SUMMERSIDE  2021   2   4   35     -3.6     0.6     4.7  -999.9     0.7     9.7     5.3   330.0
SUMMERSIDE  2021   2   5   36     -4.9     1.5     5.8  -999.9     0.6    12.0     4.7   330.0
SUMMERSIDE  2021   2   6   37     -4.0     4.1     6.7  -999.9     9.9    25.6     5.2   330.0
SUMMERSIDE  2021   2   7   38     -6.1    -2.6     4.4  -999.9     2.1    20.1     2.6   330.0
SUMMERSIDE  2021   2   8   39    -10.5    -1.9     7.0  -999.9     4.5    32.4     3.2   330.0
SUMMERSIDE  2021   2   9   40    -12.2    -6.0     6.1  -999.9     0.0    23.6     1.8   330.0
SUMMERSIDE  2021   2  10   41    -12.9    -6.4     6.3  -999.9     0.0    17.2     1.8   330.0
SUMMERSIDE  2021   2  11   42    -13.3    -7.5     6.0  -999.9     0.0    25.2     1.5   330.0
SUMMERSIDE  2021   2  12   43    -14.9    -2.0     9.1  -999.9     0.0    15.0     2.4   330.0
SUMMERSIDE  2021   2  13   44    -14.0    -5.0     7.7  -999.9     0.6    11.5     2.3   330.0
SUMMERSIDE  2021   2  14   45    -15.1    -4.4     8.6  -999.9     0.2     7.3     2.3   330.0
SUMMERSIDE  2021   2  15   46    -12.1    -3.4     7.8  -999.9     0.0     7.5     2.4   330.0
SUMMERSIDE  2021   2  16   47     -6.5    -1.0     6.3  -999.9    22.4    15.2     4.2   330.0
SUMMERSIDE  2021   2  17   48    -10.1    -1.2     8.2  -999.9     0.0    18.2     3.1   330.0
SUMMERSIDE  2021   2  18   49    -17.2    -6.8     8.9  -999.9     0.0    16.2     1.5   330.0
SUMMERSIDE  2021   2  19   50    -17.7    -6.7     9.3  -999.9     0.0     7.4     1.8   330.0
SUMMERSIDE  2021   2  20   51    -11.2    -4.4     7.4  -999.9     0.7    15.7     2.9   330.0
SUMMERSIDE  2021   2  21   52    -10.3    -2.8     7.9  -999.9     0.0    18.0     2.5   330.0
SUMMERSIDE  2021   2  22   53    -10.6    -1.2     9.0  -999.9     0.2    18.6     2.6   330.0
SUMMERSIDE  2021   2  23   54     -1.8     2.4     6.1  -999.9     4.9    25.8     5.7   330.0
SUMMERSIDE  2021   2  24   55     -2.6     3.2     7.3  -999.9     0.4    14.9     5.2   330.0
SUMMERSIDE  2021   2  25   56    -10.4     1.0    10.3  -999.9     4.1    24.9     3.7   330.0
SUMMERSIDE  2021   2  26   57    -14.8    -7.2     8.5  -999.9     0.0    24.8     1.5   330.0
SUMMERSIDE  2021   2  27   58    -15.8     0.9    12.8  -999.9     5.0    22.2     2.6   330.0
SUMMERSIDE  2021   2  28   59     -9.0     2.2    10.7  -999.9     0.2    23.7     3.8   330.0
SUMMERSIDE  2021   3   1   60     -7.8     1.1     9.6  -999.9     9.4    21.0     4.2   330.0
SUMMERSIDE  2021   3   2   61    -15.9    -1.2    12.5  -999.9     0.7    39.4     2.5   330.0
SUMMERSIDE  2021   3   3   62    -12.3    -2.3    10.5  -999.9     0.0    34.1     2.3   330.0
SUMMERSIDE  2021   3   4   63     -9.9    -1.9     9.5  -999.9     0.0    31.8     2.6   330.0
SUMMERSIDE  2021   3   5   64    -10.8    -5.1     8.1  -999.9     0.0    21.0     2.1   330.0
SUMMERSIDE  2021   3   6   65    -12.2    -3.9     9.9  -999.9     0.0    23.3     2.1   330.0
SUMMERSIDE  2021   3   7   66    -11.9    -3.1    10.4  -999.9     0.0    17.4     2.2   330.0
SUMMERSIDE  2021   3   8   67    -13.7    -2.6    11.8  -999.9     0.0     7.9     2.6   330.0
SUMMERSIDE  2021   3   9   68    -13.2     2.4    14.2  -999.9     0.2    10.5     3.4   330.0
SUMMERSIDE  2021   3  10   69    -10.4     0.9    12.2  -999.9     0.0    11.1     3.4   330.0
SUMMERSIDE  2021   3  11   70     -0.8     5.3     9.1  -999.9     0.0    31.5     6.4   330.0
SUMMERSIDE  2021   3  12   71      1.4     9.0    10.3  -999.9     0.2    32.2     5.7   330.0
SUMMERSIDE  2021   3  13   72     -6.1     2.1    10.8  -999.9     0.0    27.6     3.1   330.0
SUMMERSIDE  2021   3  14   73     -9.7    -4.2     8.9  -999.9     0.0    18.4     2.1   330.0
SUMMERSIDE  2021   3  15   74    -12.4    -9.5     6.6  -999.9     0.2    25.1     1.9   330.0
SUMMERSIDE  2021   3  16   75    -15.2    -8.0    10.5  -999.9     0.0    19.9     1.6   330.0
SUMMERSIDE  2021   3  17   76    -10.4     5.6    15.8  -999.9     0.0    17.1     3.2   330.0
SUMMERSIDE  2021   3  18   77     -2.9     3.9    10.4  -999.9     0.2    21.8     5.7   330.0
SUMMERSIDE  2021   3  19   78     -8.3    -2.9     9.4  -999.9     0.0    29.8     2.4   330.0
SUMMERSIDE  2021   3  20   79     -8.8     5.7    15.6  -999.9     0.0    15.9     3.3   330.0
SUMMERSIDE  2021   3  21   80     -2.2    11.2    15.1  -999.9     0.0    17.2     5.3   330.0
SUMMERSIDE  2021   3  22   81      0.2    14.4    15.8  -999.9     0.0    20.2     6.2   330.0
SUMMERSIDE  2021   3  23   82     -0.3    12.9    15.4  -999.9     0.0    21.3     6.5   330.0
SUMMERSIDE  2021   3  24   83      1.9    14.7    15.3  -999.9     0.0    16.5     8.4   330.0
SUMMERSIDE  2021   3  25   84      1.9    13.1    14.5  -999.9     0.0    19.3     8.6   330.0
SUMMERSIDE  2021   3  26   85     -0.1    11.8    15.1  -999.9    38.7    19.8     9.0   330.0
SUMMERSIDE  2021   3  27   86     -4.4     0.1     9.4  -999.9     1.8    40.8     4.6   330.0
SUMMERSIDE  2021   3  28   87     -3.7     2.0    10.6  -999.9     5.9    18.8     4.2   330.0
SUMMERSIDE  2021   3  29   88     -2.1     8.2    14.4  -999.9     4.3    33.6     6.7   330.0
SUMMERSIDE  2021   3  30   89     -3.7     6.5    14.5  -999.9     0.0    23.0     3.6   330.0
SUMMERSIDE  2021   3  31   90      1.0    13.6    16.3  -999.9     0.0    29.3     7.1   330.0
SUMMERSIDE  2021   4   1   91      5.5    14.3    13.8  -999.9     4.7    30.7    11.1   330.0
SUMMERSIDE  2021   4   2   92     -0.3     5.5    11.3  -999.9     3.4    10.8     6.8   330.0
SUMMERSIDE  2021   4   3   93     -1.6     1.0     7.6  -999.9     0.0    14.6     4.8   330.0
SUMMERSIDE  2021   4   4   94     -1.7     1.4     8.4  -999.9    18.3    34.2     5.6   330.0
SUMMERSIDE  2021   4   5   95      0.6     5.0    10.1  -999.9     0.2    18.8     7.1   330.0
SUMMERSIDE  2021   4   6   96      0.8     4.9     9.8  -999.9     1.3    16.7     7.4   330.0
SUMMERSIDE  2021   4   7   97      0.3     3.8     9.2  -999.9     0.0    21.2     7.0   330.0
SUMMERSIDE  2021   4   8   98      1.2     6.7    11.6  -999.9     0.2    20.7     7.4   330.0
SUMMERSIDE  2021   4   9   99      0.3    13.2    17.9  -999.9     0.0    10.2     7.8   330.0
SUMMERSIDE  2021   4  10  100     -4.1     4.5    14.8  -999.9     0.0    17.7     4.7   330.0
SUMMERSIDE  2021   4  11  101     -2.5     5.9    14.7  -999.9     0.0    22.8     5.9   330.0
SUMMERSIDE  2021   4  12  102      1.5     4.3     8.6  -999.9     0.2    32.2     7.1   330.0
SUMMERSIDE  2021   4  13  103      1.3     4.7     9.5  -999.9     0.0    38.3     6.6   330.0
SUMMERSIDE  2021   4  14  104     -1.6     4.2    12.5  -999.9     0.0    24.8     5.9   330.0
SUMMERSIDE  2021   4  15  105     -4.2     6.9    17.5  -999.9     0.0    18.3     5.7   330.0
SUMMERSIDE  2021   4  16  106     -1.1     8.5    16.4  -999.9     0.0    21.9     6.5   330.0
SUMMERSIDE  2021   4  17  107      1.3     2.8     6.5  -999.9     3.8    33.1     6.4   330.0
SUMMERSIDE  2021   4  18  108      0.8     3.1     8.1  -999.9    11.1    31.4     6.8   330.0
SUMMERSIDE  2021   4  19  109      1.7    10.9    16.4  -999.9     1.4    14.7     7.8   330.0
SUMMERSIDE  2021   4  20  110      3.5    10.5    14.4  -999.9     0.0    15.8     8.3   330.0
SUMMERSIDE  2021   4  21  111      3.9    16.7    19.6  -999.9     1.1    15.1     8.2   330.0
SUMMERSIDE  2021   4  22  112      0.4    14.9    21.0  -999.9     0.6    36.0     8.1   330.0
SUMMERSIDE  2021   4  23  113     -0.2     5.5    13.3  -999.9     0.2    37.9     5.1   330.0
SUMMERSIDE  2021   4  24  114      1.0    12.9    19.3  -999.9     0.0    18.6     6.2   330.0
SUMMERSIDE  2021   4  25  115      2.7    16.9    21.2  -999.9     4.0    16.1     7.4   330.0
SUMMERSIDE  2021   4  26  116      4.0     7.9    11.2  -999.9     4.1    21.6     8.5   330.0
SUMMERSIDE  2021   4  27  117      2.7     7.1    12.0  -999.9     5.1    15.0     8.0   330.0
SUMMERSIDE  2021   4  28  118      1.3    11.5    18.3  -999.9     0.0    12.5     7.9   330.0
SUMMERSIDE  2021   4  29  119      0.0    14.3    21.8  -999.9     0.0    11.4     7.4   330.0
SUMMERSIDE  2021   4  30  120      2.6     7.4    12.7  -999.9    20.4    29.0     8.0   330.0
SUMMERSIDE  2021   5   1  121      2.5    11.8    17.8  -999.9     3.6    30.8     8.1   330.0
SUMMERSIDE  2021   5   2  122      3.9    13.1    17.8  -999.9     0.0    22.1     6.2   330.0
SUMMERSIDE  2021   5   3  123      2.2    14.4    20.6  -999.9     0.0    22.9     5.1   330.0
SUMMERSIDE  2021   5   4  124      1.5    11.9    19.1  -999.9     0.0    12.3     5.8   330.0
SUMMERSIDE  2021   5   5  125      0.4    11.8    20.1  -999.9     2.5    15.3     6.5   330.0
SUMMERSIDE  2021   5   6  126      2.7     6.0    10.9  -999.9    14.3    19.0     7.9   330.0
SUMMERSIDE  2021   5   7  127      0.4     8.1    16.7  -999.9     0.1    16.8     7.2   330.0
SUMMERSIDE  2021   5   8  128      0.3     4.6    12.6  -999.9    10.2    34.7     7.1   330.0
SUMMERSIDE  2021   5   9  129      1.1    11.5    19.6  -999.9     2.1    27.6     8.0   330.0
SUMMERSIDE  2021   5  10  130     -0.3    12.7    22.0  -999.9     0.0     9.1     6.9   330.0
SUMMERSIDE  2021   5  11  131      1.5    11.9    19.8  -999.9     1.6    13.5     7.2   330.0
SUMMERSIDE  2021   5  12  132      2.8     8.9    15.2  -999.9     2.3    14.9     7.8   330.0
SUMMERSIDE  2021   5  13  133      3.7    14.7    20.5  -999.9     0.1    13.4     8.0   330.0
SUMMERSIDE  2021   5  14  134      1.1    14.3    22.6  -999.9     0.4    12.8     7.9   330.0
SUMMERSIDE  2021   5  15  135      0.7    15.1    23.7  -999.9     0.2     9.9     7.0   330.0
SUMMERSIDE  2021   5  16  136      3.8    15.1    21.1  -999.9     3.0    17.7     7.9   330.0
SUMMERSIDE  2021   5  17  137      3.8    17.4    23.2  -999.9     0.3    11.7    10.1   330.0
SUMMERSIDE  2021   5  18  138      5.4    15.9    20.5  -999.9     9.1    12.5    11.1   330.0
SUMMERSIDE  2021   5  19  139      4.8     9.1    13.1  -999.9     0.3    20.2     9.5   330.0
SUMMERSIDE  2021   5  20  140      4.0    17.6    23.5  -999.9     0.2    11.8    10.9   330.0
SUMMERSIDE  2021   5  21  141      8.9    21.6    22.7  -999.9     1.5    28.5    11.6   330.0
SUMMERSIDE  2021   5  22  142      9.9    15.2    14.7  -999.9    11.1    33.8    12.3   330.0
SUMMERSIDE  2021   5  23  143      6.2    17.9    22.0  -999.9    11.3    27.2    12.6   330.0
SUMMERSIDE  2021   5  24  144      3.0    13.0    20.4  -999.9     0.2    21.4     6.6   330.0
SUMMERSIDE  2021   5  25  145      7.8    16.5    19.1  -999.9     1.4    34.4    10.6   330.0
SUMMERSIDE  2021   5  26  146     10.5    22.3    22.3  -999.9     2.8    31.8    15.1   330.0
SUMMERSIDE  2021   5  27  147      4.0    20.4    26.3  -999.9     3.4    24.5    10.4   330.0
SUMMERSIDE  2021   5  28  148      2.0    12.8    21.4  -999.9     0.1    16.3     5.4   330.0
SUMMERSIDE  2021   5  29  149      1.8    11.5    20.3  -999.9     0.0    11.2     6.2   330.0
SUMMERSIDE  2021   5  30  150     -0.1    13.5    24.1  -999.9     1.1    15.8     7.0   330.0
SUMMERSIDE  2021   5  31  151      8.0    23.4    25.7  -999.9     6.6    19.0    15.4   330.0
SUMMERSIDE  2021   6   1  152      8.8    18.6    20.6  -999.9     7.8    17.0    13.1   330.0
SUMMERSIDE  2021   6   2  153     11.4    24.8    24.1  -999.9     0.1    18.3    14.1   330.0
SUMMERSIDE  2021   6   3  154     10.9    22.3    22.3  -999.9     2.9    19.8    14.0   330.0
SUMMERSIDE  2021   6   4  155     13.5    22.3    19.6  -999.9     5.7    22.6    18.4   330.0
SUMMERSIDE  2021   6   5  156     12.3    23.1    21.8  -999.9     0.8    23.5    17.0   330.0
SUMMERSIDE  2021   6   6  157     12.6    18.1    15.6  -999.9     0.6    17.0    12.7   330.0
SUMMERSIDE  2021   6   7  158     14.1    29.0    25.6  -999.9     1.4    24.8    18.2   330.0
SUMMERSIDE  2021   6   8  159     14.1    32.7    28.7  -999.9     1.2    18.7    20.1   330.0
SUMMERSIDE  2021   6   9  160      9.1    22.1    24.0  -999.9     3.9    12.8    13.0   330.0
SUMMERSIDE  2021   6  10  161      3.7    13.1    20.4  -999.9     1.4    26.8     7.5   330.0
SUMMERSIDE  2021   6  11  162      4.5    19.5    25.8  -999.9     1.5    17.8     9.1   330.0
SUMMERSIDE  2021   6  12  163      9.2    20.5    22.5  -999.9     1.2    19.3    11.7   330.0
SUMMERSIDE  2021   6  13  164      6.4    15.3    19.9  -999.9     0.1    16.4     9.0   330.0
SUMMERSIDE  2021   6  14  165      7.6    24.9    27.8  -999.9     0.0    19.2    10.8   330.0
SUMMERSIDE  2021   6  15  166     14.1    20.5    16.9  -999.9     2.8    24.7    17.1   330.0
SUMMERSIDE  2021   6  16  167     11.5    23.6    23.3  -999.9     5.4    16.3    17.9   330.0
SUMMERSIDE  2021   6  17  168     11.4    19.1    18.6  -999.9     0.2    19.6    13.0   330.0
SUMMERSIDE  2021   6  18  169     11.5    26.4    25.9  -999.9     0.1    19.2    13.9   330.0
SUMMERSIDE  2021   6  19  170     13.7    23.9    21.4  -999.9     7.4    22.6    16.5   330.0
SUMMERSIDE  2021   6  20  171     14.6    26.2    22.8  -999.9     0.4    17.8    18.7   330.0
SUMMERSIDE  2021   6  21  172     14.8    29.2    25.4  -999.9     4.7    15.7    18.6   330.0
SUMMERSIDE  2021   6  22  173     20.2    27.7    18.4  -999.9     2.0    24.2    25.0   330.0
SUMMERSIDE  2021   6  23  174     12.8    20.9    19.1  -999.9     4.9    16.8    15.5   330.0
SUMMERSIDE  2021   6  24  175      9.9    23.8    25.0  -999.9     0.0    15.7    10.9   330.0
SUMMERSIDE  2021   6  25  176     12.3    23.9    22.8  -999.9     1.3    19.9    13.7   330.0
SUMMERSIDE  2021   6  26  177     18.3    25.1    17.4  -999.9     1.1    27.3    21.4   330.0
SUMMERSIDE  2021   6  27  178     17.1    21.8    14.5  -999.9     3.7    33.5    20.7   330.0
SUMMERSIDE  2021   6  28  179     17.0    25.8    19.8  -999.9     0.5    18.0    20.8   330.0
SUMMERSIDE  2021   6  29  180     17.8    29.9    23.2  -999.9     1.7    11.4    25.0   330.0
SUMMERSIDE  2021   6  30  181     16.9    22.3    15.5  -999.9    15.5    12.0    21.8   330.0
SUMMERSIDE  2021   7   1  182     12.7    19.8    17.7  -999.9     1.5    17.2    17.8   330.0
SUMMERSIDE  2021   7   2  183     12.3    14.9    10.7  -999.9     0.9    28.2    13.3   330.0
SUMMERSIDE  2021   7   3  184     12.6    15.2    10.7  -999.9     0.2    24.9    13.3   330.0
SUMMERSIDE  2021   7   4  185     10.5    13.7    11.9  -999.9    19.2    30.0    12.6   330.0
SUMMERSIDE  2021   7   5  186     10.6    21.2    21.6  -999.9     0.7    13.0    14.2   330.0
SUMMERSIDE  2021   7   6  187     14.4    24.0    20.5  -999.9     0.0    22.6    17.3   330.0
SUMMERSIDE  2021   7   7  188     12.8    24.7    22.8  -999.9     0.0    19.5    15.2   330.0
SUMMERSIDE  2021   7   8  189     11.3    18.8    18.0  -999.9     0.0    14.0    11.5   330.0
SUMMERSIDE  2021   7   9  190     13.3    21.3    18.6  -999.9    36.8    21.0    18.0   330.0
SUMMERSIDE  2021   7  10  191     12.2    20.5    18.9  -999.9     2.1    14.3    16.6   330.0
SUMMERSIDE  2021   7  11  192     10.4    24.8    24.8  -999.9     0.0    10.9    15.9   330.0
SUMMERSIDE  2021   7  12  193     10.4    21.5    21.8  -999.9     0.0    11.6    13.0   330.0
SUMMERSIDE  2021   7  13  194     10.0    24.7    25.0  -999.9     0.0    11.2    13.0   330.0
SUMMERSIDE  2021   7  14  195     15.2    25.0    20.3  -999.9     0.0    18.5    15.3   330.0
SUMMERSIDE  2021   7  15  196     17.6    24.7    17.3  -999.9     8.8    21.5    22.1   330.0
SUMMERSIDE  2021   7  16  197     17.6    27.3    20.1  -999.9     0.0    23.5    23.2   330.0
SUMMERSIDE  2021   7  17  198     16.4    25.5    19.4  -999.9     0.0    10.8    18.5   330.0
SUMMERSIDE  2021   7  18  199     15.7    26.8    21.4  -999.9     0.0     7.5    18.0   330.0
SUMMERSIDE  2021   7  19  200     19.0    25.2    15.9  -999.9     0.0     9.8    23.1   330.0
SUMMERSIDE  2021   7  20  201     17.1    25.9    18.9  -999.9    10.6    16.8    22.7   330.0
SUMMERSIDE  2021   7  21  202     16.6    19.2    10.3  -999.9    13.7    17.6    19.1   330.0
SUMMERSIDE  2021   7  22  203     12.4    17.1    13.7  -999.9    27.5    19.7    15.5   330.0
SUMMERSIDE  2021   7  23  204     12.3    23.3    21.0  -999.9     3.5     9.4    17.2   330.0
SUMMERSIDE  2021   7  24  205     14.3    23.4    19.0  -999.9     0.2     7.7    17.8   330.0
SUMMERSIDE  2021   7  25  206     14.7    25.0    20.1  -999.9     0.7    15.5    16.9   330.0
SUMMERSIDE  2021   7  26  207     16.6    22.5    15.2  -999.9     2.9    16.2    20.0   330.0
SUMMERSIDE  2021   7  27  208     16.6    24.2    17.2  -999.9     0.6    14.0    21.6   330.0
SUMMERSIDE  2021   7  28  209     12.6    21.9    18.9  -999.9     0.0     9.7    15.2   330.0
SUMMERSIDE  2021   7  29  210     11.3    23.7    21.7  -999.9     0.0    16.2    12.9   330.0
SUMMERSIDE  2021   7  30  211     13.8    19.9    15.2  -999.9    25.1    19.2    17.0   330.0
SUMMERSIDE  2021   7  31  212     13.5    21.6    17.4  -999.9     0.0    22.0    15.9   330.0
SUMMERSIDE  2021   8   1  213     13.8    24.0    19.5  -999.9     0.0    19.3    15.2   330.0
SUMMERSIDE  2021   8   2  214     12.1    20.0    17.0  -999.9     6.1    10.3    15.7   330.0
SUMMERSIDE  2021   8   3  215     12.3    24.0    20.6  -999.9     0.0    21.9    15.7   330.0
SUMMERSIDE  2021   8   4  216     14.6    24.8    19.2  -999.9     0.0    11.2    17.2   330.0
SUMMERSIDE  2021   8   5  217     16.8    22.3    14.0  -999.9     7.8    16.0    21.1   330.0
SUMMERSIDE  2021   8   6  218     17.7    25.1    16.2  -999.9    33.1    22.1    23.7   330.0
SUMMERSIDE  2021   8   7  219     17.1    26.1    17.7  -999.9     0.0    23.0    22.3   330.0
SUMMERSIDE  2021   8   8  220     10.3    20.4    18.7  -999.9     0.0    16.3    14.5   330.0
SUMMERSIDE  2021   8   9  221      9.0    21.0    20.3  -999.9     0.0     6.5    14.1   330.0
SUMMERSIDE  2021   8  10  222     16.4    25.2    17.2  -999.9     0.0    16.4    20.7   330.0
SUMMERSIDE  2021   8  11  223     19.0    26.8    16.1  -999.9     0.0    14.6    24.1   330.0
SUMMERSIDE  2021   8  12  224     20.1    27.3    15.4  -999.9     0.0    16.4    26.6   330.0
SUMMERSIDE  2021   8  13  225     20.2    30.7    18.5  -999.9     0.0    15.2    28.1   330.0
SUMMERSIDE  2021   8  14  226     19.8    29.6    17.8  -999.9     0.0    15.0    25.7   330.0
SUMMERSIDE  2021   8  15  227     14.9    25.9    18.7  -999.9     0.0    12.0    18.8   330.0
SUMMERSIDE  2021   8  16  228     14.2    23.9    17.5  -999.9     0.0    11.2    15.2   330.0
SUMMERSIDE  2021   8  17  229     16.1    28.3    19.5  -999.9     0.0    19.9    19.2   330.0
SUMMERSIDE  2021   8  18  230     17.6    23.9    13.9  -999.9     0.0    19.2    21.1   330.0
SUMMERSIDE  2021   8  19  231     18.7    29.0    17.6  -999.9     0.0    17.7    25.8   330.0
SUMMERSIDE  2021   8  20  232     18.5    29.0    17.7  -999.9     0.0    18.7    25.3   330.0
SUMMERSIDE  2021   8  21  233     12.4    24.0    18.5  -999.9     0.0    10.9    16.6   330.0
SUMMERSIDE  2021   8  22  234     11.9    25.1    19.6  -999.9     0.0     9.4    16.2   330.0
SUMMERSIDE  2021   8  23  235     15.2    25.2    16.9  -999.9     0.0    14.0    18.7   330.0
SUMMERSIDE  2021   8  24  236     20.6    24.5    10.5  -999.9     1.7    20.1    24.9   330.0
SUMMERSIDE  2021   8  25  237     18.2    26.7    15.3  -999.9     0.0    11.4    23.6   330.0
SUMMERSIDE  2021   8  26  238     18.2    29.5    17.6  -999.9    11.0    18.3    24.5   330.0
SUMMERSIDE  2021   8  27  239     15.6    22.5    13.6  -999.9     0.0    19.5    16.1   330.0
SUMMERSIDE  2021   8  28  240      8.5    20.7    18.0  -999.9     0.0    17.4    10.7   330.0
SUMMERSIDE  2021   8  29  241     11.5    23.6    17.7  -999.9     0.0    10.0    13.2   330.0
SUMMERSIDE  2021   8  30  242     15.6    19.8    10.4  -999.9     0.0    20.0    17.1   330.0
SUMMERSIDE  2021   8  31  243     17.7    27.5    15.7  -999.9     0.0    14.2    22.8   330.0
SUMMERSIDE  2021   9   1  244     15.2    23.5    14.3  -999.9     0.0    10.8    17.8   330.0
SUMMERSIDE  2021   9   2  245     14.5    18.7    10.1  -999.9   120.6    19.9    17.8   330.0
SUMMERSIDE  2021   9   3  246      9.1    17.3    14.0  -999.9     0.7    22.0    13.2   330.0
SUMMERSIDE  2021   9   4  247      9.8    13.5     9.3  -999.9     5.3    24.4    12.6   330.0
SUMMERSIDE  2021   9   5  248      8.9    15.3    12.2  -999.9     0.2    10.8    12.8   330.0
SUMMERSIDE  2021   9   6  249     14.7    18.1     8.8  -999.9    22.1    20.2    17.5   330.0
SUMMERSIDE  2021   9   7  250     13.9    20.7    12.3  -999.9     0.0    25.1    16.2   330.0
SUMMERSIDE  2021   9   8  251     13.2    23.8    15.2  -999.9     0.0    17.0    16.9   330.0
SUMMERSIDE  2021   9   9  252     16.6    22.9    11.6  -999.9     0.0    20.2    20.8   330.0
SUMMERSIDE  2021   9  10  253     14.7    22.5    12.8  -999.9    21.2    17.3    20.6   330.0
SUMMERSIDE  2021   9  11  254     12.5    20.1    12.5  -999.9     0.0    19.7    14.3   330.0
SUMMERSIDE  2021   9  12  255     11.3    22.3    14.9  -999.9     0.0    26.0    16.1   330.0
SUMMERSIDE  2021   9  13  256     10.1    19.9    13.9  -999.9     0.0    13.0    13.3   330.0
SUMMERSIDE  2021   9  14  257      6.0    16.5    14.3  -999.9     0.0    15.8    10.6   330.0
SUMMERSIDE  2021   9  15  258      6.9    19.4    15.4  -999.9     9.1    22.2    12.0   330.0
SUMMERSIDE  2021   9  16  259     10.8    19.7    12.9  -999.9     1.4    14.6    13.9   330.0
SUMMERSIDE  2021   9  17  260      9.8    21.8    14.8  -999.9     0.0    15.5    15.3   330.0
SUMMERSIDE  2021   9  18  261     16.0    25.0    12.7  -999.9     0.0    18.5    20.8   330.0
SUMMERSIDE  2021   9  19  262      7.6    16.8    12.7  -999.9     0.0    25.5    10.5   330.0
SUMMERSIDE  2021   9  20  263      7.0    18.8    14.2  -999.9     0.0     8.6    11.4   330.0
SUMMERSIDE  2021   9  21  264     11.8    21.1    12.5  -999.9     0.0    20.5    13.3   330.0
SUMMERSIDE  2021   9  22  265     14.1    22.9    12.0  -999.9     0.0    21.5    17.8   330.0
SUMMERSIDE  2021   9  23  266     13.9    24.7    13.1  -999.9     0.0    18.0    18.9   330.0
SUMMERSIDE  2021   9  24  267     11.1    24.4    14.4  -999.9     0.0    10.5    17.1   330.0
SUMMERSIDE  2021   9  25  268     17.3    24.0    10.1  -999.9     0.0    24.4    21.0   330.0
SUMMERSIDE  2021   9  26  269     14.9    20.5     9.1  -999.9    12.5    24.5    18.8   330.0
SUMMERSIDE  2021   9  27  270     12.4    18.5     9.4  -999.9     0.2    22.0    13.5   330.0
SUMMERSIDE  2021   9  28  271     12.7    18.6     9.1  -999.9     1.1    13.9    13.5   330.0
SUMMERSIDE  2021   9  29  272     10.3    16.0     8.9  -999.9     0.0    19.8    11.9   330.0
SUMMERSIDE  2021   9  30  273      8.0    16.6    10.8  -999.9     2.1    12.6    13.0   330.0
SUMMERSIDE  2021  10   1  274     10.0    14.7     7.9  -999.9     0.0    12.7    11.9   330.0
SUMMERSIDE  2021  10   2  275      7.2    13.4     8.9  -999.9     0.0    13.8    10.1   330.0
SUMMERSIDE  2021  10   3  276      5.3    14.5    10.7  -999.9     0.7     9.6    10.3   330.0
SUMMERSIDE  2021  10   4  277      3.5    14.9    11.8  -999.9     0.0    12.8     9.5   330.0
SUMMERSIDE  2021  10   5  278      5.3    18.5    12.5  -999.9     0.0     7.3    11.2   330.0
SUMMERSIDE  2021  10   6  279      6.7    20.2    12.5  -999.9     0.0    11.0    11.7   330.0
SUMMERSIDE  2021  10   7  280      7.6    21.6    12.6  -999.9     0.0    11.0    13.1   330.0
SUMMERSIDE  2021  10   8  281      2.6    14.0    11.2  -999.9     0.0    24.5     7.6   330.0
SUMMERSIDE  2021  10   9  282      2.1    13.4    11.0  -999.9     0.0     6.5     8.2   330.0
SUMMERSIDE  2021  10  10  283      5.3    15.6    10.4  -999.9     0.0    12.4     9.7   330.0
SUMMERSIDE  2021  10  11  284      7.6    18.8    10.7  -999.9     0.0    10.6    12.9   330.0
SUMMERSIDE  2021  10  12  285      7.0    20.7    11.7  -999.9     0.0     6.5    14.2   330.0
SUMMERSIDE  2021  10  13  286     12.0    17.6     7.4  -999.9    14.3     8.5    15.6   330.0
SUMMERSIDE  2021  10  14  287      6.9    14.9     8.7  -999.9     4.3    15.0    12.3   330.0
SUMMERSIDE  2021  10  15  288      6.0    15.5     9.3  -999.9     0.0     7.0    11.4   330.0
SUMMERSIDE  2021  10  16  289      8.9    17.0     8.5  -999.9     0.4    10.4    12.9   330.0
SUMMERSIDE  2021  10  17  290     12.9    18.4     6.9  -999.9     9.9    27.9    15.6   330.0
SUMMERSIDE  2021  10  18  291      7.7    13.9     7.2  -999.9     1.3    12.2    11.4   330.0
SUMMERSIDE  2021  10  19  292      6.7     9.9     5.1  -999.9     0.0    15.4     8.8   330.0
SUMMERSIDE  2021  10  20  293      5.6    12.8     7.6  -999.9     0.0     6.4    10.1   330.0
SUMMERSIDE  2021  10  21  294      8.0    14.8     7.3  -999.9     0.0    10.5    11.0   330.0
SUMMERSIDE  2021  10  22  295     11.8    20.1     7.9  -999.9     2.8    18.0    16.0   330.0
SUMMERSIDE  2021  10  23  296     11.6    16.7     6.1  -999.9     0.0     8.8    15.2   330.0
SUMMERSIDE  2021  10  24  297      6.3    11.7     6.2  -999.9    37.6    23.5     9.8   330.0
SUMMERSIDE  2021  10  25  298      2.7    10.4     7.3  -999.9     0.0    14.2     8.0   330.0
SUMMERSIDE  2021  10  26  299      2.4    12.7     8.3  -999.9     0.0    13.0     8.8   330.0
SUMMERSIDE  2021  10  27  300      8.2    10.6     4.0  -999.9     0.0    39.0     9.1   330.0
SUMMERSIDE  2021  10  28  301      8.2    10.0     3.4  -999.9     0.0    39.0     8.6   330.0
SUMMERSIDE  2021  10  29  302      4.3    11.1     6.5  -999.9     0.0    25.4     8.3   330.0
SUMMERSIDE  2021  10  30  303      1.2    10.9     7.6  -999.9     0.0     8.0     8.5   330.0
SUMMERSIDE  2021  10  31  304      8.8    13.9     5.5  -999.9     6.8    26.5    12.0   330.0
SUMMERSIDE  2021  11   1  305      6.6    16.0     7.3  -999.9     0.0    23.7    10.2   330.0
SUMMERSIDE  2021  11   2  306      5.3    11.9     6.0  -999.9     0.0    16.5     7.1   330.0
SUMMERSIDE  2021  11   3  307      2.2     9.5     6.3  -999.9     0.0     9.5     7.8   330.0
SUMMERSIDE  2021  11   4  308     -1.1     6.2     6.2  -999.9     0.2     9.1     5.7   330.0
SUMMERSIDE  2021  11   5  309     -0.8     6.8     6.2  -999.9     0.0     6.6     5.3   330.0
SUMMERSIDE  2021  11   6  310     -1.5     8.8     7.1  -999.9     0.0    17.9     5.4   330.0
SUMMERSIDE  2021  11   7  311      3.0    10.9     6.2  -999.9     0.0    18.8     7.1   330.0
SUMMERSIDE  2021  11   8  312      0.0    11.6     7.4  -999.9     0.0     9.0     7.1   330.0
SUMMERSIDE  2021  11   9  313     -0.1    14.0     8.0  -999.9     0.0    11.9     8.3   330.0
SUMMERSIDE  2021  11  10  314      2.1     7.4     4.8  -999.9     6.7     5.8     7.3   330.0
SUMMERSIDE  2021  11  11  315     -0.9     6.9     5.8  -999.9     0.0    15.8     5.6   330.0
SUMMERSIDE  2021  11  12  316     -2.1     8.1     6.5  -999.9     0.9     9.8     5.5   330.0
SUMMERSIDE  2021  11  13  317      3.3    13.0     6.3  -999.9     3.4    22.6     9.6   330.0
SUMMERSIDE  2021  11  14  318      0.4     9.0     5.9  -999.9     2.5    17.2     7.6   330.0
SUMMERSIDE  2021  11  15  319      1.0     8.6     5.4  -999.9    10.2    16.3     7.8   330.0
SUMMERSIDE  2021  11  16  320      0.7     3.5     3.3  -999.9     1.6    33.8     5.2   330.0
SUMMERSIDE  2021  11  17  321     -2.6     4.0     4.9  -999.9     0.0    22.3     4.6   330.0
SUMMERSIDE  2021  11  18  322     -0.5    11.8     6.7  -999.9     2.1    22.2     8.2   330.0
SUMMERSIDE  2021  11  19  323      1.3    12.4     6.3  -999.9    10.9    16.9     9.1   330.0
SUMMERSIDE  2021  11  20  324     -3.2     4.0     5.0  -999.9     0.0    18.7     4.4   330.0
SUMMERSIDE  2021  11  21  325     -2.6     6.2     5.4  -999.9     1.5    15.7     5.8   330.0
SUMMERSIDE  2021  11  22  326      6.1    11.9     4.4  -999.9    51.2    29.2    10.6   330.0
SUMMERSIDE  2021  11  23  327      0.1    10.2     5.7  -999.9    16.2    20.0     8.4   330.0
SUMMERSIDE  2021  11  24  328      0.6     3.7     3.1  -999.9     0.0    22.8     5.7   330.0
SUMMERSIDE  2021  11  25  329      2.7     6.6     3.5  -999.9     2.9    28.9     8.0   330.0
SUMMERSIDE  2021  11  26  330      5.5     7.2     2.3  -999.9     8.7    13.2     9.5   330.0
SUMMERSIDE  2021  11  27  331     -1.6     7.5     5.2  -999.9     4.9    31.1     6.4   330.0
SUMMERSIDE  2021  11  28  332     -3.1    -0.1     3.0  -999.9     0.0    30.0     3.9   330.0
SUMMERSIDE  2021  11  29  333     -5.2     3.5     5.0  -999.9    19.4    15.4     5.3   330.0
SUMMERSIDE  2021  11  30  334     -3.8     2.3     4.1  -999.9     1.0    22.9     5.0   330.0
SUMMERSIDE  2021  12   1  335     -4.1     1.5     3.9  -999.9     0.0    14.4     4.1   330.0
SUMMERSIDE  2021  12   2  336     -6.0     8.7     6.3  -999.9     7.3    17.8     5.8   330.0
SUMMERSIDE  2021  12   3  337     -4.1     8.8     5.9  -999.9    16.7    28.8     6.3   330.0
SUMMERSIDE  2021  12   4  338     -7.4    -3.7     3.1  -999.9     0.0    23.6     2.7   330.0
SUMMERSIDE  2021  12   5  339     -8.8    -1.6     4.3  -999.9     0.0    14.0     2.9   330.0
SUMMERSIDE  2021  12   6  340     -8.8    13.1     7.5  -999.9     3.2    22.8     5.7   330.0
SUMMERSIDE  2021  12   7  341     -1.7    13.1     6.1  -999.9     8.9    29.8     5.4   330.0
SUMMERSIDE  2021  12   8  342     -5.8    -2.8     2.7  -999.9     1.3    13.1     2.8   330.0
SUMMERSIDE  2021  12   9  343     -9.1    -2.3     4.1  -999.9     2.3    24.8     3.2   330.0
SUMMERSIDE  2021  12  10  344    -10.0    -0.3     4.9  -999.9     0.0    13.5     3.2   330.0
SUMMERSIDE  2021  12  11  345     -1.6    12.2     5.8  -999.9    14.0    17.4     8.3   330.0
SUMMERSIDE  2021  12  12  346      1.1    12.8     5.3  -999.9     0.9    33.8     7.1   330.0
SUMMERSIDE  2021  12  13  347      0.9     5.0     3.1  -999.9     1.7    27.8     4.8   330.0
SUMMERSIDE  2021  12  14  348     -4.1     3.2     4.2  -999.9     0.7    34.2     4.2   330.0
SUMMERSIDE  2021  12  15  349     -6.1    -2.8     2.8  -999.9     0.0    23.2     2.8   330.0
SUMMERSIDE  2021  12  16  350     -3.6     5.8     4.7  -999.9     0.0    21.6     5.4   330.0
SUMMERSIDE  2021  12  17  351      0.8     7.6     4.0  -999.9     1.6    26.7     6.8   330.0
SUMMERSIDE  2021  12  18  352     -2.9     0.9     3.0  -999.9     0.0    25.4     3.3   330.0
SUMMERSIDE  2021  12  19  353     -4.7    -1.5     2.7  -999.9     0.7    11.9     3.9   330.0
SUMMERSIDE  2021  12  20  354     -9.8    -4.0     3.7  -999.9     0.2    14.6     2.9   330.0
SUMMERSIDE  2021  12  21  355     -7.3     1.8     4.6  -999.9     0.0    24.2     3.6   330.0
SUMMERSIDE  2021  12  22  356     -8.8     3.3     5.3  -999.9     3.4    15.6     4.1   330.0
SUMMERSIDE  2021  12  23  357    -12.5     1.9     5.8  -999.9     2.1    36.0     3.1   330.0
SUMMERSIDE  2021  12  24  358    -13.3    -8.2     3.5  -999.9     0.0    40.7     1.5   330.0
SUMMERSIDE  2021  12  25  359     -9.4    -3.4     3.8  -999.9     0.0    19.9     2.7   330.0
SUMMERSIDE  2021  12  26  360     -6.1     1.2     4.2  -999.9     0.0    10.6     4.5   330.0
SUMMERSIDE  2021  12  27  361     -3.1     0.7     3.0  -999.9     0.0    16.5     4.7   330.0
SUMMERSIDE  2021  12  28  362     -3.8     1.2     3.5  -999.9     0.0     6.4     5.0   330.0
SUMMERSIDE  2021  12  29  363     -3.2     2.1     3.6  -999.9     0.6     8.1     5.6   330.0
SUMMERSIDE  2021  12  30  364     -3.7     0.2     3.1  -999.9     0.2     6.3     5.0   330.0
SUMMERSIDE  2021  12  31  365     -1.8     1.4     2.8  -999.9     0.0     3.5     5.7   330.0
