SUMMERSIDE  2004   1   1    1     -5.3    -3.2     2.3  -999.9     0.0    23.0     2.8   330.0
SUMMERSIDE  2004   1   2    2     -9.1    -7.2     2.2  -999.9     0.0    13.3     2.6   330.0
SUMMERSIDE  2004   1   3    3    -10.8     1.7     5.6  -999.9     2.0    12.7     3.7   330.0
SUMMERSIDE  2004   1   4    4     -4.0     4.1     4.6  -999.9     1.3    23.9     5.2   330.0
SUMMERSIDE  2004   1   5    5     -7.4    -3.8     3.1  -999.9     0.0    15.8     2.9   330.0
SUMMERSIDE  2004   1   6    6     -6.5    -2.3     3.3  -999.9     0.0     8.5     3.8   330.0
SUMMERSIDE  2004   1   7    7    -12.2    -9.3     2.8  -999.9     0.0    27.5     1.6   330.0
SUMMERSIDE  2004   1   8    8    -21.1   -16.2     3.7  -999.9     0.0    23.2     1.0   330.0
SUMMERSIDE  2004   1   9    9    -20.3   -14.4     4.1  -999.9     0.0    18.7     1.1   330.0
SUMMERSIDE  2004   1  10   10    -18.8   -15.6     3.0  -999.9     0.0    14.1     1.2   330.0
SUMMERSIDE  2004   1  11   11    -20.9   -13.7     4.6  -999.9     0.7    15.6     1.0   330.0
SUMMERSIDE  2004   1  12   12    -18.4    -8.3     5.5  -999.9     0.0     3.3     1.8   330.0
SUMMERSIDE  2004   1  13   13    -17.2    -7.9     5.3  -999.9     1.9     5.5     2.0   330.0
SUMMERSIDE  2004   1  14   14    -22.6   -20.7     2.4  -999.9     0.6    41.8     0.9   330.0
SUMMERSIDE  2004   1  15   15    -25.2   -18.2     4.7  -999.9     0.0    29.7     0.6   330.0
SUMMERSIDE  2004   1  16   16    -25.6    -1.1     8.8  -999.9     0.7    24.1     1.7   330.0
SUMMERSIDE  2004   1  17   17    -19.8     0.0     8.0  -999.9     0.0    40.7     2.3   330.0
SUMMERSIDE  2004   1  18   18     -7.1    -0.7     4.6  -999.9    16.8    12.7     3.8   330.0
SUMMERSIDE  2004   1  19   19     -3.3    -2.4     1.8  -999.9    10.2    27.2     4.8   330.0
SUMMERSIDE  2004   1  20   20     -6.0    -2.7     3.4  -999.9     1.6    32.5     4.3   330.0
SUMMERSIDE  2004   1  21   21     -6.8    -6.2     1.5  -999.9     0.0    16.2     3.4   330.0
SUMMERSIDE  2004   1  22   22    -12.4    -0.8     6.5  -999.9     0.9    12.8     3.3   330.0
SUMMERSIDE  2004   1  23   23    -10.6    -7.1     3.6  -999.9     0.0    30.0     2.6   330.0
SUMMERSIDE  2004   1  24   24    -20.5   -15.8     4.3  -999.9     0.0    24.4     1.0   330.0
SUMMERSIDE  2004   1  25   25    -23.4   -18.4     4.4  -999.9     0.0    22.9     0.7   330.0
SUMMERSIDE  2004   1  26   26    -24.9   -17.4     5.5  -999.9     0.0    28.3     0.8   330.0
SUMMERSIDE  2004   1  27   27    -19.5   -10.9     6.0  -999.9     0.0    19.3     1.3   330.0
SUMMERSIDE  2004   1  28   28    -13.2    -7.2     5.1  -999.9     0.0     9.4     2.4   330.0
SUMMERSIDE  2004   1  29   29    -11.1    -6.6     4.4  -999.9     0.0    22.6     2.6   330.0
SUMMERSIDE  2004   1  30   30    -12.9    -9.5     3.9  -999.9     0.0    20.7     1.9   330.0
SUMMERSIDE  2004   1  31   31    -18.1    -1.2     8.8  -999.9     1.5     8.4     2.4   330.0
SUMMERSIDE  2004   2   1   32    -12.7     0.4     7.9  -999.9     0.0    30.5     3.4   330.0
SUMMERSIDE  2004   2   2   33     -4.1    -1.1     3.8  -999.9     0.0    15.5     3.9   330.0
SUMMERSIDE  2004   2   3   34     -9.7     0.6     7.2  -999.9     0.0     8.2     3.7   330.0
SUMMERSIDE  2004   2   4   35     -7.1     3.2     7.3  -999.9     0.6    27.0     4.7   330.0
SUMMERSIDE  2004   2   5   36    -11.7    -6.7     5.2  -999.9     0.0    38.6     1.9   330.0
SUMMERSIDE  2004   2   6   37    -10.4    -4.6     5.6  -999.9     5.9    25.5     2.3   330.0
SUMMERSIDE  2004   2   7   38     -6.7    -2.9     4.6  -999.9    17.3    20.3     4.1   330.0
SUMMERSIDE  2004   2   8   39     -8.8    -5.0     4.7  -999.9     0.6    19.5     3.3   330.0
SUMMERSIDE  2004   2   9   40    -15.6    -3.4     8.5  -999.9     0.0    19.7     2.3   330.0
SUMMERSIDE  2004   2  10   41     -8.7     3.2     8.5  -999.9     0.0    15.2     4.2   330.0
SUMMERSIDE  2004   2  11   42     -8.2     2.3     8.1  -999.9     0.0     6.8     4.4   330.0
SUMMERSIDE  2004   2  12   43    -10.5    -6.5     5.1  -999.9     0.0    17.0     2.5   330.0
SUMMERSIDE  2004   2  13   44    -14.2    -1.1     9.3  -999.9     0.0    19.2     2.5   330.0
SUMMERSIDE  2004   2  14   45     -4.9     2.6     7.2  -999.9     0.0    22.8     4.1   330.0
SUMMERSIDE  2004   2  15   46    -20.0   -16.4     5.0  -999.9     0.0    17.0     0.9   330.0
SUMMERSIDE  2004   2  16   47    -24.1   -11.8     9.4  -999.9     0.0    18.8     0.9   330.0
SUMMERSIDE  2004   2  17   48    -20.6    -6.6    10.2  -999.9     0.0    13.9     1.4   330.0
SUMMERSIDE  2004   2  18   49    -13.1    -1.6     9.4  -999.9     3.3    13.5     2.9   330.0
SUMMERSIDE  2004   2  19   50     -6.7    -4.1     4.5  -999.9    21.3    54.8     3.8   330.0
SUMMERSIDE  2004   2  20   51     -5.9    -0.9     6.4  -999.9     0.9    36.1     3.4   330.0
SUMMERSIDE  2004   2  21   52    -13.0    -3.6     8.9  -999.9     0.0    11.7     2.7   330.0
SUMMERSIDE  2004   2  22   53     -6.8    -1.4     6.8  -999.9     0.0    28.8     4.2   330.0
SUMMERSIDE  2004   2  23   54     -4.8    -2.8     4.2  -999.9    28.5    21.8     4.5   330.0
SUMMERSIDE  2004   2  24   55     -4.7    -1.4     5.5  -999.9     0.0    14.2     4.0   330.0
SUMMERSIDE  2004   2  25   56     -6.2    -1.3     6.8  -999.9     0.0     8.3     3.9   330.0
SUMMERSIDE  2004   2  26   57     -7.9    -5.9     4.4  -999.9     0.0    36.3     2.9   330.0
SUMMERSIDE  2004   2  27   58     -8.5    -4.7     6.1  -999.9     0.7    33.6     3.3   330.0
SUMMERSIDE  2004   2  28   59     -6.2    -5.6     2.5  -999.9     0.0    23.1     3.4   330.0
SUMMERSIDE  2004   2  29   60    -14.1    -2.4    11.0  -999.9     0.0     7.3     2.4   330.0
SUMMERSIDE  2004   3   1   61    -12.4     4.7    13.5  -999.9     6.6     8.6     3.4   330.0
SUMMERSIDE  2004   3   2   62     -4.6     4.7    10.1  -999.9     5.7    22.2     5.4   330.0
SUMMERSIDE  2004   3   3   63      1.3     4.2     5.7  -999.9     0.0    21.8     6.5   330.0
SUMMERSIDE  2004   3   4   64     -2.8     2.5     7.8  -999.9     0.0    13.7     4.4   330.0
SUMMERSIDE  2004   3   5   65     -5.9     4.1    10.9  -999.9     5.0     9.8     4.4   330.0
SUMMERSIDE  2004   3   6   66     -2.1     1.2     6.3  -999.9    17.7    14.0     5.8   330.0
SUMMERSIDE  2004   3   7   67     -4.3    -2.6     4.6  -999.9     0.0    28.6     4.4   330.0
SUMMERSIDE  2004   3   8   68     -8.7    -3.4     8.2  -999.9     0.0    22.0     3.4   330.0
SUMMERSIDE  2004   3   9   69     -7.4    -2.6     7.9  -999.9     0.0    21.5     3.5   330.0
SUMMERSIDE  2004   3  10   70     -9.4     2.6    12.7  -999.9     0.0    14.7     3.5   330.0
SUMMERSIDE  2004   3  11   71     -8.9     0.4    11.3  -999.9     4.6    17.6     3.7   330.0
SUMMERSIDE  2004   3  12   72     -2.9    -1.3     4.8  -999.9     0.0    27.3     5.2   330.0
SUMMERSIDE  2004   3  13   73     -3.2    -0.4     6.4  -999.9     0.6    20.2     4.9   330.0
SUMMERSIDE  2004   3  14   74     -7.5     0.8    11.1  -999.9     0.0    18.5     3.8   330.0
SUMMERSIDE  2004   3  15   75     -5.3     2.8    11.1  -999.9     0.6    25.2     5.0   330.0
SUMMERSIDE  2004   3  16   76     -4.5    -0.8     7.6  -999.9     0.0    20.9     3.3   330.0
SUMMERSIDE  2004   3  17   77     -7.9    -7.0     3.8  -999.9     0.0    31.5     2.8   330.0
SUMMERSIDE  2004   3  18   78     -9.7    -3.9     9.7  -999.9     1.0    24.9     3.1   330.0
SUMMERSIDE  2004   3  19   79    -11.4    -1.1    13.1  -999.9     0.0     9.6     3.3   330.0
SUMMERSIDE  2004   3  20   80     -9.5    -0.3    12.5  -999.9     0.0    20.6     3.9   330.0
SUMMERSIDE  2004   3  21   81     -2.8     0.3     7.4  -999.9     8.9    10.2     5.4   330.0
SUMMERSIDE  2004   3  22   82     -5.7     0.5    10.5  -999.9     0.7    16.2     4.4   330.0
SUMMERSIDE  2004   3  23   83    -15.6    -4.9    14.0  -999.9     0.0    21.0     1.8   330.0
SUMMERSIDE  2004   3  24   84    -10.1     0.8    14.3  -999.9     0.0    17.2     3.8   330.0
SUMMERSIDE  2004   3  25   85     -7.3     3.7    14.5  -999.9     0.0    20.0     4.2   330.0
SUMMERSIDE  2004   3  26   86     -1.5     5.5    11.7  -999.9     0.0    27.4     5.5   330.0
SUMMERSIDE  2004   3  27   87      2.8     4.4     5.6  -999.9    27.2    22.5     7.6   330.0
SUMMERSIDE  2004   3  28   88     -3.1    -1.3     6.0  -999.9     0.0    33.5     4.2   330.0
SUMMERSIDE  2004   3  29   89     -8.5     3.0    15.4  -999.9     0.0     5.7     3.8   330.0
SUMMERSIDE  2004   3  30   90     -4.1     6.4    14.9  -999.9     0.0    18.8     4.3   330.0
SUMMERSIDE  2004   3  31   91     -2.8     4.3    12.4  -999.9     0.0    22.0     5.6   330.0
SUMMERSIDE  2004   4   1   92     -2.3     2.2     9.9  -999.9     0.0    19.5     5.7   330.0
SUMMERSIDE  2004   4   2   93     -2.3     4.5    12.3  -999.9     7.7    15.8     5.8   330.0
SUMMERSIDE  2004   4   3   94     -0.6     1.8     7.4  -999.9     6.6    11.0     6.3   330.0
SUMMERSIDE  2004   4   4   95      0.0     0.8     4.3  -999.9     1.2    14.1     6.3   330.0
SUMMERSIDE  2004   4   5   96     -0.3     2.6     8.3  -999.9     9.5    11.4     6.6   330.0
SUMMERSIDE  2004   4   6   97     -1.8     1.6     9.0  -999.9     0.6    13.3     5.8   330.0
SUMMERSIDE  2004   4   7   98     -0.9     3.2    10.0  -999.9     0.6     8.0     6.3   330.0
SUMMERSIDE  2004   4   8   99     -1.5     6.6    14.2  -999.9     0.7    11.8     6.3   330.0
SUMMERSIDE  2004   4   9  100      0.7    12.1    17.0  -999.9     0.0    15.0     5.4   330.0
SUMMERSIDE  2004   4  10  101     -1.1     5.3    12.8  -999.9     0.0    16.0     5.4   330.0
SUMMERSIDE  2004   4  11  102     -1.6     7.4    15.4  -999.9     0.0    22.4     4.6   330.0
SUMMERSIDE  2004   4  12  103     -2.4    10.4    18.5  -999.9     0.0    10.7     5.1   330.0
SUMMERSIDE  2004   4  13  104     -1.7     9.1    17.1  -999.9     5.3    11.6     7.4   330.0
SUMMERSIDE  2004   4  14  105      2.3    11.6    16.0  -999.9    14.8    29.5     9.8   330.0
SUMMERSIDE  2004   4  15  106      1.0     2.8     7.1  -999.9    10.4    24.9     6.8   330.0
SUMMERSIDE  2004   4  16  107     -0.7     0.1     4.8  -999.9     2.1    34.8     5.6   330.0
SUMMERSIDE  2004   4  17  108     -1.2     6.0    14.4  -999.9     4.4    15.6     6.9   330.0
SUMMERSIDE  2004   4  18  109      1.2    10.8    16.7  -999.9     2.5    18.5     6.5   330.0
SUMMERSIDE  2004   4  19  110      1.4    11.1    16.9  -999.9     1.6    29.0     7.5   330.0
SUMMERSIDE  2004   4  20  111      5.2    11.1    13.3  -999.9     0.0    31.2     6.6   330.0
SUMMERSIDE  2004   4  21  112     -1.6    10.1    18.9  -999.9     0.0    11.4     4.6   330.0
SUMMERSIDE  2004   4  22  113      2.4    11.7    16.9  -999.9     0.0    26.3     8.0   330.0
SUMMERSIDE  2004   4  23  114      2.1     4.8     9.2  -999.9     0.0    11.3     5.1   330.0
SUMMERSIDE  2004   4  24  115     -3.1     5.6    16.6  -999.9     0.0     9.0     5.1   330.0
SUMMERSIDE  2004   4  25  116     -3.1     6.3    17.4  -999.9     0.0    20.8     5.1   330.0
SUMMERSIDE  2004   4  26  117     -0.8     5.2    14.0  -999.9     0.0    12.8     6.1   330.0
SUMMERSIDE  2004   4  27  118      2.3     5.9    10.9  -999.9     0.0     6.0     8.0   330.0
SUMMERSIDE  2004   4  28  119      3.1     7.4    12.0  -999.9     0.0     8.8     8.5   330.0
SUMMERSIDE  2004   4  29  120     -0.8    11.6    20.4  -999.9     0.0    18.2     5.3   330.0
SUMMERSIDE  2004   4  30  121      5.0    23.1    24.8  -999.9     0.7    12.7    10.4   330.0
SUMMERSIDE  2004   5   1  122      7.7    23.4    23.3  -999.9     0.0    11.3    11.7   330.0
SUMMERSIDE  2004   5   2  123      7.3    17.9    19.2  -999.9     0.0    25.8    12.2   330.0
SUMMERSIDE  2004   5   3  124     11.7    18.8    15.8  -999.9     0.0    31.6    15.0   330.0
SUMMERSIDE  2004   5   4  125     11.2    13.4     8.8  -999.9     0.8    36.0    13.0   330.0
SUMMERSIDE  2004   5   5  126      3.6    15.8    20.9  -999.9     0.0    24.9     7.3   330.0
SUMMERSIDE  2004   5   6  127      4.9    15.3    19.4  -999.9     1.0    24.3     8.3   330.0
SUMMERSIDE  2004   5   7  128      8.1    15.6    16.6  -999.9     1.0    23.4     9.8   330.0
SUMMERSIDE  2004   5   8  129      0.6    10.7    19.3  -999.9     0.0    29.9     3.2   330.0
SUMMERSIDE  2004   5   9  130      3.2    15.6    21.5  -999.9     0.6    24.1     5.3   330.0
SUMMERSIDE  2004   5  10  131      2.0    14.8    22.0  -999.9     0.8    16.8     5.0   330.0
SUMMERSIDE  2004   5  11  132      5.8    15.8    19.5  -999.9     0.7    19.7    10.4   330.0
SUMMERSIDE  2004   5  12  133      3.2    11.7    18.1  -999.9     0.0    15.1     5.7   330.0
SUMMERSIDE  2004   5  13  134     -0.2    11.1    20.9  -999.9     0.0     9.5     5.1   330.0
SUMMERSIDE  2004   5  14  135      5.3    11.3    15.3  -999.9     1.5    19.8     7.7   330.0
SUMMERSIDE  2004   5  15  136      8.4    19.1    20.5  -999.9     0.6    28.1    12.9   330.0
SUMMERSIDE  2004   5  16  137      6.1     8.3     9.3  -999.9     0.0    19.9     7.7   330.0
SUMMERSIDE  2004   5  17  138      0.0    14.5    24.1  -999.9     0.0     8.9     6.0   330.0
SUMMERSIDE  2004   5  18  139      7.0    16.8    19.8  -999.9     4.1    31.8    10.8   330.0
SUMMERSIDE  2004   5  19  140      9.1    16.4    17.2  -999.9     0.0    17.0    11.2   330.0
SUMMERSIDE  2004   5  20  141      5.3    21.4    25.6  -999.9     0.0    20.8     8.8   330.0
SUMMERSIDE  2004   5  21  142      9.7    16.7    16.9  -999.9     0.0    26.3     9.7   330.0
SUMMERSIDE  2004   5  22  143      1.8    14.6    23.0  -999.9     0.0    11.8     5.7   330.0
SUMMERSIDE  2004   5  23  144      5.9    16.2    20.7  -999.9     0.0    11.3     9.0   330.0
SUMMERSIDE  2004   5  24  145      6.5    11.5    14.4  -999.9     0.0    20.6     6.3   330.0
SUMMERSIDE  2004   5  25  146      5.2     9.4    13.3  -999.9     0.0    17.0     6.5   330.0
SUMMERSIDE  2004   5  26  147      0.7    13.0    22.8  -999.9     0.6    10.5     6.0   330.0
SUMMERSIDE  2004   5  27  148      7.1    12.3    14.9  -999.9     2.2    13.7    10.6   330.0
SUMMERSIDE  2004   5  28  149      8.3    12.8    13.9  -999.9     2.3     7.8    11.4   330.0
SUMMERSIDE  2004   5  29  150      9.0    11.2     9.7  -999.9     5.5    18.0    11.7   330.0
SUMMERSIDE  2004   5  30  151      5.0     7.8    11.0  -999.9     2.3    25.2     8.8   330.0
SUMMERSIDE  2004   5  31  152      4.3    11.6    17.8  -999.9     0.0    22.0     7.5   330.0
SUMMERSIDE  2004   6   1  153      5.3    11.4    16.3  -999.9     0.0    13.5     7.9   330.0
SUMMERSIDE  2004   6   2  154      6.0    15.1    19.9  -999.9     4.7     9.6     9.7   330.0
SUMMERSIDE  2004   6   3  155      7.8    10.3    10.5  -999.9     6.6    13.0    10.9   330.0
SUMMERSIDE  2004   6   4  156      6.0    17.5    22.5  -999.9     0.0    21.1    10.3   330.0
SUMMERSIDE  2004   6   5  157      5.8    14.1    19.1  -999.9     0.0    16.3     8.1   330.0
SUMMERSIDE  2004   6   6  158      6.0    20.9    25.6  -999.9     0.0    16.4     9.4   330.0
SUMMERSIDE  2004   6   7  159      8.2    12.3    13.5  -999.9     2.7    19.0    10.2   330.0
SUMMERSIDE  2004   6   8  160      9.5    16.6    17.7  -999.9     1.3    14.8    13.3   330.0
SUMMERSIDE  2004   6   9  161     11.7    29.8    28.4  -999.9     1.0    21.8    16.3   330.0
SUMMERSIDE  2004   6  10  162     10.0    19.6    20.7  -999.9     0.0    22.6     7.6   330.0
SUMMERSIDE  2004   6  11  163      6.8    15.6    19.8  -999.9     0.0    21.5     6.7   330.0
SUMMERSIDE  2004   6  12  164      9.6    13.3    12.9  -999.9     0.0    20.2     8.6   330.0
SUMMERSIDE  2004   6  13  165      7.7    22.4    25.6  -999.9     0.0    15.2    10.6   330.0
SUMMERSIDE  2004   6  14  166     11.2    21.6    21.6  -999.9     8.0    32.2    11.9   330.0
SUMMERSIDE  2004   6  15  167     13.3    19.9    17.2  -999.9     0.0    28.3    17.2   330.0
SUMMERSIDE  2004   6  16  168     12.8    23.2    21.6  -999.9     0.0    19.6    13.0   330.0
SUMMERSIDE  2004   6  17  169     11.9    24.4    23.7  -999.9     0.0    13.0    11.1   330.0
SUMMERSIDE  2004   6  18  170      7.5    17.9    21.6  -999.9     0.0     9.6     8.4   330.0
SUMMERSIDE  2004   6  19  171     12.2    15.4    12.0  -999.9     6.0    14.6    12.0   330.0
SUMMERSIDE  2004   6  20  172      8.1    15.6    18.4  -999.9     0.7    20.8     9.4   330.0
SUMMERSIDE  2004   6  21  173     10.6    22.2    22.8  -999.9     1.0    17.1    13.2   330.0
SUMMERSIDE  2004   6  22  174     10.3    16.2    16.3  -999.9     6.9    15.1    12.5   330.0
SUMMERSIDE  2004   6  23  175      9.2    13.4    13.7  -999.9     1.3    13.9    12.0   330.0
SUMMERSIDE  2004   6  24  176     10.5    17.0    17.1  -999.9     0.0     5.6    12.9   330.0
SUMMERSIDE  2004   6  25  177     11.8    21.1    20.4  -999.9     9.1    21.9    15.0   330.0
SUMMERSIDE  2004   6  26  178     14.1    17.0    11.4  -999.9    16.5    11.9    16.7   330.0
SUMMERSIDE  2004   6  27  179     13.0    23.3    21.4  -999.9     2.1    12.4    16.1   330.0
SUMMERSIDE  2004   6  28  180     11.2    21.3    21.2  -999.9     0.0    17.5    12.7   330.0
SUMMERSIDE  2004   6  29  181     11.4    21.3    21.0  -999.9     0.0     8.1    13.1   330.0
SUMMERSIDE  2004   6  30  182     12.1    23.0    22.0  -999.9    42.3    11.8    15.8   330.0
SUMMERSIDE  2004   7   1  183     11.3    24.7    24.3  -999.9     0.0    10.0    16.0   330.0
SUMMERSIDE  2004   7   2  184     15.4    20.6    15.1  -999.9     4.4    15.7    17.3   330.0
SUMMERSIDE  2004   7   3  185     15.2    20.1    14.7  -999.9     0.6    14.5    17.4   330.0
SUMMERSIDE  2004   7   4  186     14.7    20.2    15.5  -999.9     0.0     7.0    17.1   330.0
SUMMERSIDE  2004   7   5  187     13.3    23.2    20.8  -999.9     0.9    14.1    17.4   330.0
SUMMERSIDE  2004   7   6  188     14.6    19.4    14.5  -999.9     0.0    17.9    16.9   330.0
SUMMERSIDE  2004   7   7  189     11.4    22.4    21.8  -999.9     0.7     7.2    13.8   330.0
SUMMERSIDE  2004   7   8  190     10.6    24.4    24.4  -999.9     0.7     3.3    13.4   330.0
SUMMERSIDE  2004   7   9  191     15.6    19.9    13.6  -999.9    15.3     3.2    18.2   330.0
SUMMERSIDE  2004   7  10  192     13.8    15.5     8.5  -999.9     2.2     6.3    15.8   330.0
SUMMERSIDE  2004   7  11  193     11.9    17.2    15.0  -999.9     0.7     6.1    14.1   330.0
SUMMERSIDE  2004   7  12  194     11.2    25.6    24.7  -999.9     0.0     3.7    15.5   330.0
SUMMERSIDE  2004   7  13  195     15.4    25.4    20.5  -999.9     0.0     5.1    16.1   330.0
SUMMERSIDE  2004   7  14  196     14.4    24.4    20.5  -999.9     0.7     5.2    15.4   330.0
SUMMERSIDE  2004   7  15  197     14.9    20.3    15.0  -999.9     4.3     6.5    18.0   330.0
SUMMERSIDE  2004   7  16  198     17.7    24.9    17.3  -999.9     0.0    21.9    20.9   330.0
SUMMERSIDE  2004   7  17  199     16.5    25.8    19.6  -999.9     0.0    18.2    20.2   330.0
SUMMERSIDE  2004   7  18  200     16.7    25.2    18.7  -999.9     0.0    10.6    20.9   330.0
SUMMERSIDE  2004   7  19  201     19.1    22.0    10.9  -999.9     7.7    11.8    22.6   330.0
SUMMERSIDE  2004   7  20  202     18.7    25.0    16.0  -999.9     0.0    17.3    23.5   330.0
SUMMERSIDE  2004   7  21  203     17.3    26.1    18.8  -999.9     0.0    17.2    22.7   330.0
SUMMERSIDE  2004   7  22  204     17.3    27.7    20.4  -999.9     0.0    17.8    22.1   330.0
SUMMERSIDE  2004   7  23  205     18.6    28.0    19.3  -999.9     0.6    24.0    23.0   330.0
SUMMERSIDE  2004   7  24  206     16.6    24.1    17.2  -999.9     2.8    18.3    21.4   330.0
SUMMERSIDE  2004   7  25  207     14.6    20.1    14.7  -999.9     0.0     8.3    13.9   330.0
SUMMERSIDE  2004   7  26  208     13.3    23.5    19.9  -999.9     0.0     8.1    14.3   330.0
SUMMERSIDE  2004   7  27  209     16.7    24.0    16.7  -999.9     0.0     9.1    17.5   330.0
SUMMERSIDE  2004   7  28  210     18.0    21.8    12.0  -999.9     1.3    10.3    18.7   330.0
SUMMERSIDE  2004   7  29  211     16.0    24.3    17.7  -999.9     0.6    11.9    20.3   330.0
SUMMERSIDE  2004   7  30  212     17.1    29.1    21.2  -999.9     0.0    17.6    22.8   330.0
SUMMERSIDE  2004   7  31  213     16.8    25.1    17.5  -999.9     0.0    27.1    20.9   330.0
SUMMERSIDE  2004   8   1  214     18.8    24.6    14.6  -999.9     0.0    26.8    23.0   330.0
SUMMERSIDE  2004   8   2  215     17.4    28.0    19.6  -999.9     0.0    11.2    19.2   330.0
SUMMERSIDE  2004   8   3  216     17.7    28.3    19.5  -999.9     0.0    17.8    20.9   330.0
SUMMERSIDE  2004   8   4  217     18.8    25.5    15.5  -999.9     0.0    13.3    18.9   330.0
SUMMERSIDE  2004   8   5  218     14.9    24.1    18.0  -999.9     0.0    11.3    14.7   330.0
SUMMERSIDE  2004   8   6  219     15.7    22.1    15.0  -999.9     3.9     7.9    16.7   330.0
SUMMERSIDE  2004   8   7  220     17.7    19.9     8.7  -999.9     3.4    18.6    19.8   330.0
SUMMERSIDE  2004   8   8  221     14.5    20.4    14.2  -999.9     7.2    15.9    17.1   330.0
SUMMERSIDE  2004   8   9  222     14.4    21.3    15.3  -999.9     0.8    16.0    16.5   330.0
SUMMERSIDE  2004   8  10  223     13.8    26.2    20.4  -999.9     0.0    11.6    17.3   330.0
SUMMERSIDE  2004   8  11  224     17.1    26.3    17.4  -999.9     0.7    21.4    19.0   330.0
SUMMERSIDE  2004   8  12  225     19.4    27.4    16.2  -999.9     0.0    22.1    21.8   330.0
SUMMERSIDE  2004   8  13  226     19.7    27.1    15.4  -999.9     0.0    24.8    21.2   330.0
SUMMERSIDE  2004   8  14  227     21.2    25.8    12.1  -999.9     4.4    22.3    25.4   330.0
SUMMERSIDE  2004   8  15  228     16.6    23.2    14.4  -999.9     0.0     9.8    15.6   330.0
SUMMERSIDE  2004   8  16  229     14.9    22.9    15.7  -999.9     0.0     6.8    14.3   330.0
SUMMERSIDE  2004   8  17  230     16.6    23.4    14.4  -999.9     0.0     7.1    18.1   330.0
SUMMERSIDE  2004   8  18  231     15.9    27.1    18.4  -999.9     0.0    15.5    19.3   330.0
SUMMERSIDE  2004   8  19  232     16.0    25.9    17.2  -999.9     0.0    22.2    18.9   330.0
SUMMERSIDE  2004   8  20  233     19.8    25.4    12.8  -999.9     0.0    21.8    20.7   330.0
SUMMERSIDE  2004   8  21  234     18.8    21.7     9.2  -999.9    33.2    16.9    22.2   330.0
SUMMERSIDE  2004   8  22  235     14.9    20.9    13.1  -999.9     0.6    12.9    14.5   330.0
SUMMERSIDE  2004   8  23  236     13.5    23.8    17.0  -999.9     0.0    16.8    15.2   330.0
SUMMERSIDE  2004   8  24  237     13.0    20.3    14.2  -999.9     0.0    18.0    12.9   330.0
SUMMERSIDE  2004   8  25  238     12.2    18.6    13.2  -999.9     0.0    15.3    12.6   330.0
SUMMERSIDE  2004   8  26  239      9.4    23.0    19.1  -999.9     0.0    11.3    13.2   330.0
SUMMERSIDE  2004   8  27  240     15.2    22.8    14.2  -999.9     0.0    20.3    17.1   330.0
SUMMERSIDE  2004   8  28  241     16.6    26.3    15.9  -999.9     0.0    19.8    21.0   330.0
SUMMERSIDE  2004   8  29  242     16.2    20.3    10.2  -999.9    36.9    13.8    15.3   330.0
SUMMERSIDE  2004   8  30  243     16.9    22.2    11.5  -999.9    18.7    14.2    20.3   330.0
SUMMERSIDE  2004   8  31  244     19.0    23.3    10.3  -999.9    15.3    15.0    23.9   330.0
SUMMERSIDE  2004   9   1  245     15.1    22.2    13.1  -999.9     1.4    16.1    17.2   330.0
SUMMERSIDE  2004   9   2  246     10.4    16.7    12.3  -999.9     0.0    14.7    10.2   330.0
SUMMERSIDE  2004   9   3  247     10.0    15.8    11.7  -999.9    16.9    11.0    11.2   330.0
SUMMERSIDE  2004   9   4  248     12.2    16.5    10.0  -999.9     0.8    24.8    12.8   330.0
SUMMERSIDE  2004   9   5  249      8.9    15.5    12.2  -999.9     0.0    14.6     9.4   330.0
SUMMERSIDE  2004   9   6  250     10.6    19.8    14.3  -999.9     0.0    23.4    11.6   330.0
SUMMERSIDE  2004   9   7  251     13.2    21.7    13.6  -999.9     0.0    28.2    15.1   330.0
SUMMERSIDE  2004   9   8  252     16.7    21.3     9.9  -999.9     0.7    13.8    18.1   330.0
SUMMERSIDE  2004   9   9  253     13.8    21.3    12.5  -999.9     0.0    10.2    17.4   330.0
SUMMERSIDE  2004   9  10  254     15.3    23.5    13.0  -999.9     0.0    29.7    20.0   330.0
SUMMERSIDE  2004   9  11  255     12.9    17.0     9.1  -999.9     0.0    20.4    12.8   330.0
SUMMERSIDE  2004   9  12  256      9.7    21.6    15.3  -999.9     0.0    17.3    13.3   330.0
SUMMERSIDE  2004   9  13  257     11.9    13.6     5.7  -999.9     0.0    21.4     9.9   330.0
SUMMERSIDE  2004   9  14  258      8.6    14.8    10.8  -999.9     0.0    14.2     9.2   330.0
SUMMERSIDE  2004   9  15  259     11.3    21.5    13.8  -999.9     0.0    30.2    12.9   330.0
SUMMERSIDE  2004   9  16  260     13.1    22.0    12.7  -999.9     0.0    25.2    15.9   330.0
SUMMERSIDE  2004   9  17  261     16.4    23.7    11.4  -999.9     0.0    23.7    20.7   330.0
SUMMERSIDE  2004   9  18  262     10.6    13.7     7.4  -999.9     1.2    13.8    12.1   330.0
SUMMERSIDE  2004   9  19  263      9.4    13.8     8.7  -999.9     0.7    36.2    11.2   330.0
SUMMERSIDE  2004   9  20  264      9.1    13.2     8.3  -999.9     0.0    37.1     8.1   330.0
SUMMERSIDE  2004   9  21  265      7.3    11.1     7.9  -999.9     0.0    27.9     7.7   330.0
SUMMERSIDE  2004   9  22  266      3.9    14.9    13.2  -999.9     0.8    16.6     9.0   330.0
SUMMERSIDE  2004   9  23  267     10.6    12.2     5.0  -999.9     0.0    25.8    10.1   330.0
SUMMERSIDE  2004   9  24  268      5.3    19.8    14.9  -999.9     0.0    11.5    11.3   330.0
SUMMERSIDE  2004   9  25  269     12.4    20.3    10.8  -999.9     0.0    23.2    15.3   330.0
SUMMERSIDE  2004   9  26  270     12.3    17.3     8.5  -999.9     0.0    16.6    12.2   330.0
SUMMERSIDE  2004   9  27  271      9.2    21.1    13.0  -999.9     0.0    17.2    12.6   330.0
SUMMERSIDE  2004   9  28  272     12.8    19.1     9.3  -999.9     0.0    26.4    15.0   330.0
SUMMERSIDE  2004   9  29  273      7.3    14.5     9.9  -999.9     0.0     8.5    10.1   330.0
SUMMERSIDE  2004   9  30  274      8.2    15.8    10.0  -999.9     0.0    11.4    10.8   330.0
SUMMERSIDE  2004  10   1  275      6.4    15.7    10.9  -999.9     0.0    10.3    11.5   330.0
SUMMERSIDE  2004  10   2  276      4.6    16.8    12.4  -999.9     0.0    13.3    10.1   330.0
SUMMERSIDE  2004  10   3  277     11.7    14.0     5.3  -999.9     4.6    13.8    13.5   330.0
SUMMERSIDE  2004  10   4  278     13.2    17.6     7.2  -999.9    13.2    21.0    15.3   330.0
SUMMERSIDE  2004  10   5  279      9.5    12.2     5.6  -999.9     0.8    19.0    10.4   330.0
SUMMERSIDE  2004  10   6  280      1.7     9.9     9.6  -999.9     0.0    17.4     6.1   330.0
SUMMERSIDE  2004  10   7  281      5.8    14.1     9.6  -999.9     0.0    13.7     9.1   330.0
SUMMERSIDE  2004  10   8  282     10.2    18.5     9.4  -999.9     0.0    24.2    13.3   330.0
SUMMERSIDE  2004  10   9  283     11.8    18.2     8.2  -999.9     0.7    28.1    13.6   330.0
SUMMERSIDE  2004  10  10  284     13.4    18.4     7.1  -999.9     0.0    20.2    15.8   330.0
SUMMERSIDE  2004  10  11  285     10.9    13.5     5.1  -999.9    26.9    37.2    13.4   330.0
SUMMERSIDE  2004  10  12  286     10.3    16.1     7.5  -999.9     9.9    27.2    14.1   330.0
SUMMERSIDE  2004  10  13  287     10.8    12.1     3.5  -999.9     0.8    20.5    12.7   330.0
SUMMERSIDE  2004  10  14  288      6.4    14.1     8.4  -999.9     0.0     9.3    10.6   330.0
SUMMERSIDE  2004  10  15  289      8.8    17.5     8.8  -999.9     7.8    16.0    14.4   330.0
SUMMERSIDE  2004  10  16  290     13.2    20.3     7.8  -999.9     2.4    23.5    17.4   330.0
SUMMERSIDE  2004  10  17  291     11.2    16.5     6.7  -999.9     9.8    21.8    12.9   330.0
SUMMERSIDE  2004  10  18  292      8.1    13.5     6.6  -999.9     0.0    15.8     9.5   330.0
SUMMERSIDE  2004  10  19  293      3.7    10.2     7.2  -999.9     0.0    11.8     8.1   330.0
SUMMERSIDE  2004  10  20  294      3.2     8.2     6.2  -999.9     0.0    16.2     7.1   330.0
SUMMERSIDE  2004  10  21  295      5.4    10.6     6.3  -999.9     1.5    21.3     8.4   330.0
SUMMERSIDE  2004  10  22  296      6.7     9.7     4.7  -999.9     0.7    18.0     8.5   330.0
SUMMERSIDE  2004  10  23  297      7.5    10.3     4.5  -999.9     0.0    16.6     8.8   330.0
SUMMERSIDE  2004  10  24  298      6.4     9.6     4.7  -999.9     0.0    12.0     8.1   330.0
SUMMERSIDE  2004  10  25  299      7.9    11.8     5.1  -999.9     0.0    14.0    10.3   330.0
SUMMERSIDE  2004  10  26  300      6.3    14.0     7.1  -999.9     0.0     7.2    10.7   330.0
SUMMERSIDE  2004  10  27  301      6.6    11.1     5.3  -999.9     0.0    15.4     9.9   330.0
SUMMERSIDE  2004  10  28  302      5.0    11.9     6.5  -999.9     0.6    31.0     7.4   330.0
SUMMERSIDE  2004  10  29  303     -0.5     5.9     6.2  -999.9     0.0    11.5     5.6   330.0
SUMMERSIDE  2004  10  30  304     -0.8     8.7     7.4  -999.9     3.7    13.2     5.9   330.0
SUMMERSIDE  2004  10  31  305      5.0    13.7     7.0  -999.9     4.1    22.5    10.4   330.0
SUMMERSIDE  2004  11   1  306      5.4     9.3     4.6  -999.9     0.6    32.5     9.3   330.0
SUMMERSIDE  2004  11   2  307      4.3     6.1     3.1  -999.9     5.2    25.9     7.6   330.0
SUMMERSIDE  2004  11   3  308      3.5     6.4     3.9  -999.9     9.8    24.7     7.8   330.0
SUMMERSIDE  2004  11   4  309      2.3     4.8     3.6  -999.9     0.0    24.2     5.1   330.0
SUMMERSIDE  2004  11   5  310      0.5     9.8     6.8  -999.9    10.5    32.1     7.0   330.0
SUMMERSIDE  2004  11   6  311      3.3     8.4     4.9  -999.9     2.3    39.9     6.3   330.0
SUMMERSIDE  2004  11   7  312      1.7     9.1     5.9  -999.9     8.1    24.5     6.2   330.0
SUMMERSIDE  2004  11   8  313      0.1     6.7     5.5  -999.9     2.3    22.7     6.4   330.0
SUMMERSIDE  2004  11   9  314     -2.5     1.2     4.0  -999.9     0.0    19.2     3.7   330.0
SUMMERSIDE  2004  11  10  315     -4.5     1.8     5.2  -999.9     0.0    15.9     3.6   330.0
SUMMERSIDE  2004  11  11  316     -3.1     8.0     6.8  -999.9     0.7    27.8     5.2   330.0
SUMMERSIDE  2004  11  12  317     -2.2     3.1     4.7  -999.9     0.0    15.6     4.4   330.0
SUMMERSIDE  2004  11  13  318     -1.7     2.2     3.9  -999.9    10.6    21.1     5.2   330.0
SUMMERSIDE  2004  11  14  319      0.2     2.9     3.2  -999.9     3.6    37.5     6.2   330.0
SUMMERSIDE  2004  11  15  320      1.6     2.7     2.0  -999.9     0.0    34.5     5.3   330.0
SUMMERSIDE  2004  11  16  321     -0.1     0.6     1.6  -999.9     0.0    39.0     4.4   330.0
SUMMERSIDE  2004  11  17  322     -1.1     1.7     3.2  -999.9     0.0    28.9     4.9   330.0
SUMMERSIDE  2004  11  18  323     -1.5     4.2     4.5  -999.9     0.0    13.6     5.4   330.0
SUMMERSIDE  2004  11  19  324     -0.4     7.4     5.2  -999.9     0.0    18.1     5.9   330.0
SUMMERSIDE  2004  11  20  325      2.8     4.7     2.5  -999.9     0.0    27.2     6.1   330.0
SUMMERSIDE  2004  11  21  326     -0.4     5.9     4.6  -999.9     0.0     8.0     6.5   330.0
SUMMERSIDE  2004  11  22  327      1.6     5.4     3.5  -999.9     0.0    16.2     7.0   330.0
SUMMERSIDE  2004  11  23  328     -0.8     3.0     3.5  -999.9     0.0    15.4     4.6   330.0
SUMMERSIDE  2004  11  24  329     -1.0     8.8     5.5  -999.9     5.5    24.4     6.1   330.0
SUMMERSIDE  2004  11  25  330      4.4    14.3     5.5  -999.9    10.8    31.0    10.8   330.0
SUMMERSIDE  2004  11  26  331     -0.5     1.4     2.4  -999.9     0.0    37.1     4.3   330.0
SUMMERSIDE  2004  11  27  332     -3.6     0.3     3.4  -999.9     0.0    23.6     3.4   330.0
SUMMERSIDE  2004  11  28  333     -4.1     8.6     6.0  -999.9     3.3    16.4     5.1   330.0
SUMMERSIDE  2004  11  29  334      3.1    10.6     4.6  -999.9     0.8    28.1     8.7   330.0
SUMMERSIDE  2004  11  30  335     -0.6     4.2     3.6  -999.9     0.0     8.5     5.6   330.0
SUMMERSIDE  2004  12   1  336     -1.6     7.2     4.9  -999.9    10.0    20.8     6.8   330.0
SUMMERSIDE  2004  12   2  337      0.5     3.2     2.7  -999.9     0.0    45.7     4.6   330.0
SUMMERSIDE  2004  12   3  338     -8.4    -6.3     2.4  -999.9     0.0    19.5     2.2   330.0
SUMMERSIDE  2004  12   4  339     -9.7     2.1     5.5  -999.9     0.0    14.5     3.4   330.0
SUMMERSIDE  2004  12   5  340     -7.4     4.5     5.5  -999.9     0.0    33.0     3.8   330.0
SUMMERSIDE  2004  12   6  341    -11.0    -7.7     2.9  -999.9     0.0    32.5     1.6   330.0
SUMMERSIDE  2004  12   7  342    -12.4    -3.0     4.9  -999.9     1.2    12.5     2.6   330.0
SUMMERSIDE  2004  12   8  343    -10.1     0.6     5.2  -999.9     8.7    14.5     3.9   330.0
SUMMERSIDE  2004  12   9  344     -2.1    -1.3     1.4  -999.9     0.0    22.3     4.7   330.0
SUMMERSIDE  2004  12  10  345     -6.3     0.6     4.1  -999.9     3.2     7.8     4.4   330.0
SUMMERSIDE  2004  12  11  346     -2.6     6.9     4.8  -999.9     9.7    17.0     6.8   330.0
SUMMERSIDE  2004  12  12  347      1.6     4.5     2.6  -999.9     2.4    12.1     7.5   330.0
SUMMERSIDE  2004  12  13  348     -2.1     2.6     3.3  -999.9     8.1    14.8     5.7   330.0
SUMMERSIDE  2004  12  14  349     -1.2    -0.3     1.5  -999.9     0.0    25.9     4.8   330.0
SUMMERSIDE  2004  12  15  350     -7.8    -4.8     2.7  -999.9     0.0    16.7     2.9   330.0
SUMMERSIDE  2004  12  16  351     -8.9     1.6     5.0  -999.9     0.0    14.9     3.5   330.0
SUMMERSIDE  2004  12  17  352     -4.4     5.0     4.7  -999.9     0.9    29.5     5.2   330.0
SUMMERSIDE  2004  12  18  353    -10.0    -1.8     4.4  -999.9     3.9    17.0     2.9   330.0
SUMMERSIDE  2004  12  19  354     -8.6     1.7     4.9  -999.9    24.4    11.0     4.5   330.0
SUMMERSIDE  2004  12  20  355     -0.5     1.4     2.1  -999.9     0.0    15.0     6.1   330.0
SUMMERSIDE  2004  12  21  356     -5.1    -3.9     1.7  -999.9     0.0    26.0     3.9   330.0
SUMMERSIDE  2004  12  22  357     -7.3     2.2     4.7  -999.9     0.0    22.5     3.7   330.0
SUMMERSIDE  2004  12  23  358     -1.1    11.1     5.4  -999.9     3.1    25.6     7.6   330.0
SUMMERSIDE  2004  12  24  359      1.4    10.4     4.6  -999.9     2.6    30.2     7.7   330.0
SUMMERSIDE  2004  12  25  360     -7.9    -6.7     1.7  -999.9     0.0    14.2     2.2   330.0
SUMMERSIDE  2004  12  26  361    -10.3    -5.6     3.4  -999.9     9.2    16.3     2.4   330.0
SUMMERSIDE  2004  12  27  362     -7.4    -5.5     2.1  -999.9     9.4    55.0     3.5   330.0
SUMMERSIDE  2004  12  28  363    -16.2    -4.2     5.4  -999.9     0.7    29.4     2.1   330.0
SUMMERSIDE  2004  12  29  364    -14.9    -3.0     5.4  -999.9     1.1    24.9     2.6   330.0
SUMMERSIDE  2004  12  30  365    -14.1    -7.9     3.9  -999.9     0.0    10.9     2.0   330.0
