SUMMERSIDE_A  1985   1   1    1    -14.0    -8.0     3.9  -999.9     7.0    14.1     2.2   330.0
SUMMERSIDE_A  1985   1   2    2     -8.4    -0.4     4.5  -999.9     2.2    16.2     4.0   330.0
SUMMERSIDE_A  1985   1   3    3    -11.3    -6.9     3.4  -999.9     0.0    23.2     2.4   330.0
SUMMERSIDE_A  1985   1   4    4    -12.7    -5.4     4.3  -999.9     0.0    14.0     2.5   330.0
SUMMERSIDE_A  1985   1   5    5    -11.9    -2.2     5.0  -999.9    11.0    28.8     3.2   330.0
SUMMERSIDE_A  1985   1   6    6    -20.8   -11.8     4.9  -999.9     0.0    43.0     1.4   330.0
SUMMERSIDE_A  1985   1   7    7    -20.3   -11.3     4.9  -999.9     0.0    39.3     1.3   330.0
SUMMERSIDE_A  1985   1   8    8    -18.3   -10.2     4.7  -999.9     0.0    11.3     1.5   330.0
SUMMERSIDE_A  1985   1   9    9    -16.3   -13.6     2.7  -999.9     0.0    30.0     1.4   330.0
SUMMERSIDE_A  1985   1  10   10    -16.0    -7.4     4.9  -999.9     0.0    31.1     1.8   330.0
SUMMERSIDE_A  1985   1  11   11    -18.5   -11.1     4.6  -999.9     0.0    12.0     1.6   330.0
SUMMERSIDE_A  1985   1  12   12    -15.6    -8.0     4.7  -999.9     0.6    15.5     2.0   330.0
SUMMERSIDE_A  1985   1  13   13    -14.9    -7.1     4.8  -999.9     0.0    21.1     2.0   330.0
SUMMERSIDE_A  1985   1  14   14    -14.8    -3.4     5.9  -999.9     3.8    15.0     2.3   330.0
SUMMERSIDE_A  1985   1  15   15     -6.2    -0.4     4.3  -999.9    22.0    32.1     4.5   330.0
SUMMERSIDE_A  1985   1  16   16    -17.1    -4.6     6.3  -999.9     7.0    53.8     2.5   330.0
SUMMERSIDE_A  1985   1  17   17    -19.5   -11.7     5.0  -999.9     0.0    21.3     1.2   330.0
SUMMERSIDE_A  1985   1  18   18    -19.8   -11.1     5.4  -999.9     0.0    12.9     1.3   330.0
SUMMERSIDE_A  1985   1  19   19    -15.6    -5.3     5.9  -999.9     0.0    22.5     1.9   330.0
SUMMERSIDE_A  1985   1  20   20     -7.9    -1.9     4.6  -999.9    10.8    15.0     3.7   330.0
SUMMERSIDE_A  1985   1  21   21    -17.8    -3.5     7.2  -999.9     1.0    41.6     2.4   330.0
SUMMERSIDE_A  1985   1  22   22    -19.3    -8.7     6.2  -999.9     0.0    43.3     1.7   330.0
SUMMERSIDE_A  1985   1  23   23    -10.6    -4.4     4.8  -999.9     0.0    34.8     2.6   330.0
SUMMERSIDE_A  1985   1  24   24    -12.2    -4.1     5.6  -999.9     0.0    17.0     2.4   330.0
SUMMERSIDE_A  1985   1  25   25    -13.2    -4.6     5.8  -999.9     0.0     5.6     2.4   330.0
SUMMERSIDE_A  1985   1  26   26    -13.2    -5.3     5.7  -999.9     3.2    13.9     2.5   330.0
SUMMERSIDE_A  1985   1  27   27    -14.5    -7.2     5.5  -999.9     0.0    22.7     2.0   330.0
SUMMERSIDE_A  1985   1  28   28    -13.2    -3.8     6.3  -999.9     0.0    32.3     2.1   330.0
SUMMERSIDE_A  1985   1  29   29    -11.5    -5.6     5.1  -999.9     0.0    10.3     2.2   330.0
SUMMERSIDE_A  1985   1  30   30    -11.1    -6.1     4.7  -999.9     0.0    13.3     2.3   330.0
SUMMERSIDE_A  1985   1  31   31    -17.1    -6.7     6.9  -999.9     0.0     7.8     1.7   330.0
SUMMERSIDE_A  1985   2   1   32    -18.1    -5.2     7.8  -999.9     0.0     3.8     1.9   330.0
SUMMERSIDE_A  1985   2   2   33     -6.6    -3.2     4.1  -999.9     9.7     7.8     4.0   330.0
SUMMERSIDE_A  1985   2   3   34    -18.6    -5.2     8.2  -999.9     3.4    21.0     2.1   330.0
SUMMERSIDE_A  1985   2   4   35    -21.8   -10.2     7.7  -999.9     0.0    14.8     1.3   330.0
SUMMERSIDE_A  1985   2   5   36    -23.7   -15.3     6.7  -999.9     0.0    19.6     0.8   330.0
SUMMERSIDE_A  1985   2   6   37    -26.1   -15.8     7.5  -999.9     0.0    13.9     0.7   330.0
SUMMERSIDE_A  1985   2   7   38    -21.1   -12.0     7.1  -999.9     0.0    23.2     1.1   330.0
SUMMERSIDE_A  1985   2   8   39    -21.2   -10.4     7.9  -999.9     1.6    21.1     1.2   330.0
SUMMERSIDE_A  1985   2   9   40    -10.5     1.4     8.4  -999.9     2.0    31.7     3.9   330.0
SUMMERSIDE_A  1985   2  10   41     -1.5     1.1     4.0  -999.9     0.6    30.9     5.4   330.0
SUMMERSIDE_A  1985   2  11   42     -9.3     0.2     7.7  -999.9     0.0    17.0     3.5   330.0
SUMMERSIDE_A  1985   2  12   43    -15.1    -2.5     9.0  -999.9     0.0     1.3     2.8   330.0
SUMMERSIDE_A  1985   2  13   44     -4.5     5.1     8.0  -999.9     6.6    27.7     5.4   330.0
SUMMERSIDE_A  1985   2  14   45     -0.6     5.2     6.3  -999.9     0.8    22.6     6.6   330.0
SUMMERSIDE_A  1985   2  15   46     -1.5     3.6     6.0  -999.9     3.8    16.1     5.3   330.0
SUMMERSIDE_A  1985   2  16   47     -5.6     1.8     7.3  -999.9     0.4    14.7     4.9   330.0
SUMMERSIDE_A  1985   2  17   48     -8.9     1.4     8.8  -999.9     0.0    17.2     3.4   330.0
SUMMERSIDE_A  1985   2  18   49     -7.0     0.0     7.3  -999.9     0.0    17.7     3.8   330.0
SUMMERSIDE_A  1985   2  19   50    -12.0    -1.0     9.3  -999.9     0.4    20.4     2.8   330.0
SUMMERSIDE_A  1985   2  20   51    -11.2    -2.9     8.2  -999.9     0.0     8.4     2.9   330.0
SUMMERSIDE_A  1985   2  21   52    -13.4    -7.2     7.2  -999.9     0.0    12.6     2.1   330.0
SUMMERSIDE_A  1985   2  22   53    -11.2     3.1    11.1  -999.9     0.6    23.8     3.8   330.0
SUMMERSIDE_A  1985   2  23   54     -0.5     4.7     6.8  -999.9     0.0    11.5     5.9   330.0
SUMMERSIDE_A  1985   2  24   55     -4.4     0.2     6.5  -999.9     9.8    20.0     4.6   330.0
SUMMERSIDE_A  1985   2  25   56    -14.7    -2.6    10.6  -999.9    10.0    28.9     2.9   330.0
SUMMERSIDE_A  1985   2  26   57    -13.7    -1.1    11.0  -999.9     0.0    19.3     2.9   330.0
SUMMERSIDE_A  1985   2  27   58     -4.1     2.1     7.8  -999.9     9.6    20.8     5.4   330.0
SUMMERSIDE_A  1985   2  28   59    -13.4    -3.6    10.0  -999.9     1.0    25.5     2.6   330.0
SUMMERSIDE_A  1985   3   1   60    -12.4     2.8    12.6  -999.9     0.4    25.8     3.5   330.0
SUMMERSIDE_A  1985   3   2   61      0.3     4.9     7.0  -999.9    10.4    22.2     6.4   330.0
SUMMERSIDE_A  1985   3   3   62    -15.7     1.6    13.8  -999.9     0.0    39.2     2.5   330.0
SUMMERSIDE_A  1985   3   4   63    -19.1    -9.8    10.2  -999.9     0.0    27.8     1.2   330.0
SUMMERSIDE_A  1985   3   5   64    -13.6   -10.0     6.5  -999.9    11.8    20.3     2.0   330.0
SUMMERSIDE_A  1985   3   6   65    -16.7   -10.9     8.3  -999.9     0.2    16.4     1.6   330.0
SUMMERSIDE_A  1985   3   7   66    -16.7    -5.8    11.5  -999.9     0.0    10.4     1.7   330.0
SUMMERSIDE_A  1985   3   8   67     -6.7     1.0     9.8  -999.9     2.6    25.6     4.4   330.0
SUMMERSIDE_A  1985   3   9   68     -7.7     1.9    11.1  -999.9     0.0    10.9     4.0   330.0
SUMMERSIDE_A  1985   3  10   69     -3.6     3.4     9.6  -999.9     0.0     6.5     4.6   330.0
SUMMERSIDE_A  1985   3  11   70     -4.6     5.4    11.6  -999.9     0.0    11.4     4.8   330.0
SUMMERSIDE_A  1985   3  12   71     -2.3     3.6     9.0  -999.9    13.6    29.3     5.3   330.0
SUMMERSIDE_A  1985   3  13   72     -0.3     5.9     9.4  -999.9     4.8    25.7     6.9   330.0
SUMMERSIDE_A  1985   3  14   73     -0.4     2.3     6.3  -999.9     0.6     8.4     6.3   330.0
SUMMERSIDE_A  1985   3  15   74     -6.2     3.8    12.2  -999.9     0.0    36.3     3.8   330.0
SUMMERSIDE_A  1985   3  16   75    -10.1    -0.6    12.0  -999.9     0.0    34.9     2.5   330.0
SUMMERSIDE_A  1985   3  17   76     -8.8     1.8    12.9  -999.9     1.2    16.2     2.4   330.0
SUMMERSIDE_A  1985   3  18   77     -9.3    -4.0     9.2  -999.9     0.2    35.5     2.8   330.0
SUMMERSIDE_A  1985   3  19   78    -11.4    -5.4     9.9  -999.9     0.0    19.2     2.3   330.0
SUMMERSIDE_A  1985   3  20   79    -10.1     4.5    15.6  -999.9     0.4    22.8     3.9   330.0
SUMMERSIDE_A  1985   3  21   80    -11.5    -2.3    12.5  -999.9     2.4    32.5     2.9   330.0
SUMMERSIDE_A  1985   3  22   81     -9.8     0.1    13.2  -999.9     0.0    28.9     2.5   330.0
SUMMERSIDE_A  1985   3  23   82     -5.5     4.0    13.0  -999.9     0.0    17.0     3.3   330.0
SUMMERSIDE_A  1985   3  24   83     -6.5     2.5    12.8  -999.9     0.0    17.2     3.4   330.0
SUMMERSIDE_A  1985   3  25   84     -8.1    -2.7    10.0  -999.9     0.0    10.7     3.2   330.0
SUMMERSIDE_A  1985   3  26   85     -8.9    -4.7     8.9  -999.9     0.7    17.0     2.8   330.0
SUMMERSIDE_A  1985   3  27   86     -7.6     7.1    16.9  -999.9     0.0    24.1     3.6   330.0
SUMMERSIDE_A  1985   3  28   87     -3.6     6.4    14.1  -999.9     0.0     7.3     4.4   330.0
SUMMERSIDE_A  1985   3  29   88     -0.8     5.3    11.1  -999.9     0.0     9.2     5.8   330.0
SUMMERSIDE_A  1985   3  30   89     -0.2     4.1     9.4  -999.9     2.0    28.7     5.8   330.0
SUMMERSIDE_A  1985   3  31   90     -5.8    -0.1    11.0  -999.9     0.0    25.8     3.3   330.0
SUMMERSIDE_A  1985   4   1   91     -5.1    -1.1     9.3  -999.9     2.4    10.8     3.9   330.0
SUMMERSIDE_A  1985   4   2   92     -3.2     0.1     8.5  -999.9     4.0    15.5     5.0   330.0
SUMMERSIDE_A  1985   4   3   93     -2.6     3.4    11.6  -999.9     0.4     9.8     5.4   330.0
SUMMERSIDE_A  1985   4   4   94     -0.8     2.8     9.1  -999.9     1.8    17.5     6.2   330.0
SUMMERSIDE_A  1985   4   5   95     -1.3     2.4     9.3  -999.9     0.6     7.8     5.8   330.0
SUMMERSIDE_A  1985   4   6   96      0.4    10.6    15.5  -999.9     3.8    28.0     8.7   330.0
SUMMERSIDE_A  1985   4   7   97      0.7    10.7    15.5  -999.9     0.0    36.1     7.1   330.0
SUMMERSIDE_A  1985   4   8   98     -2.3     4.1    12.5  -999.9     4.0    10.6     5.8   330.0
SUMMERSIDE_A  1985   4   9   99     -8.2     0.1    14.4  -999.9     3.8    10.6     3.6   330.0
SUMMERSIDE_A  1985   4  10  100     -6.9     0.6    13.8  -999.9     0.0    10.6     3.5   330.0
SUMMERSIDE_A  1985   4  11  101     -2.7     4.7    13.8  -999.9     0.2    28.6     5.1   330.0
SUMMERSIDE_A  1985   4  12  102     -4.9     1.9    13.3  -999.9     0.0    29.5     3.2   330.0
SUMMERSIDE_A  1985   4  13  103     -6.8    -1.2    12.2  -999.9     0.0    35.2     2.5   330.0
SUMMERSIDE_A  1985   4  14  104     -7.7     2.1    16.3  -999.9     2.2    15.1     2.8   330.0
SUMMERSIDE_A  1985   4  15  105     -0.7     7.3    14.8  -999.9     6.0    27.6     7.5   330.0
SUMMERSIDE_A  1985   4  16  106      6.0    18.4    18.6  -999.9     0.8    26.6    12.8   330.0
SUMMERSIDE_A  1985   4  17  107     -5.5     9.7    20.7  -999.9     0.2    46.7     5.0   330.0
SUMMERSIDE_A  1985   4  18  108     -6.5     5.8    18.8  -999.9     0.0    38.8     2.6   330.0
SUMMERSIDE_A  1985   4  19  109     -2.3     9.4    18.5  -999.9     0.0    15.9     4.3   330.0
SUMMERSIDE_A  1985   4  20  110     -1.8    10.0    18.7  -999.9     0.0    13.2     5.3   330.0
SUMMERSIDE_A  1985   4  21  111     -2.0     4.5    14.0  -999.9     0.0    16.5     4.4   330.0
SUMMERSIDE_A  1985   4  22  112     -1.5     5.6    14.7  -999.9     0.0    15.9     4.2   330.0
SUMMERSIDE_A  1985   4  23  113     -1.3     6.8    15.8  -999.9     0.0    28.5     5.2   330.0
SUMMERSIDE_A  1985   4  24  114      0.1     5.1    12.5  -999.9     0.0    21.8     5.3   330.0
SUMMERSIDE_A  1985   4  25  115     -0.2     7.7    15.8  -999.9     0.0    14.9     6.1   330.0
SUMMERSIDE_A  1985   4  26  116      0.8    16.9    22.7  -999.9     0.0    16.9     7.4   330.0
SUMMERSIDE_A  1985   4  27  117      1.3    10.4    17.2  -999.9     0.0    10.1     7.2   330.0
SUMMERSIDE_A  1985   4  28  118      2.0     5.6    10.9  -999.9     0.0    27.0     6.7   330.0
SUMMERSIDE_A  1985   4  29  119      0.3     6.0    13.8  -999.9     0.0    27.0     6.0   330.0
SUMMERSIDE_A  1985   4  30  120      0.5    12.5    20.1  -999.9     0.0    17.9     7.4   330.0
SUMMERSIDE_A  1985   5   1  121      2.4    14.9    20.6  -999.9     0.4    23.8     7.3   330.0
SUMMERSIDE_A  1985   5   2  122      1.9    15.7    21.8  -999.9     0.0    15.5     6.7   330.0
SUMMERSIDE_A  1985   5   3  123      0.5    10.0    18.2  -999.9     8.2    15.5     6.8   330.0
SUMMERSIDE_A  1985   5   4  124      0.1     6.7    15.2  -999.9     5.0    34.9     6.6   330.0
SUMMERSIDE_A  1985   5   5  125      0.4    12.5    20.7  -999.9     0.0    10.8     6.3   330.0
SUMMERSIDE_A  1985   5   6  126     -0.1    12.6    21.4  -999.9     0.0    11.6     6.7   330.0
SUMMERSIDE_A  1985   5   7  127      0.2     5.2    13.5  -999.9    14.2    21.4     6.6   330.0
SUMMERSIDE_A  1985   5   8  128      0.0     2.5     9.6  -999.9     5.8     9.2     6.2   330.0
SUMMERSIDE_A  1985   5   9  129      0.0     8.9    18.1  -999.9     0.0    19.0     6.1   330.0
SUMMERSIDE_A  1985   5  10  130      4.8     9.7    13.5  -999.9     8.4    34.3     8.9   330.0
SUMMERSIDE_A  1985   5  11  131      1.2    12.6    20.7  -999.9     0.0    18.2     7.0   330.0
SUMMERSIDE_A  1985   5  12  132      0.6     5.3    13.4  -999.9     5.6     8.1     4.8   330.0
SUMMERSIDE_A  1985   5  13  133      0.9     7.4    15.8  -999.9     8.0    19.0     7.3   330.0
SUMMERSIDE_A  1985   5  14  134     -0.8     6.3    16.6  -999.9     1.0    22.9     6.2   330.0
SUMMERSIDE_A  1985   5  15  135     -0.4     9.4    19.5  -999.9     0.0    14.8     6.9   330.0
SUMMERSIDE_A  1985   5  16  136      2.8    18.0    24.4  -999.9     0.0    19.5     9.2   330.0
SUMMERSIDE_A  1985   5  17  137      8.3    18.1    19.7  -999.9     0.0    22.6    12.1   330.0
SUMMERSIDE_A  1985   5  18  138      8.4    18.5    20.1  -999.9     3.8    16.7    13.6   330.0
SUMMERSIDE_A  1985   5  19  139      8.3    17.4    19.1  -999.9     0.2    25.9    10.4   330.0
SUMMERSIDE_A  1985   5  20  140      8.4    19.6    21.3  -999.9     0.0    15.5     8.6   330.0
SUMMERSIDE_A  1985   5  21  141     10.6    18.7    18.2  -999.9     0.0    29.5    12.8   330.0
SUMMERSIDE_A  1985   5  22  142      5.5    12.5    16.9  -999.9    27.8    18.1    11.0   330.0
SUMMERSIDE_A  1985   5  23  143      5.5    19.4    23.9  -999.9     0.0    11.1     9.2   330.0
SUMMERSIDE_A  1985   5  24  144      9.3    17.6    18.6  -999.9     0.0    13.3    10.2   330.0
SUMMERSIDE_A  1985   5  25  145      9.0    22.0    23.3  -999.9     0.0    20.7    10.6   330.0
SUMMERSIDE_A  1985   5  26  146      5.7    13.4    18.0  -999.9     8.0     8.4     9.3   330.0
SUMMERSIDE_A  1985   5  27  147      5.4    15.1    20.2  -999.9     5.2    15.1    10.2   330.0
SUMMERSIDE_A  1985   5  28  148      6.0    13.2    17.5  -999.9     1.2    11.2    10.7   330.0
SUMMERSIDE_A  1985   5  29  149      5.0    15.2    20.9  -999.9     0.0    13.9     8.8   330.0
SUMMERSIDE_A  1985   5  30  150      8.9    24.7    26.0  -999.9     0.0    21.7    12.5   330.0
SUMMERSIDE_A  1985   5  31  151      9.4    18.4    19.7  -999.9     0.0    27.8    10.9   330.0
SUMMERSIDE_A  1985   6   1  152     11.5    16.7    15.0  -999.9     4.4    31.2    14.7   330.0
SUMMERSIDE_A  1985   6   2  153     11.0    24.2    23.9  -999.9     0.2    22.1    15.1   330.0
SUMMERSIDE_A  1985   6   3  154     11.6    21.2    20.4  -999.9     0.0    24.5    14.5   330.0
SUMMERSIDE_A  1985   6   4  155      8.7    15.8    17.6  -999.9     0.0    14.8    10.5   330.0
SUMMERSIDE_A  1985   6   5  156      8.7    16.8    18.8  -999.9     0.0    10.9     9.5   330.0
SUMMERSIDE_A  1985   6   6  157      7.4    11.4    13.3  -999.9    47.4    35.4    10.7   330.0
SUMMERSIDE_A  1985   6   7  158      6.7     9.4    10.9  -999.9     7.2    38.2    10.3   330.0
SUMMERSIDE_A  1985   6   8  159      6.7    21.3    25.4  -999.9     0.0    17.6    11.3   330.0
SUMMERSIDE_A  1985   6   9  160     10.4    21.5    22.2  -999.9     0.0    11.2    13.0   330.0
SUMMERSIDE_A  1985   6  10  161     10.0    15.8    16.1  -999.9     3.4     9.8    13.8   330.0
SUMMERSIDE_A  1985   6  11  162     10.7    18.8    19.0  -999.9     0.0    25.2    10.4   330.0
SUMMERSIDE_A  1985   6  12  163      9.9    14.7    14.6  -999.9     0.2     9.2    10.1   330.0
SUMMERSIDE_A  1985   6  13  164      7.9    12.2    13.9  -999.9     1.0    13.3    10.2   330.0
SUMMERSIDE_A  1985   6  14  165      7.6    15.5    18.8  -999.9     0.4    14.0    11.2   330.0
SUMMERSIDE_A  1985   6  15  166      9.5    20.3    22.0  -999.9     2.0    20.6    13.5   330.0
SUMMERSIDE_A  1985   6  16  167     10.6    22.7    23.3  -999.9     0.0    20.3    13.4   330.0
SUMMERSIDE_A  1985   6  17  168     10.3    13.7    12.4  -999.9    13.0    16.2    13.3   330.0
SUMMERSIDE_A  1985   6  18  169     10.7    17.1    17.0  -999.9     3.6    13.6    14.0   330.0
SUMMERSIDE_A  1985   6  19  170     11.4    19.3    18.8  -999.9     2.0    23.6    16.1   330.0
SUMMERSIDE_A  1985   6  20  171     10.8    21.1    21.5  -999.9     0.0    20.0    14.1   330.0
SUMMERSIDE_A  1985   6  21  172     11.6    22.5    22.1  -999.9     7.6     9.7    15.2   330.0
SUMMERSIDE_A  1985   6  22  173      6.3    12.9    17.2  -999.9     0.0    13.4    10.5   330.0
SUMMERSIDE_A  1985   6  23  174      6.4    21.8    26.3  -999.9     0.0    19.1    13.0   330.0
SUMMERSIDE_A  1985   6  24  175     12.1    22.1    21.2  -999.9     7.6    31.7    15.3   330.0
SUMMERSIDE_A  1985   6  25  176     10.9    17.8    17.6  -999.9     5.8    32.1    14.8   330.0
SUMMERSIDE_A  1985   6  26  177      8.9    13.7    14.7  -999.9     0.6    25.2    11.5   330.0
SUMMERSIDE_A  1985   6  27  178     10.3    16.2    16.2  -999.9     0.0    24.3    11.5   330.0
SUMMERSIDE_A  1985   6  28  179     11.0    21.6    21.7  -999.9     5.0    11.4    16.2   330.0
SUMMERSIDE_A  1985   6  29  180     11.7    14.9    11.9  -999.9    17.8    11.7    14.8   330.0
SUMMERSIDE_A  1985   6  30  181     12.2    20.0    18.6  -999.9     0.0     6.7    15.4   330.0
SUMMERSIDE_A  1985   7   1  182     12.8    28.6    26.5  -999.9     0.0    15.5    16.2   330.0
SUMMERSIDE_A  1985   7   2  183     13.1    23.2    21.1  -999.9     0.0    20.3    14.5   330.0
SUMMERSIDE_A  1985   7   3  184     13.1    23.7    21.6  -999.9     0.0    22.0    17.2   330.0
SUMMERSIDE_A  1985   7   4  185     14.0    25.7    22.7  -999.9     0.0    18.4    18.5   330.0
SUMMERSIDE_A  1985   7   5  186     14.5    29.3    25.5  -999.9     0.0    14.1    18.0   330.0
SUMMERSIDE_A  1985   7   6  187     14.6    26.6    22.9  -999.9     0.0    21.9    19.1   330.0
SUMMERSIDE_A  1985   7   7  188     17.4    21.0    12.5  -999.9     2.1    16.8    20.6   330.0
SUMMERSIDE_A  1985   7   8  189     15.4    24.1    19.4  -999.9     0.2    10.8    21.1   330.0
SUMMERSIDE_A  1985   7   9  190     15.1    22.8    18.2  -999.9     0.2     9.4    18.7   330.0
SUMMERSIDE_A  1985   7  10  191     15.5    26.8    22.1  -999.9     0.0    16.2    18.7   330.0
SUMMERSIDE_A  1985   7  11  192     15.2    24.0    19.4  -999.9     0.8    21.4    19.3   330.0
SUMMERSIDE_A  1985   7  12  193     12.9    24.8    22.5  -999.9     0.0    10.1    13.3   330.0
SUMMERSIDE_A  1985   7  13  194     15.5    23.1    18.0  -999.9     0.0    14.7    17.0   330.0
SUMMERSIDE_A  1985   7  14  195     15.5    25.4    20.4  -999.9     1.8    24.7    18.6   330.0
SUMMERSIDE_A  1985   7  15  196     17.8    25.4    17.9  -999.9     0.0    17.7    22.5   330.0
SUMMERSIDE_A  1985   7  16  197     19.0    24.6    15.3  -999.9     2.0    29.6    23.1   330.0
SUMMERSIDE_A  1985   7  17  198     16.4    24.0    17.8  -999.9     1.0    15.9    21.1   330.0
SUMMERSIDE_A  1985   7  18  199     12.1    17.4    14.8  -999.9     0.0    19.5    15.7   330.0
SUMMERSIDE_A  1985   7  19  200     11.0    25.1    24.1  -999.9     0.0    18.6    16.7   330.0
SUMMERSIDE_A  1985   7  20  201     16.1    22.6    16.3  -999.9     1.2    14.3    18.1   330.0
SUMMERSIDE_A  1985   7  21  202     15.7    27.7    22.0  -999.9     0.0    11.8    17.8   330.0
SUMMERSIDE_A  1985   7  22  203     17.0    24.7    17.6  -999.9     0.0    16.4    18.4   330.0
SUMMERSIDE_A  1985   7  23  204     12.8    23.8    21.0  -999.9     0.0    18.2    13.1   330.0
SUMMERSIDE_A  1985   7  24  205     11.6    25.0    23.1  -999.9     0.0    15.9    13.3   330.0
SUMMERSIDE_A  1985   7  25  206     15.4    25.1    19.5  -999.9     0.0    29.7    16.6   330.0
SUMMERSIDE_A  1985   7  26  207     16.4    26.5    19.9  -999.9     0.0    34.5    20.6   330.0
SUMMERSIDE_A  1985   7  27  208     13.0    26.1    22.5  -999.9     1.4    20.4    15.0   330.0
SUMMERSIDE_A  1985   7  28  209     12.3    22.8    20.1  -999.9     0.0    14.4    12.2   330.0
SUMMERSIDE_A  1985   7  29  210     14.4    25.6    20.7  -999.9     0.0    22.2    15.3   330.0
SUMMERSIDE_A  1985   7  30  211     13.7    24.1    19.8  -999.9     0.0    13.3    16.3   330.0
SUMMERSIDE_A  1985   7  31  212     12.6    24.5    21.1  -999.9     0.0     7.4    12.7   330.0
SUMMERSIDE_A  1985   8   1  213     12.4    18.4    14.9  -999.9    38.5    11.5    14.9   330.0
SUMMERSIDE_A  1985   8   2  214     12.4    21.8    18.6  -999.9     2.0    13.7    13.3   330.0
SUMMERSIDE_A  1985   8   3  215     13.3    25.0    20.6  -999.9     0.0    10.9    15.4   330.0
SUMMERSIDE_A  1985   8   4  216     15.7    28.8    21.7  -999.9     0.0    12.5    18.0   330.0
SUMMERSIDE_A  1985   8   5  217     16.8    29.5    21.3  -999.9     0.0    10.6    19.8   330.0
SUMMERSIDE_A  1985   8   6  218     17.0    29.3    20.8  -999.9     0.0    10.9    20.1   330.0
SUMMERSIDE_A  1985   8   7  219     15.6    26.6    19.6  -999.9     0.0    15.1    17.9   330.0
SUMMERSIDE_A  1985   8   8  220     15.1    25.4    18.9  -999.9     4.0    20.8    20.0   330.0
SUMMERSIDE_A  1985   8   9  221     16.7    24.2    16.0  -999.9     0.0    12.1    19.5   330.0
SUMMERSIDE_A  1985   8  10  222     16.0    22.8    15.2  -999.9     0.0     8.5    18.9   330.0
SUMMERSIDE_A  1985   8  11  223     15.0    24.9    18.2  -999.9     0.0    11.5    18.6   330.0
SUMMERSIDE_A  1985   8  12  224     13.0    22.2    17.4  -999.9     6.2    12.6    16.8   330.0
SUMMERSIDE_A  1985   8  13  225     11.7    20.9    17.3  -999.9     0.0    13.0    11.9   330.0
SUMMERSIDE_A  1985   8  14  226     11.2    22.0    18.7  -999.9     0.0     6.9    12.7   330.0
SUMMERSIDE_A  1985   8  15  227     17.4    24.9    15.5  -999.9     0.4    13.0    19.7   330.0
SUMMERSIDE_A  1985   8  16  228     16.7    20.5    10.9  -999.9     6.6     7.8    18.8   330.0
SUMMERSIDE_A  1985   8  17  229     13.6    23.2    17.3  -999.9     0.0     7.6    14.9   330.0
SUMMERSIDE_A  1985   8  18  230     10.4    20.8    17.8  -999.9     0.0     7.5    12.5   330.0
SUMMERSIDE_A  1985   8  19  231     13.4    23.3    17.3  -999.9     0.0    12.6    14.3   330.0
SUMMERSIDE_A  1985   8  20  232     14.4    21.5    14.5  -999.9     1.6    12.7    18.5   330.0
SUMMERSIDE_A  1985   8  21  233     14.9    25.0    17.2  -999.9     0.0     9.8    17.6   330.0
SUMMERSIDE_A  1985   8  22  234     14.9    21.2    13.5  -999.9     0.0    10.8    15.7   330.0
SUMMERSIDE_A  1985   8  23  235     12.4    18.9    13.6  -999.9    31.2     8.9    15.9   330.0
SUMMERSIDE_A  1985   8  24  236     12.2    24.0    18.2  -999.9     2.4     5.7    16.4   330.0
SUMMERSIDE_A  1985   8  25  237     13.1    23.6    17.1  -999.9     0.0     7.4    17.0   330.0
SUMMERSIDE_A  1985   8  26  238     15.2    19.6    11.0  -999.9     0.0     7.2    16.6   330.0
SUMMERSIDE_A  1985   8  27  239     16.0    20.1    10.5  -999.9    10.4     8.9    19.4   330.0
SUMMERSIDE_A  1985   8  28  240     14.6    23.3    15.2  -999.9     1.0    13.3    18.4   330.0
SUMMERSIDE_A  1985   8  29  241      9.2    16.5    13.8  -999.9     1.8    17.2    11.2   330.0
SUMMERSIDE_A  1985   8  30  242      8.8    18.1    15.4  -999.9     0.0     9.5     9.8   330.0
SUMMERSIDE_A  1985   8  31  243     11.2    15.2    10.0  -999.9     4.0    13.4    11.8   330.0
SUMMERSIDE_A  1985   9   1  244      9.8    18.1    14.3  -999.9     0.0    29.1    11.3   330.0
SUMMERSIDE_A  1985   9   2  245      9.5    17.7    14.1  -999.9     1.2    14.1    12.7   330.0
SUMMERSIDE_A  1985   9   3  246     12.6    18.5    11.9  -999.9     0.2    11.9    14.0   330.0
SUMMERSIDE_A  1985   9   4  247     11.2    15.3     9.8  -999.9     3.8    10.8    13.7   330.0
SUMMERSIDE_A  1985   9   5  248     11.4    17.7    12.1  -999.9     0.4     6.8    14.5   330.0
SUMMERSIDE_A  1985   9   6  249     12.5    17.9    11.1  -999.9     0.0     5.2    13.2   330.0
SUMMERSIDE_A  1985   9   7  250     13.7    21.0    12.7  -999.9     0.2    12.4    15.3   330.0
SUMMERSIDE_A  1985   9   8  251     10.0    20.4    15.1  -999.9     0.0    18.3    11.3   330.0
SUMMERSIDE_A  1985   9   9  252      8.8    18.9    14.7  -999.9     0.0    11.0    10.2   330.0
SUMMERSIDE_A  1985   9  10  253      8.6    16.4    12.8  -999.9     4.6     4.1    10.4   330.0
SUMMERSIDE_A  1985   9  11  254      7.7    13.5    10.9  -999.9     8.0    15.4    10.6   330.0
SUMMERSIDE_A  1985   9  12  255      6.0    15.6    13.9  -999.9     0.0    10.5     9.3   330.0
SUMMERSIDE_A  1985   9  13  256      6.7    15.0    12.8  -999.9     0.0     3.9     9.7   330.0
SUMMERSIDE_A  1985   9  14  257      6.5    17.6    14.7  -999.9     0.0     8.4     9.5   330.0
SUMMERSIDE_A  1985   9  15  258     10.4    18.0    12.0  -999.9     0.0     8.0    11.6   330.0
SUMMERSIDE_A  1985   9  16  259     10.7    20.8    13.7  -999.9     0.0     3.6    13.1   330.0
SUMMERSIDE_A  1985   9  17  260     11.1    22.3    14.3  -999.9     0.0    12.5    13.1   330.0
SUMMERSIDE_A  1985   9  18  261     11.6    22.3    13.8  -999.9     0.0    22.2    13.7   330.0
SUMMERSIDE_A  1985   9  19  262     14.0    25.7    14.3  -999.9     0.0    18.4    17.6   330.0
SUMMERSIDE_A  1985   9  20  263     15.9    28.9    14.9  -999.9     0.0    24.7    20.5   330.0
SUMMERSIDE_A  1985   9  21  264     11.2    23.6    14.4  -999.9     0.0    30.3    12.3   330.0
SUMMERSIDE_A  1985   9  22  265      7.9    16.5    11.8  -999.9     0.0    13.2     7.8   330.0
SUMMERSIDE_A  1985   9  23  266      8.7    18.4    12.4  -999.9     0.0     9.4     9.2   330.0
SUMMERSIDE_A  1985   9  24  267     11.2    21.9    12.9  -999.9     0.0    15.7    11.8   330.0
SUMMERSIDE_A  1985   9  25  268     14.4    23.5    11.8  -999.9     4.0    19.1    18.9   330.0
SUMMERSIDE_A  1985   9  26  269     11.9    20.0    11.0  -999.9     0.4    11.5    15.9   330.0
SUMMERSIDE_A  1985   9  27  270     13.8    22.0    10.9  -999.9     0.2    21.6    17.5   330.0
SUMMERSIDE_A  1985   9  28  271     14.0    22.1    10.7  -999.9     0.6    36.8    15.8   330.0
SUMMERSIDE_A  1985   9  29  272     12.3    22.2    11.7  -999.9     0.0    19.6    12.5   330.0
SUMMERSIDE_A  1985   9  30  273     13.0    22.7    11.4  -999.9     0.0    15.6    14.6   330.0
SUMMERSIDE_A  1985  10   1  274     12.1    14.1     5.1  -999.9     0.0    14.4    12.8   330.0
SUMMERSIDE_A  1985  10   2  275     13.3    21.3    10.1  -999.9     1.2    19.6    16.3   330.0
SUMMERSIDE_A  1985  10   3  276      8.3    15.2     9.3  -999.9     0.2    11.1     9.7   330.0
SUMMERSIDE_A  1985  10   4  277      8.1    15.2     9.3  -999.9     0.0     9.6     8.9   330.0
SUMMERSIDE_A  1985  10   5  278      7.7    17.5    10.8  -999.9     2.6    25.8    10.2   330.0
SUMMERSIDE_A  1985  10   6  279     10.2    18.7     9.9  -999.9     1.0    26.2    12.5   330.0
SUMMERSIDE_A  1985  10   7  280      5.7    16.4    11.0  -999.9     0.0    20.8     8.1   330.0
SUMMERSIDE_A  1985  10   8  281      4.5    14.1    10.3  -999.9     0.0    16.0     6.6   330.0
SUMMERSIDE_A  1985  10   9  282     11.3    15.5     6.7  -999.9     1.0    26.8    12.0   330.0
SUMMERSIDE_A  1985  10  10  283      6.4    14.2     9.0  -999.9    17.0    14.5    10.6   330.0
SUMMERSIDE_A  1985  10  11  284      1.8     8.1     8.0  -999.9    11.0    29.3     7.2   330.0
SUMMERSIDE_A  1985  10  12  285      2.8     6.2     5.8  -999.9     0.0    23.0     5.2   330.0
SUMMERSIDE_A  1985  10  13  286      2.1     7.2     7.0  -999.9     0.0     5.5     5.3   330.0
SUMMERSIDE_A  1985  10  14  287      3.9    10.2     7.7  -999.9     0.0    13.2     7.2   330.0
SUMMERSIDE_A  1985  10  15  288      9.0    14.7     7.2  -999.9    23.1    16.2    13.1   330.0
SUMMERSIDE_A  1985  10  16  289      5.2    17.0    10.2  -999.9     0.0    26.8     9.1   330.0
SUMMERSIDE_A  1985  10  17  290      1.3     9.2     8.3  -999.9     0.0    31.7     4.5   330.0
SUMMERSIDE_A  1985  10  18  291     -1.4    10.9    10.2  -999.9     0.0    22.0     5.7   330.0
SUMMERSIDE_A  1985  10  19  292      5.1    15.1     9.0  -999.9     1.8    18.7    10.1   330.0
SUMMERSIDE_A  1985  10  20  293      2.4     8.3     6.9  -999.9     1.4    27.9     6.6   330.0
SUMMERSIDE_A  1985  10  21  294      0.6     7.0     7.0  -999.9     1.0    13.4     5.9   330.0
SUMMERSIDE_A  1985  10  22  295      1.8    14.1     9.6  -999.9     0.0    23.9     6.2   330.0
SUMMERSIDE_A  1985  10  23  296      2.1    11.1     8.1  -999.9     0.0     6.0     7.7   330.0
SUMMERSIDE_A  1985  10  24  297      5.4    16.2     8.8  -999.9     0.0    21.5     9.6   330.0
SUMMERSIDE_A  1985  10  25  298      6.6    15.4     7.8  -999.9     0.6    29.7    10.0   330.0
SUMMERSIDE_A  1985  10  26  299      3.5     9.8     6.5  -999.9     0.0    36.8     5.6   330.0
SUMMERSIDE_A  1985  10  27  300      1.6    12.6     8.5  -999.9     4.6    22.5     6.4   330.0
SUMMERSIDE_A  1985  10  28  301     -0.2     7.2     6.9  -999.9     1.8    30.2     5.7   330.0
SUMMERSIDE_A  1985  10  29  302     -1.0     1.6     4.0  -999.9     0.0    36.8     4.3   330.0
SUMMERSIDE_A  1985  10  30  303     -1.8     3.6     5.7  -999.9     0.0    16.1     4.3   330.0
SUMMERSIDE_A  1985  10  31  304     -0.1     5.7     5.8  -999.9     0.0    20.8     5.4   330.0
SUMMERSIDE_A  1985  11   1  305      1.5     7.7     5.9  -999.9     0.4    37.9     7.5   330.0
SUMMERSIDE_A  1985  11   2  306      4.9     6.3     2.8  -999.9     0.6    35.5     8.7   330.0
SUMMERSIDE_A  1985  11   3  307      3.6     6.0     3.6  -999.9     0.2    31.8     8.0   330.0
SUMMERSIDE_A  1985  11   4  308      2.6     9.1     5.8  -999.9     0.0    14.5     8.2   330.0
SUMMERSIDE_A  1985  11   5  309      4.1     9.3     5.1  -999.9     0.4    13.0     7.8   330.0
SUMMERSIDE_A  1985  11   6  310      6.2    11.2     5.0  -999.9    28.2    22.5    10.9   330.0
SUMMERSIDE_A  1985  11   7  311      6.9    12.7     5.3  -999.9    11.2    18.9    11.7   330.0
SUMMERSIDE_A  1985  11   8  312      3.1    10.7     6.0  -999.9     1.6    18.4     9.0   330.0
SUMMERSIDE_A  1985  11   9  313      0.0     5.7     5.1  -999.9     0.0    22.6     4.8   330.0
SUMMERSIDE_A  1985  11  10  314      0.0     4.4     4.4  -999.9     9.5     6.8     6.4   330.0
SUMMERSIDE_A  1985  11  11  315     -3.7     3.6     5.6  -999.9     2.8    14.9     5.4   330.0
SUMMERSIDE_A  1985  11  12  316     -4.4     4.7     6.2  -999.9     6.0    11.5     4.9   330.0
SUMMERSIDE_A  1985  11  13  317     -0.1     7.3     5.5  -999.9    11.8    12.0     7.7   330.0
SUMMERSIDE_A  1985  11  14  318     -1.9     0.8     3.3  -999.9     2.8    16.5     4.5   330.0
SUMMERSIDE_A  1985  11  15  319     -4.4     0.4     4.3  -999.9     4.7    27.1     4.7   330.0
SUMMERSIDE_A  1985  11  16  320     -6.6    -0.7     4.7  -999.9     0.0    16.0     3.6   330.0
SUMMERSIDE_A  1985  11  17  321     -5.4     7.2     6.8  -999.9    10.2    23.2     5.7   330.0
SUMMERSIDE_A  1985  11  18  322      0.5     5.3     4.2  -999.9     0.0    30.8     6.1   330.0
SUMMERSIDE_A  1985  11  19  323     -1.2     3.7     4.2  -999.9     0.2     4.8     6.1   330.0
SUMMERSIDE_A  1985  11  20  324      2.5    11.5     5.6  -999.9     0.0    26.7     9.5   330.0
SUMMERSIDE_A  1985  11  21  325     -0.5     9.2     5.7  -999.9     0.0    22.8     5.9   330.0
SUMMERSIDE_A  1985  11  22  326     -2.1     1.5     3.4  -999.9     3.0    19.9     3.9   330.0
SUMMERSIDE_A  1985  11  23  327     -2.0     1.5     3.4  -999.9     1.0     5.5     5.6   330.0
SUMMERSIDE_A  1985  11  24  328     -3.3     0.0     3.2  -999.9     0.0    20.0     4.1   330.0
SUMMERSIDE_A  1985  11  25  329     -6.7    -2.6     3.6  -999.9     0.0    28.4     3.0   330.0
SUMMERSIDE_A  1985  11  26  330     -8.6    -4.5     3.5  -999.9     0.0    18.7     2.3   330.0
SUMMERSIDE_A  1985  11  27  331     -9.3    -1.1     4.9  -999.9     0.0     8.1     2.9   330.0
SUMMERSIDE_A  1985  11  28  332     -7.5    -3.2     3.5  -999.9     0.0    25.4     2.5   330.0
SUMMERSIDE_A  1985  11  29  333     -9.0    -3.6     3.9  -999.9     0.0    13.6     2.8   330.0
SUMMERSIDE_A  1985  11  30  334     -8.1    -1.5     4.3  -999.9     0.0    12.2     3.0   330.0
SUMMERSIDE_A  1985  12   1  335     -7.2     1.8     5.0  -999.9     0.0     3.6     3.9   330.0
SUMMERSIDE_A  1985  12   2  336     -2.1    10.6     5.9  -999.9     6.2    35.5     7.5   330.0
SUMMERSIDE_A  1985  12   3  337     -8.0     0.6     4.8  -999.9     1.0    48.8     3.2   330.0
SUMMERSIDE_A  1985  12   4  338     -8.8    -3.0     3.9  -999.9     0.0    39.5     2.3   330.0
SUMMERSIDE_A  1985  12   5  339     -8.7    -4.5     3.3  -999.9     0.0    15.6     2.3   330.0
SUMMERSIDE_A  1985  12   6  340     -9.9    -3.7     4.0  -999.9     0.0     9.3     2.6   330.0
SUMMERSIDE_A  1985  12   7  341    -10.9    -4.8     3.9  -999.9     0.0    18.6     2.4   330.0
SUMMERSIDE_A  1985  12   8  342     -7.5    -1.6     3.8  -999.9     0.0    14.7     3.1   330.0
SUMMERSIDE_A  1985  12   9  343     -6.4     0.7     4.2  -999.9     0.0    24.2     3.5   330.0
SUMMERSIDE_A  1985  12  10  344     -6.8    -1.8     3.5  -999.9     0.0    21.2     3.1   330.0
SUMMERSIDE_A  1985  12  11  345     -7.8    -2.9     3.5  -999.9     0.0    10.0     3.0   330.0
SUMMERSIDE_A  1985  12  12  346     -9.8    -4.7     3.5  -999.9     2.4     5.5     2.9   330.0
SUMMERSIDE_A  1985  12  13  347    -11.5    -3.4     4.4  -999.9     1.2    12.5     2.7   330.0
SUMMERSIDE_A  1985  12  14  348     -6.4    -0.8     3.7  -999.9    13.6    20.1     4.4   330.0
SUMMERSIDE_A  1985  12  15  349    -14.9    -6.4     4.5  -999.9     0.0    39.9     2.1   330.0
SUMMERSIDE_A  1985  12  16  350    -10.9    -3.8     4.1  -999.9     0.0    22.5     2.6   330.0
SUMMERSIDE_A  1985  12  17  351    -16.6    -2.2     5.8  -999.9     9.4    15.8     2.6   330.0
SUMMERSIDE_A  1985  12  18  352    -14.3    -3.4     5.1  -999.9     8.8    19.8     2.7   330.0
SUMMERSIDE_A  1985  12  19  353    -17.1   -12.2     3.4  -999.9     0.4    38.2     1.5   330.0
SUMMERSIDE_A  1985  12  20  354    -18.3   -12.8     3.6  -999.9     0.0    15.5     1.3   330.0
SUMMERSIDE_A  1985  12  21  355    -17.9    -9.8     4.4  -999.9     0.0     5.7     1.7   330.0
SUMMERSIDE_A  1985  12  22  356    -17.3    -5.7     5.2  -999.9     2.8    11.6     2.2   330.0
SUMMERSIDE_A  1985  12  23  357    -17.0    -0.2     6.3  -999.9     3.0    26.3     2.8   330.0
SUMMERSIDE_A  1985  12  24  358     -8.6     3.1     5.3  -999.9     0.0    11.3     4.5   330.0
SUMMERSIDE_A  1985  12  25  359      2.6     7.1     3.3  -999.9    10.8    23.1     8.6   330.0
SUMMERSIDE_A  1985  12  26  360    -15.2     5.9     7.1  -999.9     0.0    35.0     3.4   330.0
SUMMERSIDE_A  1985  12  27  361    -15.2    -1.7     5.7  -999.9     0.4    26.2     2.5   330.0
SUMMERSIDE_A  1985  12  28  362    -10.7    -0.8     4.9  -999.9     0.0    20.8     3.0   330.0
SUMMERSIDE_A  1985  12  29  363    -11.6    -3.2     4.5  -999.9     1.3    12.7     2.5   330.0
SUMMERSIDE_A  1985  12  30  364    -12.1    -3.7     4.5  -999.9     0.0    12.5     2.9   330.0
SUMMERSIDE_A  1985  12  31  365    -12.1     3.9     6.3  -999.9     0.0    29.0     3.6   330.0
