SUMMERSIDE_A  1995   1   1    1     -7.0    -2.0     3.5  -999.9     7.0     3.8     3.4   330.0
SUMMERSIDE_A  1995   1   2    2     -6.0    -0.5     3.7  -999.9    18.0    14.4     4.4   330.0
SUMMERSIDE_A  1995   1   3    3     -8.5    -4.5     3.2  -999.9    12.0    26.1     3.2   330.0
SUMMERSIDE_A  1995   1   4    4     -7.0    -2.5     3.4  -999.9     6.0     9.9     3.7   330.0
SUMMERSIDE_A  1995   1   5    5    -15.0    -7.0     4.6  -999.9     0.0    23.9     2.0   330.0
SUMMERSIDE_A  1995   1   6    6    -16.5     2.0     7.0  -999.9     0.0    27.8     2.7   330.0
SUMMERSIDE_A  1995   1   7    7     -3.0     5.0     4.6  -999.9     0.5    19.8     6.6   330.0
SUMMERSIDE_A  1995   1   8    8     -7.0    -3.5     3.1  -999.9     0.0    18.7     3.5   330.0
SUMMERSIDE_A  1995   1   9    9    -13.5    -3.0     5.4  -999.9     0.0    15.0     2.7   330.0
SUMMERSIDE_A  1995   1  10   10    -19.0   -14.5     3.6  -999.9     0.0    16.5     1.2   330.0
SUMMERSIDE_A  1995   1  11   11    -23.0   -17.0     4.2  -999.9     0.0    10.4     0.8   330.0
SUMMERSIDE_A  1995   1  12   12    -22.5     2.0     8.5  -999.9    16.0    12.3     2.1   330.0
SUMMERSIDE_A  1995   1  13   13     -9.0     2.0     5.7  -999.9     0.0    18.9     4.7   330.0
SUMMERSIDE_A  1995   1  14   14     -3.5     2.0     4.1  -999.9     0.0    10.6     5.8   330.0
SUMMERSIDE_A  1995   1  15   15     -1.0     8.9     5.6  -999.9     2.4    28.5     7.9   330.0
SUMMERSIDE_A  1995   1  16   16     -0.5     9.0     5.5  -999.9     5.8    18.5     8.3   330.0
SUMMERSIDE_A  1995   1  17   17     -1.5     0.0     2.2  -999.9     0.0     7.6     5.8   330.0
SUMMERSIDE_A  1995   1  18   18     -2.0     0.0     2.6  -999.9     0.0    15.6     5.3   330.0
SUMMERSIDE_A  1995   1  19   19     -2.0     0.5     2.9  -999.9     0.0     0.0     5.8   330.0
SUMMERSIDE_A  1995   1  20   20     -2.5     1.5     3.7  -999.9     0.0     7.5     5.7   330.0
SUMMERSIDE_A  1995   1  21   21     -2.0     0.0     2.7  -999.9     8.0    18.9     5.4   330.0
SUMMERSIDE_A  1995   1  22   22     -1.5     0.0     2.3  -999.9     6.0    23.6     5.6   330.0
SUMMERSIDE_A  1995   1  23   23     -1.5     1.0     3.1  -999.9     7.0     7.5     5.6   330.0
SUMMERSIDE_A  1995   1  24   24     -2.0     0.0     2.8  -999.9     7.0    15.9     5.7   330.0
SUMMERSIDE_A  1995   1  25   25     -7.5    -1.5     4.9  -999.9     0.0    16.1     3.8   330.0
SUMMERSIDE_A  1995   1  26   26    -12.9    -9.0     4.0  -999.9     0.0    12.1     1.9   330.0
SUMMERSIDE_A  1995   1  27   27    -16.5   -13.0     3.8  -999.9     0.0    14.8     1.3   330.0
SUMMERSIDE_A  1995   1  28   28    -27.5    -6.5     9.5  -999.9     2.0    12.0     1.1   330.0
SUMMERSIDE_A  1995   1  29   29    -14.0    -6.5     5.7  -999.9     0.0    14.8     2.1   330.0
SUMMERSIDE_A  1995   1  30   30    -17.0    -4.0     7.6  -999.9     0.0    17.4     2.2   330.0
SUMMERSIDE_A  1995   1  31   31    -19.5    -8.0     7.3  -999.9     6.0    13.7     1.5   330.0
SUMMERSIDE_A  1995   2   1   32     -8.0    -1.0     5.8  -999.9     8.0    16.7     3.8   330.0
SUMMERSIDE_A  1995   2   2   33     -7.0    -3.5     4.1  -999.9     8.0    26.2     3.7   330.0
SUMMERSIDE_A  1995   2   3   34    -13.5   -11.5     3.2  -999.9     0.0    23.7     1.7   330.0
SUMMERSIDE_A  1995   2   4   35    -18.0    -2.0     9.1  -999.9     1.2     5.5     2.0   330.0
SUMMERSIDE_A  1995   2   5   36    -17.0     4.0    10.6  -999.9     0.0    35.7     3.4   330.0
SUMMERSIDE_A  1995   2   6   37    -18.0   -15.5     3.7  -999.9     0.0    21.3     1.0   330.0
SUMMERSIDE_A  1995   2   7   38    -25.5   -17.0     6.9  -999.9     0.0    21.0     0.6   330.0
SUMMERSIDE_A  1995   2   8   39    -21.0    -7.0     9.0  -999.9     0.0    16.1     1.0   330.0
SUMMERSIDE_A  1995   2   9   40    -20.5    -7.5     8.8  -999.9     0.0    20.4     1.4   330.0
SUMMERSIDE_A  1995   2  10   41    -10.0    -4.5     5.8  -999.9     0.0    20.2     2.8   330.0
SUMMERSIDE_A  1995   2  11   42    -12.0    -3.0     7.5  -999.9    11.0    21.1     2.5   330.0
SUMMERSIDE_A  1995   2  12   43    -12.5    -7.0     6.0  -999.9     2.0    31.8     2.3   330.0
SUMMERSIDE_A  1995   2  13   44    -19.5   -11.0     7.5  -999.9     0.0    25.3     1.1   330.0
SUMMERSIDE_A  1995   2  14   45    -15.5    -4.7     8.6  -999.9     0.0    15.6     1.9   330.0
SUMMERSIDE_A  1995   2  15   46    -16.5     2.5    11.6  -999.9     2.0    13.5     2.1   330.0
SUMMERSIDE_A  1995   2  16   47     -8.0     4.0     9.3  -999.9     0.0    25.8     4.4   330.0
SUMMERSIDE_A  1995   2  17   48    -12.0    -4.0     7.7  -999.9     8.0    10.2     2.4   330.0
SUMMERSIDE_A  1995   2  18   49    -10.5    -1.0     8.5  -999.9     1.0    14.9     3.1   330.0
SUMMERSIDE_A  1995   2  19   50    -14.5     2.5    11.6  -999.9     0.0    22.5     2.8   330.0
SUMMERSIDE_A  1995   2  20   51     -9.0    -4.0     6.4  -999.9     0.0    14.9     2.6   330.0
SUMMERSIDE_A  1995   2  21   52    -11.5    -6.0     6.8  -999.9    15.0    32.8     2.4   330.0
SUMMERSIDE_A  1995   2  22   53    -12.0    -3.0     8.8  -999.9     1.0    19.5     2.4   330.0
SUMMERSIDE_A  1995   2  23   54    -17.0     0.4    12.4  -999.9    10.0    12.8     2.5   330.0
SUMMERSIDE_A  1995   2  24   55     -4.5     6.5    10.0  -999.9     0.0    24.9     6.0   330.0
SUMMERSIDE_A  1995   2  25   56     -8.0    -3.5     6.5  -999.9     0.0    30.2     2.7   330.0
SUMMERSIDE_A  1995   2  26   57    -16.5   -10.5     7.6  -999.9     0.0    20.8     1.3   330.0
SUMMERSIDE_A  1995   2  27   58    -17.1    -6.0    10.5  -999.9     6.0     8.0     1.4   330.0
SUMMERSIDE_A  1995   2  28   59    -11.5    -3.5     9.0  -999.9    13.0    18.0     2.9   330.0
SUMMERSIDE_A  1995   3   1   60     -9.0    -4.5     6.8  -999.9     1.0    22.6     3.1   330.0
SUMMERSIDE_A  1995   3   2   61     -7.5    -2.0     7.7  -999.9     0.0    16.5     3.4   330.0
SUMMERSIDE_A  1995   3   3   62    -16.2    -9.0     8.9  -999.9     0.0    13.9     1.6   330.0
SUMMERSIDE_A  1995   3   4   63    -17.0    -1.5    13.2  -999.9     0.0    19.2     2.2   330.0
SUMMERSIDE_A  1995   3   5   64     -9.5     2.0    11.5  -999.9     2.0    16.0     3.8   330.0
SUMMERSIDE_A  1995   3   6   65    -10.0     1.7    11.8  -999.9     5.0    23.0     3.7   330.0
SUMMERSIDE_A  1995   3   7   66    -11.0     2.0    12.6  -999.9     0.0    20.3     3.4   330.0
SUMMERSIDE_A  1995   3   8   67    -10.0     9.6    15.7  -999.9     0.0    26.2     5.2   330.0
SUMMERSIDE_A  1995   3   9   68     -1.4    10.2    12.2  -999.9     6.0    22.6     7.9   330.0
SUMMERSIDE_A  1995   3  10   69    -11.0    -7.0     7.3  -999.9     0.0    20.5     2.4   330.0
SUMMERSIDE_A  1995   3  11   70    -11.5    -8.0     6.9  -999.9     1.0    20.0     2.1   330.0
SUMMERSIDE_A  1995   3  12   71    -16.5    -3.5    13.4  -999.9     0.0     6.9     2.1   330.0
SUMMERSIDE_A  1995   3  13   72     -9.0     1.0    11.9  -999.9     0.0    21.3     3.9   330.0
SUMMERSIDE_A  1995   3  14   73     -3.6     1.4     8.5  -999.9     0.0     4.8     4.3   330.0
SUMMERSIDE_A  1995   3  15   74     -3.0     0.0     6.7  -999.9     0.0    23.6     4.6   330.0
SUMMERSIDE_A  1995   3  16   75     -2.6     0.6     7.0  -999.9     0.0    11.7     5.2   330.0
SUMMERSIDE_A  1995   3  17   76     -5.0     3.0    11.2  -999.9     0.0     7.1     5.2   330.0
SUMMERSIDE_A  1995   3  18   77     -1.0     1.0     5.7  -999.9     3.0    20.6     5.7   330.0
SUMMERSIDE_A  1995   3  19   78     -7.0     0.0    10.7  -999.9     0.0    20.9     3.0   330.0
SUMMERSIDE_A  1995   3  20   79     -5.6     5.3    13.5  -999.9     0.0    12.2     3.2   330.0
SUMMERSIDE_A  1995   3  21   80     -3.1     8.5    14.1  -999.9     0.0    14.6     6.8   330.0
SUMMERSIDE_A  1995   3  22   81      2.5     9.0    10.7  -999.9     0.0    21.7     7.6   330.0
SUMMERSIDE_A  1995   3  23   82     -1.4     1.3     6.9  -999.9     5.0    22.9     5.9   330.0
SUMMERSIDE_A  1995   3  24   83     -6.5    -2.5     8.5  -999.9     3.0    24.7     3.5   330.0
SUMMERSIDE_A  1995   3  25   84     -6.0     0.0    10.6  -999.9     5.0    21.7     4.1   330.0
SUMMERSIDE_A  1995   3  26   85     -3.0     0.0     7.6  -999.9     1.0    19.3     4.7   330.0
SUMMERSIDE_A  1995   3  27   86     -4.0    -1.0     7.6  -999.9     0.0    21.4     4.2   330.0
SUMMERSIDE_A  1995   3  28   87     -5.2    -0.5     9.7  -999.9     0.0    33.2     3.7   330.0
SUMMERSIDE_A  1995   3  29   88    -12.0    -0.2    15.5  -999.9     0.0    17.4     2.6   330.0
SUMMERSIDE_A  1995   3  30   89     -8.5     4.5    16.4  -999.9     0.0    22.1     3.1   330.0
SUMMERSIDE_A  1995   3  31   90     -7.3     6.0    16.7  -999.9    16.0    23.4     3.8   330.0
SUMMERSIDE_A  1995   4   1   91     -2.0     2.0     9.3  -999.9     1.0    12.9     5.6   330.0
SUMMERSIDE_A  1995   4   2   92     -2.5     0.5     8.1  -999.9     0.0    22.3     4.6   330.0
SUMMERSIDE_A  1995   4   3   93     -5.5     1.5    12.5  -999.9     0.0    24.0     4.2   330.0
SUMMERSIDE_A  1995   4   4   94     -7.5     3.5    15.8  -999.9     6.0    13.9     3.5   330.0
SUMMERSIDE_A  1995   4   5   95    -13.4    -6.5    12.6  -999.9     8.0    39.5     2.1   330.0
SUMMERSIDE_A  1995   4   6   96    -13.0     7.5    22.0  -999.9     0.0    31.7     3.3   330.0
SUMMERSIDE_A  1995   4   7   97    -12.5     3.5    19.6  -999.9     0.0    10.2     2.4   330.0
SUMMERSIDE_A  1995   4   8   98     -8.5     5.5    18.5  -999.9     0.0    10.3     3.5   330.0
SUMMERSIDE_A  1995   4   9   99    -12.5     2.5    19.3  -999.9     0.0    19.9     3.3   330.0
SUMMERSIDE_A  1995   4  10  100     -3.7     8.0    17.2  -999.9     0.0    28.5     4.4   330.0
SUMMERSIDE_A  1995   4  11  101     -6.3     2.5    15.1  -999.9     0.0    15.4     2.9   330.0
SUMMERSIDE_A  1995   4  12  102     -5.3     4.6    16.1  -999.9     0.0    18.5     3.9   330.0
SUMMERSIDE_A  1995   4  13  103     -1.0     8.0    15.5  -999.9     0.0    29.7     6.8   330.0
SUMMERSIDE_A  1995   4  14  104      3.0     9.0    12.7  -999.9     3.2     1.3     9.4   330.0
SUMMERSIDE_A  1995   4  15  105      0.0     8.0    14.8  -999.9     0.2    20.7     6.9   330.0
SUMMERSIDE_A  1995   4  16  106     -2.0     7.0    15.8  -999.9     7.8    16.7     5.8   330.0
SUMMERSIDE_A  1995   4  17  107     -1.0     9.0    16.8  -999.9     0.0    11.7     6.1   330.0
SUMMERSIDE_A  1995   4  18  108     -2.4     8.5    17.7  -999.9     0.0    13.4     5.0   330.0
SUMMERSIDE_A  1995   4  19  109     -8.0    14.5    25.6  -999.9     6.0    11.7     4.6   330.0
SUMMERSIDE_A  1995   4  20  110      4.5    10.0    12.8  -999.9     0.0    15.5     9.4   330.0
SUMMERSIDE_A  1995   4  21  111      3.0     9.0    13.4  -999.9     0.0    16.1     6.8   330.0
SUMMERSIDE_A  1995   4  22  112     -1.5    12.0    20.3  -999.9     8.7    10.8     7.4   330.0
SUMMERSIDE_A  1995   4  23  113      2.0     7.5    13.0  -999.9     1.3    13.2     8.0   330.0
SUMMERSIDE_A  1995   4  24  114      0.8    10.6    17.5  -999.9     0.0    23.4     5.2   330.0
SUMMERSIDE_A  1995   4  25  115      2.0     6.7    12.2  -999.9     0.0    16.4     6.2   330.0
SUMMERSIDE_A  1995   4  26  116     -1.2     6.7    15.9  -999.9     0.0    19.4     4.7   330.0
SUMMERSIDE_A  1995   4  27  117     -6.7    11.0    24.0  -999.9     0.0    21.8     4.7   330.0
SUMMERSIDE_A  1995   4  28  118     -0.5     5.5    14.0  -999.9     0.0    26.9     6.0   330.0
SUMMERSIDE_A  1995   4  29  119      1.0     5.0    11.5  -999.9     0.0    21.6     6.3   330.0
SUMMERSIDE_A  1995   4  30  120      0.0     6.5    14.8  -999.9     0.0    11.6     4.7   330.0
SUMMERSIDE_A  1995   5   1  121      0.5    13.4    21.0  -999.9     0.0    13.0     6.0   330.0
SUMMERSIDE_A  1995   5   2  122      0.5     8.2    16.3  -999.9     0.0    19.8     6.2   330.0
SUMMERSIDE_A  1995   5   3  123     -1.0     4.5    13.8  -999.9     0.0    19.5     6.1   330.0
SUMMERSIDE_A  1995   5   4  124      1.5    11.5    18.8  -999.9     0.0    12.2     7.7   330.0
SUMMERSIDE_A  1995   5   5  125      1.5    14.0    21.1  -999.9     0.0    18.2     6.0   330.0
SUMMERSIDE_A  1995   5   6  126      2.5    13.5    19.9  -999.9    22.0    20.5     8.4   330.0
SUMMERSIDE_A  1995   5   7  127      0.0     3.0    10.4  -999.9    40.1    32.5     6.8   330.0
SUMMERSIDE_A  1995   5   8  128      1.0     4.2    10.8  -999.9     4.2    39.5     7.4   330.0
SUMMERSIDE_A  1995   5   9  129      3.5     6.8    11.1  -999.9     0.5    26.5     7.7   330.0
SUMMERSIDE_A  1995   5  10  130      3.0     7.2    12.5  -999.9     0.0    25.0     7.4   330.0
SUMMERSIDE_A  1995   5  11  131      2.0    10.0    17.4  -999.9     0.0    10.2     8.0   330.0
SUMMERSIDE_A  1995   5  12  132      5.0    13.5    18.0  -999.9     0.0    16.4     9.0   330.0
SUMMERSIDE_A  1995   5  13  133      3.0     9.0    15.2  -999.9     0.0    22.0     7.7   330.0
SUMMERSIDE_A  1995   5  14  134      4.5    10.0    14.6  -999.9     0.0    23.2     8.8   330.0
SUMMERSIDE_A  1995   5  15  135      2.0     9.2    16.8  -999.9     0.0    10.6     8.0   330.0
SUMMERSIDE_A  1995   5  16  136      3.5    10.0    16.0  -999.9     0.0    18.1     8.1   330.0
SUMMERSIDE_A  1995   5  17  137      1.0     9.4    18.2  -999.9     7.1    11.5     6.3   330.0
SUMMERSIDE_A  1995   5  18  138      5.1     6.7     8.0  -999.9     0.6    20.1     8.9   330.0
SUMMERSIDE_A  1995   5  19  139      5.5     9.0    11.9  -999.9     1.0    10.8     8.9   330.0
SUMMERSIDE_A  1995   5  20  140      3.5    13.5    20.1  -999.9     1.4     9.8     9.6   330.0
SUMMERSIDE_A  1995   5  21  141      6.5    21.0    24.3  -999.9     0.0    19.2     8.8   330.0
SUMMERSIDE_A  1995   5  22  142     11.0    17.0    15.7  -999.9     2.4    21.2    11.8   330.0
SUMMERSIDE_A  1995   5  23  143      7.0    21.5    24.5  -999.9     0.0    18.8     9.1   330.0
SUMMERSIDE_A  1995   5  24  144      8.5    12.2    12.4  -999.9     4.0    23.6    11.1   330.0
SUMMERSIDE_A  1995   5  25  145      7.0    16.7    20.1  -999.9     0.0    25.5     9.4   330.0
SUMMERSIDE_A  1995   5  26  146      6.3    18.0    22.2  -999.9     0.0    11.2     7.2   330.0
SUMMERSIDE_A  1995   5  27  147      7.5    15.5    18.4  -999.9     0.0    17.6     8.6   330.0
SUMMERSIDE_A  1995   5  28  148      5.5    18.0    23.0  -999.9     0.0     4.8     7.0   330.0
SUMMERSIDE_A  1995   5  29  149      3.5    14.8    21.9  -999.9    15.0    24.8     9.4   330.0
SUMMERSIDE_A  1995   5  30  150      9.0    13.0    13.1  -999.9     0.2    18.5    11.9   330.0
SUMMERSIDE_A  1995   5  31  151      7.6    14.3    17.0  -999.9     2.2    17.5    10.1   330.0
SUMMERSIDE_A  1995   6   1  152      9.0    23.2    24.8  -999.9     1.6    25.6    13.3   330.0
SUMMERSIDE_A  1995   6   2  153     10.0    25.0    25.5  -999.9     1.0    17.3    13.8   330.0
SUMMERSIDE_A  1995   6   3  154     10.5    14.0    12.3  -999.9     9.6     7.7    14.3   330.0
SUMMERSIDE_A  1995   6   4  155      9.0    20.5    22.4  -999.9     0.0     9.2    12.6   330.0
SUMMERSIDE_A  1995   6   5  156      5.5    13.5    18.7  -999.9     0.0    13.8     7.6   330.0
SUMMERSIDE_A  1995   6   6  157      6.0    19.5    24.4  -999.9     0.0    18.2     7.6   330.0
SUMMERSIDE_A  1995   6   7  158      7.5    23.5    26.6  -999.9    35.0    26.8    13.9   330.0
SUMMERSIDE_A  1995   6   8  159      9.0    12.8    13.0  -999.9     6.2    38.0    12.1   330.0
SUMMERSIDE_A  1995   6   9  160      9.5    19.0    20.5  -999.9     0.0    13.6    10.5   330.0
SUMMERSIDE_A  1995   6  10  161      5.0    20.0    25.8  -999.9     0.0    11.5     9.7   330.0
SUMMERSIDE_A  1995   6  11  162      9.0    20.0    22.1  -999.9     0.2    18.4    10.2   330.0
SUMMERSIDE_A  1995   6  12  163     11.0    17.5    17.0  -999.9    12.0    17.9    15.2   330.0
SUMMERSIDE_A  1995   6  13  164     12.5    18.4    16.2  -999.9    14.0    11.1    13.7   330.0
SUMMERSIDE_A  1995   6  14  165     11.4    19.2    18.7  -999.9    13.0     4.7    15.6   330.0
SUMMERSIDE_A  1995   6  15  166     10.0    14.2    13.7  -999.9     6.8    28.5    13.6   330.0
SUMMERSIDE_A  1995   6  16  167      9.5    23.5    25.1  -999.9     0.0    11.2    12.8   330.0
SUMMERSIDE_A  1995   6  17  168     12.0    21.5    20.6  -999.9     0.8    17.2    13.6   330.0
SUMMERSIDE_A  1995   6  18  169     12.5    26.0    24.6  -999.9     0.4    16.6    17.3   330.0
SUMMERSIDE_A  1995   6  19  170     14.0    30.2    27.0  -999.9     6.4    25.5    18.3   330.0
SUMMERSIDE_A  1995   6  20  171     10.5    20.5    21.2  -999.9     0.0    25.2     8.7   330.0
SUMMERSIDE_A  1995   6  21  172      8.0    22.7    25.7  -999.9     0.0    16.1     8.5   330.0
SUMMERSIDE_A  1995   6  22  173     10.0    23.5    24.6  -999.9     0.0     9.4    11.8   330.0
SUMMERSIDE_A  1995   6  23  174     14.3    26.0    22.9  -999.9     0.0    20.9    15.1   330.0
SUMMERSIDE_A  1995   6  24  175     14.0    26.0    23.2  -999.9     0.0    20.2    16.5   330.0
SUMMERSIDE_A  1995   6  25  176     15.5    27.0    22.7  -999.9     5.8    19.9    17.5   330.0
SUMMERSIDE_A  1995   6  26  177     12.0    19.0    17.7  -999.9     0.0    19.0    12.9   330.0
SUMMERSIDE_A  1995   6  27  178      7.5    19.5    23.2  -999.9     0.0     7.6     8.6   330.0
SUMMERSIDE_A  1995   6  28  179      8.7    26.0    27.8  -999.9     0.0    23.2    12.7   330.0
SUMMERSIDE_A  1995   6  29  180     12.0    21.5    20.6  -999.9     0.0    14.5    13.6   330.0
SUMMERSIDE_A  1995   6  30  181     12.0    18.0    16.3  -999.9     6.0    16.9    13.3   330.0
SUMMERSIDE_A  1995   7   1  182     13.0    18.0    14.9  -999.9     2.0    10.1    16.2   330.0
SUMMERSIDE_A  1995   7   2  183     14.5    23.0    19.4  -999.9     5.6    21.2    19.6   330.0
SUMMERSIDE_A  1995   7   3  184     17.0    21.0    13.3  -999.9     0.4    11.1    20.2   330.0
SUMMERSIDE_A  1995   7   4  185     14.0    25.5    22.5  -999.9     0.0     7.4    16.6   330.0
SUMMERSIDE_A  1995   7   5  186     15.0    27.0    22.9  -999.9     0.0    12.8    16.2   330.0
SUMMERSIDE_A  1995   7   6  187     14.4    25.4    21.9  -999.9     0.0    19.2    15.7   330.0
SUMMERSIDE_A  1995   7   7  188     16.0    26.0    20.9  -999.9     0.0    28.0    19.0   330.0
SUMMERSIDE_A  1995   7   8  189     18.0    28.0    20.8  -999.9     2.0    21.7    20.3   330.0
SUMMERSIDE_A  1995   7   9  190     18.0    24.0    16.1  -999.9     4.2    13.1    23.4   330.0
SUMMERSIDE_A  1995   7  10  191     16.5    25.5    19.7  -999.9     0.0    20.5    18.8   330.0
SUMMERSIDE_A  1995   7  11  192     15.0    25.0    20.7  -999.9     0.0    11.4    14.5   330.0
SUMMERSIDE_A  1995   7  12  193     16.5    27.0    21.2  -999.9     0.0     8.1    15.4   330.0
SUMMERSIDE_A  1995   7  13  194     14.3    23.0    19.2  -999.9     0.0    25.4    17.0   330.0
SUMMERSIDE_A  1995   7  14  195     11.0    28.5    27.2  -999.9     0.6    13.8    19.4   330.0
SUMMERSIDE_A  1995   7  15  196     16.0    23.5    17.7  -999.9     0.0    10.5    17.1   330.0
SUMMERSIDE_A  1995   7  16  197     15.5    19.5    12.9  -999.9     0.0    24.2    14.5   330.0
SUMMERSIDE_A  1995   7  17  198     11.8    20.5    19.0  -999.9     0.0    12.9    12.5   330.0
SUMMERSIDE_A  1995   7  18  199     11.0    20.0    19.3  -999.9    18.0    21.7    15.3   330.0
SUMMERSIDE_A  1995   7  19  200     13.0    24.5    21.7  -999.9     0.6    17.1    19.1   330.0
SUMMERSIDE_A  1995   7  20  201     16.0    26.4    20.6  -999.9     0.0    20.1    17.8   330.0
SUMMERSIDE_A  1995   7  21  202     10.5    24.5    23.8  -999.9     1.0    18.1    16.8   330.0
SUMMERSIDE_A  1995   7  22  203     17.0    25.5    18.5  -999.9     0.0    11.1    18.2   330.0
SUMMERSIDE_A  1995   7  23  204     16.0    26.0    20.0  -999.9     4.0    18.7    19.0   330.0
SUMMERSIDE_A  1995   7  24  205     18.0    25.0    16.7  -999.9     0.0    24.5    22.0   330.0
SUMMERSIDE_A  1995   7  25  206     17.0    28.5    21.3  -999.9     0.0    20.0    20.4   330.0
SUMMERSIDE_A  1995   7  26  207     16.0    28.8    22.4  -999.9     3.0    20.8    22.7   330.0
SUMMERSIDE_A  1995   7  27  208     16.8    25.4    18.3  -999.9     0.0    12.7    21.1   330.0
SUMMERSIDE_A  1995   7  28  209     15.5    25.0    19.1  -999.9     0.0    13.4    17.3   330.0
SUMMERSIDE_A  1995   7  29  210     16.0    24.0    17.5  -999.9     0.0    22.0    16.4   330.0
SUMMERSIDE_A  1995   7  30  211     18.5    28.5    19.4  -999.9     0.0    20.7    19.9   330.0
SUMMERSIDE_A  1995   7  31  212     15.0    26.0    20.3  -999.9     0.0    12.2    13.3   330.0
SUMMERSIDE_A  1995   8   1  213     17.0    31.5    23.2  -999.9     0.0    17.6    20.2   330.0
SUMMERSIDE_A  1995   8   2  214     17.0    20.5    11.3  -999.9     0.0    23.7    17.5   330.0
SUMMERSIDE_A  1995   8   3  215     10.0    22.2    21.1  -999.9     0.0    12.1    12.4   330.0
SUMMERSIDE_A  1995   8   4  216     14.5    22.5    17.0  -999.9     5.4    21.6    17.2   330.0
SUMMERSIDE_A  1995   8   5  217     12.0    20.5    17.4  -999.9     1.0    15.3    17.6   330.0
SUMMERSIDE_A  1995   8   6  218     16.0    21.0    13.3  -999.9     0.0    20.3    15.7   330.0
SUMMERSIDE_A  1995   8   7  219     11.5    25.5    22.1  -999.9     0.0    11.7    13.2   330.0
SUMMERSIDE_A  1995   8   8  220     15.0    31.2    23.7  -999.9     0.0    13.9    14.8   330.0
SUMMERSIDE_A  1995   8   9  221     16.5    30.2    21.6  -999.9     0.0     9.0    17.6   330.0
SUMMERSIDE_A  1995   8  10  222     16.5    31.5    22.5  -999.9     0.0    12.7    19.8   330.0
SUMMERSIDE_A  1995   8  11  223     17.5    29.0    19.6  -999.9     0.0    23.8    19.4   330.0
SUMMERSIDE_A  1995   8  12  224     18.0    26.0    16.3  -999.9    30.8    29.7    21.0   330.0
SUMMERSIDE_A  1995   8  13  225     17.5    23.0    13.4  -999.9     8.6    18.4    20.1   330.0
SUMMERSIDE_A  1995   8  14  226     13.5    18.3    12.4  -999.9     0.0    19.8    13.5   330.0
SUMMERSIDE_A  1995   8  15  227     11.4    23.2    19.4  -999.9     1.0    22.2    13.2   330.0
SUMMERSIDE_A  1995   8  16  228     16.4    27.5    18.7  -999.9     0.0    23.8    21.3   330.0
SUMMERSIDE_A  1995   8  17  229     17.0    25.7    16.4  -999.9     0.0    17.8    15.7   330.0
SUMMERSIDE_A  1995   8  18  230     15.0    18.5    10.4  -999.9     0.0    20.5    13.8   330.0
SUMMERSIDE_A  1995   8  19  231      9.0    24.5    21.6  -999.9     0.0    12.1    10.0   330.0
SUMMERSIDE_A  1995   8  20  232     15.0    24.5    16.8  -999.9     0.0    23.2    11.7   330.0
SUMMERSIDE_A  1995   8  21  233     11.2    28.3    22.4  -999.9     0.0    21.5    14.4   330.0
SUMMERSIDE_A  1995   8  22  234     13.5    23.0    16.6  -999.9     0.0    23.1    13.4   330.0
SUMMERSIDE_A  1995   8  23  235     11.0    22.8    18.4  -999.9     4.4    19.4    11.1   330.0
SUMMERSIDE_A  1995   8  24  236     14.0    20.0    13.0  -999.9    22.2    24.5    18.1   330.0
SUMMERSIDE_A  1995   8  25  237      9.0    14.0    11.8  -999.9     1.2    40.8    12.1   330.0
SUMMERSIDE_A  1995   8  26  238      7.0    16.0    15.7  -999.9     0.0    24.1     8.6   330.0
SUMMERSIDE_A  1995   8  27  239      8.0    21.0    18.7  -999.9     0.0     7.8    11.7   330.0
SUMMERSIDE_A  1995   8  28  240      9.1    18.0    15.3  -999.9     0.0     9.8     9.9   330.0
SUMMERSIDE_A  1995   8  29  241     12.0    20.2    14.6  -999.9     2.0    23.6    11.4   330.0
SUMMERSIDE_A  1995   8  30  242     13.1    19.3    12.6  -999.9     0.6    10.7    15.2   330.0
SUMMERSIDE_A  1995   8  31  243     13.0    18.4    11.7  -999.9     0.0    22.8    13.5   330.0
SUMMERSIDE_A  1995   9   1  244      5.7    18.0    17.4  -999.9     0.0    16.0    12.5   330.0
SUMMERSIDE_A  1995   9   2  245     11.0    18.5    13.5  -999.9     0.0    15.6    12.5   330.0
SUMMERSIDE_A  1995   9   3  246      8.5    20.5    16.9  -999.9     0.0     9.4    10.7   330.0
SUMMERSIDE_A  1995   9   4  247      8.5    24.0    19.1  -999.9     0.0    11.9    11.1   330.0
SUMMERSIDE_A  1995   9   5  248     12.0    26.0    18.0  -999.9     2.8    19.6    14.1   330.0
SUMMERSIDE_A  1995   9   6  249     10.6    18.5    13.4  -999.9     0.6    23.7    11.4   330.0
SUMMERSIDE_A  1995   9   7  250      9.8    22.2    16.6  -999.9    12.2    32.2    11.9   330.0
SUMMERSIDE_A  1995   9   8  251      9.5    16.0    11.9  -999.9     0.0    11.5    10.1   330.0
SUMMERSIDE_A  1995   9   9  252      9.0    18.0    13.9  -999.9     0.8    15.3    13.4   330.0
SUMMERSIDE_A  1995   9  10  253     13.0    17.5     9.7  -999.9     0.0    15.6    13.9   330.0
SUMMERSIDE_A  1995   9  11  254      9.0    17.3    13.1  -999.9     0.0    22.4     8.6   330.0
SUMMERSIDE_A  1995   9  12  255      9.4    22.2    16.1  -999.9     0.0    28.1    11.5   330.0
SUMMERSIDE_A  1995   9  13  256     11.0    21.4    14.3  -999.9     0.0    33.6    14.8   330.0
SUMMERSIDE_A  1995   9  14  257     16.5    22.5    10.8  -999.9     6.5    28.6    20.5   330.0
SUMMERSIDE_A  1995   9  15  258      9.2    15.0    10.5  -999.9     0.0    19.9    10.1   330.0
SUMMERSIDE_A  1995   9  16  259      1.5    15.5    16.1  -999.9     0.0    10.7     6.3   330.0
SUMMERSIDE_A  1995   9  17  260      3.0    20.0    17.6  -999.9    55.0    25.8     8.5   330.0
SUMMERSIDE_A  1995   9  18  261     10.5    18.4    11.9  -999.9     1.0    26.8    14.4   330.0
SUMMERSIDE_A  1995   9  19  262      6.5    17.0    13.5  -999.9     0.0     8.1     9.8   330.0
SUMMERSIDE_A  1995   9  20  263      8.5    18.0    12.7  -999.9     0.0     8.8    10.3   330.0
SUMMERSIDE_A  1995   9  21  264      7.0    17.8    13.4  -999.9     0.0     8.3    10.8   330.0
SUMMERSIDE_A  1995   9  22  265      2.0    19.7    17.0  -999.9     1.4    14.6     9.9   330.0
SUMMERSIDE_A  1995   9  23  266     12.0    16.5     8.5  -999.9     0.6    18.9    13.6   330.0
SUMMERSIDE_A  1995   9  24  267      2.0    16.0    14.8  -999.9     0.0    11.4     6.5   330.0
SUMMERSIDE_A  1995   9  25  268      5.0    16.5    13.2  -999.9     0.0     9.9     7.7   330.0
SUMMERSIDE_A  1995   9  26  269      9.5    15.5     9.4  -999.9     0.0    10.5    11.0   330.0
SUMMERSIDE_A  1995   9  27  270      8.0    18.0    12.1  -999.9     1.0     9.6    10.5   330.0
SUMMERSIDE_A  1995   9  28  271      9.2    13.0     7.3  -999.9     0.5    29.7     9.7   330.0
SUMMERSIDE_A  1995   9  29  272      2.0    12.0    11.8  -999.9     0.0     7.3     7.1   330.0
SUMMERSIDE_A  1995   9  30  273      5.0    18.0    13.3  -999.9     0.0    20.3     8.1   330.0
SUMMERSIDE_A  1995  10   1  274      5.5    20.0    13.8  -999.9     0.0    19.5    10.5   330.0
SUMMERSIDE_A  1995  10   2  275     13.5    19.0     8.4  -999.9    15.2    15.4    18.2   330.0
SUMMERSIDE_A  1995  10   3  276     12.5    21.4    10.6  -999.9     0.6    16.0    16.0   330.0
SUMMERSIDE_A  1995  10   4  277      7.2    14.5     9.4  -999.9     4.0    10.5    10.6   330.0
SUMMERSIDE_A  1995  10   5  278      7.0    15.5    10.1  -999.9     0.4    12.0    10.5   330.0
SUMMERSIDE_A  1995  10   6  279      6.0    11.0     7.6  -999.9     4.0    21.4     9.9   330.0
SUMMERSIDE_A  1995  10   7  280      9.0    13.5     7.1  -999.9     8.8    18.3    12.1   330.0
SUMMERSIDE_A  1995  10   8  281     10.5    15.3     7.3  -999.9     3.4    12.1    14.0   330.0
SUMMERSIDE_A  1995  10   9  282      8.5    12.5     6.6  -999.9     0.4    19.3    11.2   330.0
SUMMERSIDE_A  1995  10  10  283      3.8    12.2     9.4  -999.9     0.0     3.6     8.5   330.0
SUMMERSIDE_A  1995  10  11  284      9.0    16.1     8.5  -999.9     4.4    19.5    12.4   330.0
SUMMERSIDE_A  1995  10  12  285      9.5    15.3     7.6  -999.9     1.8    19.1    13.5   330.0
SUMMERSIDE_A  1995  10  13  286      7.0    15.5     9.1  -999.9     0.0     5.1    11.6   330.0
SUMMERSIDE_A  1995  10  14  287     10.0    20.5     9.9  -999.9     1.0     9.4    14.2   330.0
SUMMERSIDE_A  1995  10  15  288     13.5    19.5     7.4  -999.9    15.4    26.7    17.9   330.0
SUMMERSIDE_A  1995  10  16  289      8.6    14.6     7.3  -999.9     0.0    29.0     8.1   330.0
SUMMERSIDE_A  1995  10  17  290      5.0     9.8     6.4  -999.9     0.0    23.5     7.3   330.0
SUMMERSIDE_A  1995  10  18  291      0.8    14.2    10.6  -999.9     0.0    23.9     7.4   330.0
SUMMERSIDE_A  1995  10  19  292      9.0    11.1     4.1  -999.9     0.0    14.5     9.1   330.0
SUMMERSIDE_A  1995  10  20  293      0.4    14.5    10.6  -999.9     0.0    13.0     8.9   330.0
SUMMERSIDE_A  1995  10  21  294      9.5    19.0     8.6  -999.9     0.0    21.4    12.6   330.0
SUMMERSIDE_A  1995  10  22  295     11.5    18.5     7.3  -999.9     6.2    24.5    15.8   330.0
SUMMERSIDE_A  1995  10  23  296      5.5    15.5     8.6  -999.9     0.0    21.9     8.6   330.0
SUMMERSIDE_A  1995  10  24  297      2.5    14.0     9.0  -999.9     0.0     7.9     7.9   330.0
SUMMERSIDE_A  1995  10  25  298      6.0    17.0     8.7  -999.9     0.0    23.7    10.8   330.0
SUMMERSIDE_A  1995  10  26  299      2.0    10.2     7.4  -999.9     0.0    10.5     6.5   330.0
SUMMERSIDE_A  1995  10  27  300      2.8    13.5     8.4  -999.9     0.0     5.2     7.8   330.0
SUMMERSIDE_A  1995  10  28  301      7.0    19.2     8.8  -999.9    14.6    27.8    13.3   330.0
SUMMERSIDE_A  1995  10  29  302     13.0    16.5     4.6  -999.9     2.6    18.1    14.0   330.0
SUMMERSIDE_A  1995  10  30  303      2.1     7.6     5.7  -999.9     2.0    26.2     8.1   330.0
SUMMERSIDE_A  1995  10  31  304      0.5     5.0     5.1  -999.9     0.0    19.8     4.7   330.0
SUMMERSIDE_A  1995  11   1  305     -2.0     4.5     6.1  -999.9     0.0    13.6     4.0   330.0
SUMMERSIDE_A  1995  11   2  306     -2.0     6.0     6.6  -999.9     5.4     9.6     4.8   330.0
SUMMERSIDE_A  1995  11   3  307      1.0    10.0     7.0  -999.9    20.8    19.5     8.8   330.0
SUMMERSIDE_A  1995  11   4  308      2.5     9.5     6.0  -999.9     4.8    14.7     8.9   330.0
SUMMERSIDE_A  1995  11   5  309     -2.0     3.0     5.0  -999.9     0.0    25.6     3.9   330.0
SUMMERSIDE_A  1995  11   6  310     -1.5     5.0     5.7  -999.9     0.0    18.2     4.5   330.0
SUMMERSIDE_A  1995  11   7  311      0.2    14.0     8.1  -999.9     9.0    22.1     7.6   330.0
SUMMERSIDE_A  1995  11   8  312      5.0    14.3     6.6  -999.9     5.8    30.7    11.5   330.0
SUMMERSIDE_A  1995  11   9  313      0.0     3.0     3.7  -999.9     0.0    15.7     5.0   330.0
SUMMERSIDE_A  1995  11  10  314     -5.0     5.0     6.7  -999.9     0.0    15.9     3.8   330.0
SUMMERSIDE_A  1995  11  11  315     -4.5    11.5     8.3  -999.9     0.0    25.8     6.4   330.0
SUMMERSIDE_A  1995  11  12  316      7.5    16.5     6.2  -999.9     4.0    32.3    10.9   330.0
SUMMERSIDE_A  1995  11  13  317     -1.5     3.5     4.5  -999.9     0.0    14.2     4.6   330.0
SUMMERSIDE_A  1995  11  14  318     -0.5     6.0     5.1  -999.9     7.6    13.1     5.0   330.0
SUMMERSIDE_A  1995  11  15  319      2.0    15.0     7.1  -999.9     7.4    35.4    10.0   330.0
SUMMERSIDE_A  1995  11  16  320      6.8    11.4     4.2  -999.9     6.8    21.1     8.5   330.0
SUMMERSIDE_A  1995  11  17  321      1.0     6.5     4.5  -999.9     2.0    16.8     7.4   330.0
SUMMERSIDE_A  1995  11  18  322      0.0     2.0     2.7  -999.9     0.0    12.3     4.8   330.0
SUMMERSIDE_A  1995  11  19  323     -3.0     4.0     5.0  -999.9     0.2     9.1     4.9   330.0
SUMMERSIDE_A  1995  11  20  324     -3.2     3.5     4.8  -999.9     0.0    23.9     4.6   330.0
SUMMERSIDE_A  1995  11  21  325     -2.0     8.0     5.8  -999.9    14.6    10.9     6.3   330.0
SUMMERSIDE_A  1995  11  22  326      1.5     9.8     5.2  -999.9     0.0    27.1     8.2   330.0
SUMMERSIDE_A  1995  11  23  327      0.0     3.5     3.4  -999.9     3.2    22.7     5.5   330.0
SUMMERSIDE_A  1995  11  24  328      0.0     5.0     4.0  -999.9     0.0     7.8     5.4   330.0
SUMMERSIDE_A  1995  11  25  329     -4.5     3.5     5.0  -999.9     0.0     2.7     4.5   330.0
SUMMERSIDE_A  1995  11  26  330     -4.5     5.2     5.4  -999.9     0.2    17.8     5.7   330.0
SUMMERSIDE_A  1995  11  27  331     -5.0     1.0     4.2  -999.9     0.0    16.8     3.7   330.0
SUMMERSIDE_A  1995  11  28  332     -4.1     7.0     5.7  -999.9     3.0    19.2     6.5   330.0
SUMMERSIDE_A  1995  11  29  333     -4.5    -2.5     2.4  -999.9     1.0    18.6     3.5   330.0
SUMMERSIDE_A  1995  11  30  334     -8.0    -4.0     3.4  -999.9     1.5    16.7     2.7   330.0
SUMMERSIDE_A  1995  12   1  335    -10.8     3.0     6.2  -999.9     8.2    21.5     3.6   330.0
SUMMERSIDE_A  1995  12   2  336     -2.5     1.0     3.1  -999.9     1.0    25.0     5.6   330.0
SUMMERSIDE_A  1995  12   3  337     -8.0     0.9     4.9  -999.9     3.0    11.7     3.9   330.0
SUMMERSIDE_A  1995  12   4  338     -7.0     1.4     4.7  -999.9     4.0    12.0     4.5   330.0
SUMMERSIDE_A  1995  12   5  339     -6.3    -4.0     2.4  -999.9     3.0    20.3     3.0   330.0
SUMMERSIDE_A  1995  12   6  340     -9.0     4.5     5.9  -999.9     1.2    22.5     4.3   330.0
SUMMERSIDE_A  1995  12   7  341     -5.4    -1.5     3.1  -999.9     0.0    14.9     3.2   330.0
SUMMERSIDE_A  1995  12   8  342    -10.3    -3.5     4.1  -999.9     2.0    21.8     2.7   330.0
SUMMERSIDE_A  1995  12   9  343     -9.5     1.5     5.2  -999.9     8.0     7.6     3.5   330.0
SUMMERSIDE_A  1995  12  10  344     -6.0     6.0     5.4  -999.9     0.0    29.8     5.3   330.0
SUMMERSIDE_A  1995  12  11  345    -10.0    -5.0     3.5  -999.9     0.0    14.0     2.4   330.0
SUMMERSIDE_A  1995  12  12  346    -14.0   -10.0     3.1  -999.9     0.0    24.6     1.5   330.0
SUMMERSIDE_A  1995  12  13  347    -13.5    -7.5     3.8  -999.9     3.0    13.2     1.8   330.0
SUMMERSIDE_A  1995  12  14  348    -13.5    -5.3     4.4  -999.9     1.0     3.9     2.1   330.0
SUMMERSIDE_A  1995  12  15  349    -10.5    -4.0     3.9  -999.9     0.0    16.0     2.6   330.0
SUMMERSIDE_A  1995  12  16  350     -6.0    -3.0     2.7  -999.9     0.0    17.1     3.2   330.0
SUMMERSIDE_A  1995  12  17  351     -9.0    -5.0     3.1  -999.9     1.0    24.9     2.7   330.0
SUMMERSIDE_A  1995  12  18  352     -7.5    -1.0     3.9  -999.9     8.0    25.1     3.6   330.0
SUMMERSIDE_A  1995  12  19  353     -8.0    -0.5     4.2  -999.9     0.0    16.0     3.3   330.0
SUMMERSIDE_A  1995  12  20  354    -11.0     1.5     5.4  -999.9     8.0    19.9     4.2   330.0
SUMMERSIDE_A  1995  12  21  355      0.0     3.0     2.7  -999.9     0.0    21.8     6.0   330.0
SUMMERSIDE_A  1995  12  22  356     -2.5     1.0     2.9  -999.9     2.0    20.1     5.8   330.0
SUMMERSIDE_A  1995  12  23  357     -0.5     1.0     1.9  -999.9     0.0    32.6     5.5   330.0
SUMMERSIDE_A  1995  12  24  358     -1.0     1.0     2.2  -999.9    10.0     7.5     5.3   330.0
SUMMERSIDE_A  1995  12  25  359     -2.0     1.5     2.9  -999.9     2.0     7.5     6.1   330.0
SUMMERSIDE_A  1995  12  26  360     -1.0     1.0     2.2  -999.9     4.0    22.0     6.1   330.0
SUMMERSIDE_A  1995  12  27  361     -0.6     2.0     2.5  -999.9     0.0    31.4     5.9   330.0
SUMMERSIDE_A  1995  12  28  362     -2.0     2.0     3.1  -999.9     0.0    19.1     5.0   330.0
SUMMERSIDE_A  1995  12  29  363     -7.0    -1.5     3.7  -999.9     0.0    19.0     3.4   330.0
SUMMERSIDE_A  1995  12  30  364    -12.0    -8.0     3.1  -999.9     0.0    14.6     2.2   330.0
SUMMERSIDE_A  1995  12  31  365    -12.0    -9.0     2.7  -999.9     0.0    17.5     2.0   330.0
