SUMMERSIDE_A  1989   1   1    1    -18.5   -13.1     3.7  -999.9     0.0    16.4     1.4   330.0
SUMMERSIDE_A  1989   1   2    2    -18.1    -9.7     4.6  -999.9     0.8     5.9     1.6   330.0
SUMMERSIDE_A  1989   1   3    3    -10.2    -4.0     4.0  -999.9     2.2     7.8     3.2   330.0
SUMMERSIDE_A  1989   1   4    4    -15.5    -4.8     5.3  -999.9     5.8    21.0     2.5   330.0
SUMMERSIDE_A  1989   1   5    5    -14.3    -7.2     4.3  -999.9     4.6    34.4     2.3   330.0
SUMMERSIDE_A  1989   1   6    6    -16.4   -10.5     4.0  -999.9     0.0    17.7     1.5   330.0
SUMMERSIDE_A  1989   1   7    7    -18.1    -6.0     5.7  -999.9     0.0     4.2     2.0   330.0
SUMMERSIDE_A  1989   1   8    8     -6.0     5.6     5.6  -999.9     5.8    21.5     5.7   330.0
SUMMERSIDE_A  1989   1   9    9    -10.6     5.1     6.6  -999.9     0.2    30.2     3.3   330.0
SUMMERSIDE_A  1989   1  10   10    -13.1    -5.5     4.6  -999.9     0.0    14.1     2.1   330.0
SUMMERSIDE_A  1989   1  11   11    -15.6    -1.2     6.5  -999.9     0.2    25.5     2.6   330.0
SUMMERSIDE_A  1989   1  12   12    -17.3     2.7     7.7  -999.9     0.8    19.5     2.9   330.0
SUMMERSIDE_A  1989   1  13   13    -13.6     3.4     7.1  -999.9     2.0    27.1     3.3   330.0
SUMMERSIDE_A  1989   1  14   14    -13.7    -3.9     5.5  -999.9     0.0    20.1     2.2   330.0
SUMMERSIDE_A  1989   1  15   15     -4.0     4.4     5.1  -999.9     2.8    19.8     5.7   330.0
SUMMERSIDE_A  1989   1  16   16     -6.1     0.7     4.7  -999.9     0.0    14.2     3.6   330.0
SUMMERSIDE_A  1989   1  17   17    -10.5    -2.4     5.1  -999.9     0.4     9.8     2.8   330.0
SUMMERSIDE_A  1989   1  18   18     -7.7    -0.9     4.8  -999.9     0.2    14.1     3.6   330.0
SUMMERSIDE_A  1989   1  19   19    -10.8    -4.2     4.7  -999.9     1.4    10.3     3.0   330.0
SUMMERSIDE_A  1989   1  20   20     -9.1     1.4     6.1  -999.9     4.8    19.4     4.3   330.0
SUMMERSIDE_A  1989   1  21   21    -17.0     1.4     8.1  -999.9    18.1    43.8     3.1   330.0
SUMMERSIDE_A  1989   1  22   22    -18.0    -9.2     5.7  -999.9     0.2    20.4     1.7   330.0
SUMMERSIDE_A  1989   1  23   23    -11.3    -2.0     5.9  -999.9     0.0     5.9     3.1   330.0
SUMMERSIDE_A  1989   1  24   24     -6.8     0.1     5.2  -999.9     0.0     7.5     4.5   330.0
SUMMERSIDE_A  1989   1  25   25    -18.0    -4.0     7.4  -999.9     0.0    23.6     1.9   330.0
SUMMERSIDE_A  1989   1  26   26    -19.1     1.3     9.1  -999.9     4.8    19.7     2.7   330.0
SUMMERSIDE_A  1989   1  27   27    -14.7     0.1     7.8  -999.9     0.0    13.8     2.7   330.0
SUMMERSIDE_A  1989   1  28   28    -15.1    -1.3     7.7  -999.9     0.0    14.9     2.7   330.0
SUMMERSIDE_A  1989   1  29   29     -6.3     2.9     6.3  -999.9     0.0    15.3     4.0   330.0
SUMMERSIDE_A  1989   1  30   30     -8.9     1.1     6.7  -999.9     3.0    11.5     3.6   330.0
SUMMERSIDE_A  1989   1  31   31     -5.1     1.6     5.6  -999.9     0.2    19.9     4.6   330.0
SUMMERSIDE_A  1989   2   1   32     -9.4     4.4     8.1  -999.9     0.8    29.4     4.3   330.0
SUMMERSIDE_A  1989   2   2   33    -14.2    -9.1     5.0  -999.9     0.0    14.8     1.7   330.0
SUMMERSIDE_A  1989   2   3   34    -13.9    -8.3     5.3  -999.9     5.4     8.6     2.2   330.0
SUMMERSIDE_A  1989   2   4   35    -21.0   -10.4     7.4  -999.9     0.2    16.9     1.4   330.0
SUMMERSIDE_A  1989   2   5   36    -21.1   -12.7     6.7  -999.9     0.0    13.7     1.2   330.0
SUMMERSIDE_A  1989   2   6   37    -14.9    -7.8     6.2  -999.9     3.2    16.2     2.1   330.0
SUMMERSIDE_A  1989   2   7   38    -13.3    -5.7     6.5  -999.9     0.0     9.0     2.5   330.0
SUMMERSIDE_A  1989   2   8   39     -9.8    -2.5     6.5  -999.9     1.4    10.9     3.4   330.0
SUMMERSIDE_A  1989   2   9   40    -15.6    -4.5     8.1  -999.9     1.2    19.7     2.3   330.0
SUMMERSIDE_A  1989   2  10   41    -18.5    -6.4     8.6  -999.9     0.0    18.1     1.8   330.0
SUMMERSIDE_A  1989   2  11   42    -12.2    -3.5     7.4  -999.9     4.4    13.8     3.0   330.0
SUMMERSIDE_A  1989   2  12   43    -13.5    -4.7     7.5  -999.9     0.8    10.3     2.6   330.0
SUMMERSIDE_A  1989   2  13   44    -16.4    -5.8     8.4  -999.9     0.0     9.1     2.0   330.0
SUMMERSIDE_A  1989   2  14   45     -8.2     2.0     8.4  -999.9     2.8    26.0     4.3   330.0
SUMMERSIDE_A  1989   2  15   46     -4.1     1.7     6.4  -999.9     9.4    12.0     4.3   330.0
SUMMERSIDE_A  1989   2  16   47    -17.2    -0.9    10.9  -999.9     1.2    19.1     2.6   330.0
SUMMERSIDE_A  1989   2  17   48    -19.9   -14.9     6.1  -999.9     0.0    25.4     1.1   330.0
SUMMERSIDE_A  1989   2  18   49    -20.8   -12.8     7.8  -999.9     0.0    18.4     1.1   330.0
SUMMERSIDE_A  1989   2  19   50    -19.3    -7.8     9.5  -999.9     0.0    15.0     1.6   330.0
SUMMERSIDE_A  1989   2  20   51    -13.1     0.3    10.4  -999.9     0.0    16.8     3.0   330.0
SUMMERSIDE_A  1989   2  21   52     -4.0     8.8    10.3  -999.9    21.4    21.6     7.0   330.0
SUMMERSIDE_A  1989   2  22   53     -0.9     8.0     8.7  -999.9    10.0    16.8     7.8   330.0
SUMMERSIDE_A  1989   2  23   54     -8.0    -0.5     8.1  -999.9     5.4    15.1     4.1   330.0
SUMMERSIDE_A  1989   2  24   55    -10.8    -7.5     5.5  -999.9     0.8    30.0     2.5   330.0
SUMMERSIDE_A  1989   2  25   56    -10.2    -7.1     5.4  -999.9    17.4    37.4     2.9   330.0
SUMMERSIDE_A  1989   2  26   57    -12.0    -5.4     8.0  -999.9     0.8    16.2     2.8   330.0
SUMMERSIDE_A  1989   2  27   58    -13.3    -6.6     8.1  -999.9     0.0     4.5     2.6   330.0
SUMMERSIDE_A  1989   2  28   59    -12.8    -0.8    11.0  -999.9     0.0     7.6     2.9   330.0
SUMMERSIDE_A  1989   3   1   60    -10.0    -0.3    10.1  -999.9     0.0     9.6     3.4   330.0
SUMMERSIDE_A  1989   3   2   61     -9.7    -0.7     9.8  -999.9     0.2    18.3     3.3   330.0
SUMMERSIDE_A  1989   3   3   62    -15.7    -8.1     9.1  -999.9     0.0    26.2     1.6   330.0
SUMMERSIDE_A  1989   3   4   63    -17.6    -7.0    10.9  -999.9     0.0     9.1     1.6   330.0
SUMMERSIDE_A  1989   3   5   64     -9.3    -0.6    10.0  -999.9    12.4    16.6     3.8   330.0
SUMMERSIDE_A  1989   3   6   65    -20.6    -5.5    13.4  -999.9     0.0    25.2     1.7   330.0
SUMMERSIDE_A  1989   3   7   66    -22.9   -10.7    12.2  -999.9     0.0    19.2     1.2   330.0
SUMMERSIDE_A  1989   3   8   67    -20.0    -9.0    11.7  -999.9     0.0     7.7     1.5   330.0
SUMMERSIDE_A  1989   3   9   68    -15.9    -3.8    12.5  -999.9     0.0    12.2     2.2   330.0
SUMMERSIDE_A  1989   3  10   69    -10.3    -2.6    10.1  -999.9     0.0    11.3     2.9   330.0
SUMMERSIDE_A  1989   3  11   70    -10.6     2.3    13.2  -999.9     0.0    22.6     3.3   330.0
SUMMERSIDE_A  1989   3  12   71     -9.2    -1.0    10.7  -999.9     0.6    23.9     3.6   330.0
SUMMERSIDE_A  1989   3  13   72    -13.1    -4.5    11.0  -999.9     0.0    13.7     2.2   330.0
SUMMERSIDE_A  1989   3  14   73     -8.6     3.3    13.1  -999.9     0.0    26.8     3.9   330.0
SUMMERSIDE_A  1989   3  15   74      0.2     8.8    11.3  -999.9     0.0    28.8     7.1   330.0
SUMMERSIDE_A  1989   3  16   75     -4.1     5.0    11.8  -999.9     0.0    13.6     5.7   330.0
SUMMERSIDE_A  1989   3  17   76     -3.9     3.9    11.0  -999.9     0.0    23.2     3.9   330.0
SUMMERSIDE_A  1989   3  18   77     -6.2    -2.7     7.5  -999.9    28.8    18.7     3.9   330.0
SUMMERSIDE_A  1989   3  19   78    -14.7    -6.2    11.8  -999.9     0.8    22.0     2.2   330.0
SUMMERSIDE_A  1989   3  20   79    -15.1    -2.3    14.6  -999.9     1.4    12.4     2.3   330.0
SUMMERSIDE_A  1989   3  21   80     -4.5    -0.3     8.5  -999.9    14.8    22.7     4.9   330.0
SUMMERSIDE_A  1989   3  22   81    -14.0    -4.1    13.2  -999.9     0.0    19.3     2.3   330.0
SUMMERSIDE_A  1989   3  23   82    -16.3    -2.0    16.0  -999.9     0.0    13.2     2.2   330.0
SUMMERSIDE_A  1989   3  24   83    -11.9     2.1    16.0  -999.9     0.0    13.8     3.6   330.0
SUMMERSIDE_A  1989   3  25   84     -5.0     1.0    10.6  -999.9    18.4    22.2     4.6   330.0
SUMMERSIDE_A  1989   3  26   85     -1.3     5.3    11.2  -999.9     3.6    26.4     6.2   330.0
SUMMERSIDE_A  1989   3  27   86     -2.8     5.2    12.5  -999.9     0.4    17.4     5.1   330.0
SUMMERSIDE_A  1989   3  28   87      2.0     9.7    12.4  -999.9     0.4    24.5     7.9   330.0
SUMMERSIDE_A  1989   3  29   88     -5.8     7.2    16.2  -999.9     2.0    30.8     5.2   330.0
SUMMERSIDE_A  1989   3  30   89     -7.1    -0.2    11.9  -999.9     5.2    10.5     3.2   330.0
SUMMERSIDE_A  1989   3  31   90     -3.2    -0.6     7.4  -999.9     4.8    23.3     5.0   330.0
SUMMERSIDE_A  1989   4   1   91     -1.3     4.1    10.8  -999.9     3.2    11.8     6.6   330.0
SUMMERSIDE_A  1989   4   2   92     -2.6     4.3    12.3  -999.9     0.0    17.1     4.7   330.0
SUMMERSIDE_A  1989   4   3   93     -3.7     7.4    15.7  -999.9     0.0    15.6     5.0   330.0
SUMMERSIDE_A  1989   4   4   94      0.7     4.9     9.8  -999.9     9.8    12.8     7.0   330.0
SUMMERSIDE_A  1989   4   5   95      0.5     7.1    12.4  -999.9     1.2     9.5     8.0   330.0
SUMMERSIDE_A  1989   4   6   96      2.8    14.4    16.5  -999.9     3.4    19.9    10.7   330.0
SUMMERSIDE_A  1989   4   7   97      0.9    11.4    15.9  -999.9     0.4    43.4     7.6   330.0
SUMMERSIDE_A  1989   4   8   98     -1.3     2.1     9.1  -999.9     3.4    22.0     5.9   330.0
SUMMERSIDE_A  1989   4   9   99     -2.1     5.7    13.9  -999.9     0.0    29.7     5.1   330.0
SUMMERSIDE_A  1989   4  10  100     -3.0     4.5    13.8  -999.9     0.8    12.9     5.1   330.0
SUMMERSIDE_A  1989   4  11  101     -1.3     4.8    12.5  -999.9     2.4    13.6     5.9   330.0
SUMMERSIDE_A  1989   4  12  102     -2.8     5.4    14.6  -999.9     0.0    11.2     4.1   330.0
SUMMERSIDE_A  1989   4  13  103     -3.6     9.3    18.5  -999.9     0.0    14.0     4.0   330.0
SUMMERSIDE_A  1989   4  14  104     -1.1     7.0    14.8  -999.9     2.4    11.7     5.1   330.0
SUMMERSIDE_A  1989   4  15  105     -4.7     7.7    18.5  -999.9     0.0    12.8     5.2   330.0
SUMMERSIDE_A  1989   4  16  106     -0.3     5.3    12.5  -999.9     4.0    19.0     5.7   330.0
SUMMERSIDE_A  1989   4  17  107     -0.5     2.0     8.4  -999.9     2.4    31.2     5.9   330.0
SUMMERSIDE_A  1989   4  18  108     -0.7     7.2    15.1  -999.9     0.0    15.3     6.5   330.0
SUMMERSIDE_A  1989   4  19  109      0.6     3.6     9.4  -999.9     6.4    11.7     6.8   330.0
SUMMERSIDE_A  1989   4  20  110     -0.6    10.3    18.0  -999.9     0.0    21.3     5.3   330.0
SUMMERSIDE_A  1989   4  21  111      0.0     9.4    16.8  -999.9     0.0    22.5     4.0   330.0
SUMMERSIDE_A  1989   4  22  112      0.4     9.5    16.6  -999.9     2.0    22.8     4.7   330.0
SUMMERSIDE_A  1989   4  23  113     -2.9     1.4    11.5  -999.9    15.6    19.2     5.6   330.0
SUMMERSIDE_A  1989   4  24  114      0.7     5.8    12.6  -999.9     0.0    25.1     5.8   330.0
SUMMERSIDE_A  1989   4  25  115     -0.7     5.2    13.7  -999.9     0.0    15.7     5.3   330.0
SUMMERSIDE_A  1989   4  26  116     -0.4     7.5    15.9  -999.9     0.4    18.5     5.9   330.0
SUMMERSIDE_A  1989   4  27  117     -0.8     9.8    18.6  -999.9     0.0    17.5     5.0   330.0
SUMMERSIDE_A  1989   4  28  118      0.7     9.0    16.5  -999.9     0.0    13.4     5.9   330.0
SUMMERSIDE_A  1989   4  29  119      1.0    12.5    19.6  -999.9     0.0    15.1     6.6   330.0
SUMMERSIDE_A  1989   4  30  120      0.7    15.3    22.2  -999.9     0.0    10.2     6.1   330.0
SUMMERSIDE_A  1989   5   1  121      6.0    15.9    18.4  -999.9     0.0    15.9     9.9   330.0
SUMMERSIDE_A  1989   5   2  122      5.2    15.4    18.7  -999.9    12.6    17.4    10.7   330.0
SUMMERSIDE_A  1989   5   3  123      5.8    13.5    16.4  -999.9     0.0    36.8    10.0   330.0
SUMMERSIDE_A  1989   5   4  124      4.7    14.7    18.8  -999.9     0.0    26.4     7.1   330.0
SUMMERSIDE_A  1989   5   5  125      3.7    19.1    23.4  -999.9     0.0    10.6     7.5   330.0
SUMMERSIDE_A  1989   5   6  126      7.0    16.0    18.0  -999.9     2.2    26.5     8.4   330.0
SUMMERSIDE_A  1989   5   7  127     11.5    16.2    13.1  -999.9     9.4    32.0    14.8   330.0
SUMMERSIDE_A  1989   5   8  128      7.4    15.0    16.7  -999.9     9.6    24.7    12.7   330.0
SUMMERSIDE_A  1989   5   9  129      6.7    10.3    11.5  -999.9    24.8     7.6     9.6   330.0
SUMMERSIDE_A  1989   5  10  130      7.4    12.3    13.5  -999.9     5.0     7.3    11.6   330.0
SUMMERSIDE_A  1989   5  11  131      9.7    19.7    19.4  -999.9     0.2    17.0    14.2   330.0
SUMMERSIDE_A  1989   5  12  132     11.1    23.3    21.5  -999.9     0.0    16.5    14.9   330.0
SUMMERSIDE_A  1989   5  13  133      4.3    13.5    18.8  -999.9     7.2    22.9    10.9   330.0
SUMMERSIDE_A  1989   5  14  134      5.2    14.5    19.0  -999.9     5.6    10.5    11.8   330.0
SUMMERSIDE_A  1989   5  15  135      7.4    17.3    19.6  -999.9     0.0    16.0    12.7   330.0
SUMMERSIDE_A  1989   5  16  136      7.7    22.9    24.4  -999.9     0.0     9.0    12.7   330.0
SUMMERSIDE_A  1989   5  17  137      5.5    12.5    16.6  -999.9     0.0    11.9    10.2   330.0
SUMMERSIDE_A  1989   5  18  138      4.8    11.9    16.8  -999.9     0.0    12.6     9.9   330.0
SUMMERSIDE_A  1989   5  19  139      8.7    21.4    22.6  -999.9     0.0    28.4    11.9   330.0
SUMMERSIDE_A  1989   5  20  140      7.4    21.2    23.6  -999.9     0.0    18.3    11.2   330.0
SUMMERSIDE_A  1989   5  21  141      6.6    16.2    19.8  -999.9     0.4    12.4    11.1   330.0
SUMMERSIDE_A  1989   5  22  142     11.5    22.2    20.9  -999.9     0.8    22.7    13.1   330.0
SUMMERSIDE_A  1989   5  23  143      7.7    20.5    23.0  -999.9     0.0    17.3    12.5   330.0
SUMMERSIDE_A  1989   5  24  144      6.8    19.0    22.5  -999.9     4.2    10.9    12.1   330.0
SUMMERSIDE_A  1989   5  25  145      7.9    14.3    16.3  -999.9     4.0     8.0    12.2   330.0
SUMMERSIDE_A  1989   5  26  146      7.1    21.0    24.2  -999.9     0.6    13.7    13.1   330.0
SUMMERSIDE_A  1989   5  27  147     13.4    22.6    19.7  -999.9     9.8    19.7    16.4   330.0
SUMMERSIDE_A  1989   5  28  148      8.6    14.4    15.7  -999.9    14.6    17.0    11.8   330.0
SUMMERSIDE_A  1989   5  29  149      9.1    22.7    24.1  -999.9     1.2    19.5    11.5   330.0
SUMMERSIDE_A  1989   5  30  150     10.6    17.8    17.6  -999.9     0.0    12.6    12.2   330.0
SUMMERSIDE_A  1989   5  31  151      7.9    16.2    18.9  -999.9     0.0    11.4    12.3   330.0
SUMMERSIDE_A  1989   6   1  152      8.5    14.3    15.8  -999.9     3.4     7.7    12.6   330.0
SUMMERSIDE_A  1989   6   2  153      9.9    14.5    14.1  -999.9     0.0    14.2    12.9   330.0
SUMMERSIDE_A  1989   6   3  154     10.0    19.2    20.0  -999.9     0.0    12.0    13.5   330.0
SUMMERSIDE_A  1989   6   4  155     11.6    18.9    17.9  -999.9     1.4    24.1    15.2   330.0
SUMMERSIDE_A  1989   6   5  156     11.6    24.5    23.8  -999.9     0.0    21.2    14.5   330.0
SUMMERSIDE_A  1989   6   6  157     11.5    18.5    17.5  -999.9     4.4     7.4    13.6   330.0
SUMMERSIDE_A  1989   6   7  158     12.3    19.6    17.9  -999.9     0.0    13.2    15.0   330.0
SUMMERSIDE_A  1989   6   8  159      9.5    16.9    18.1  -999.9     3.4    17.5    12.2   330.0
SUMMERSIDE_A  1989   6   9  160      6.0    13.0    17.6  -999.9     0.0    26.2     9.0   330.0
SUMMERSIDE_A  1989   6  10  161      5.2    17.2    23.1  -999.9    23.4    24.3     9.4   330.0
SUMMERSIDE_A  1989   6  11  162      8.3    14.7    16.9  -999.9     4.0    14.0    12.8   330.0
SUMMERSIDE_A  1989   6  12  163      8.0    13.9    16.2  -999.9     1.2    22.7    10.2   330.0
SUMMERSIDE_A  1989   6  13  164      8.0    16.0    18.9  -999.9     0.0    19.8    10.6   330.0
SUMMERSIDE_A  1989   6  14  165      7.4    12.4    15.0  -999.9     0.0    16.0     9.4   330.0
SUMMERSIDE_A  1989   6  15  166      5.2    17.9    23.9  -999.9     0.0    10.1     9.5   330.0
SUMMERSIDE_A  1989   6  16  167     10.6    13.7    11.8  -999.9    11.0    16.5    12.8   330.0
SUMMERSIDE_A  1989   6  17  168     10.7    18.8    19.1  -999.9     0.0    12.6    14.7   330.0
SUMMERSIDE_A  1989   6  18  169     13.5    18.3    14.7  -999.9     4.2    20.8    17.5   330.0
SUMMERSIDE_A  1989   6  19  170     13.3    22.4    20.2  -999.9     1.2    16.0    17.0   330.0
SUMMERSIDE_A  1989   6  20  171     13.2    27.9    25.7  -999.9     0.0    12.7    16.5   330.0
SUMMERSIDE_A  1989   6  21  172     13.8    22.8    20.1  -999.9     1.6    13.1    17.1   330.0
SUMMERSIDE_A  1989   6  22  173     14.5    21.1    17.2  -999.9     0.2    11.5    16.5   330.0
SUMMERSIDE_A  1989   6  23  174     13.5    22.1    19.6  -999.9     0.0    13.4    15.6   330.0
SUMMERSIDE_A  1989   6  24  175     13.2    16.8    12.7  -999.9     0.0    22.5    15.4   330.0
SUMMERSIDE_A  1989   6  25  176     13.3    17.5    13.7  -999.9     0.0    26.2    17.0   330.0
SUMMERSIDE_A  1989   6  26  177     12.5    20.8    19.3  -999.9     0.0    13.2    17.1   330.0
SUMMERSIDE_A  1989   6  27  178     15.1    27.4    23.4  -999.9     0.0    20.0    20.0   330.0
SUMMERSIDE_A  1989   6  28  179     15.9    21.5    15.8  -999.9     3.3    24.5    20.0   330.0
SUMMERSIDE_A  1989   6  29  180     11.8    21.9    21.2  -999.9     0.0    17.9    13.4   330.0
SUMMERSIDE_A  1989   6  30  181     10.6    21.6    22.1  -999.9     0.0    19.1    11.1   330.0
SUMMERSIDE_A  1989   7   1  182      9.3    19.5    21.3  -999.9     0.0    12.4    11.2   330.0
SUMMERSIDE_A  1989   7   2  183     11.2    15.1    13.1  -999.9    18.8    14.4    13.4   330.0
SUMMERSIDE_A  1989   7   3  184      9.7    21.0    22.3  -999.9     0.0     8.2    12.7   330.0
SUMMERSIDE_A  1989   7   4  185     12.7    21.3    19.5  -999.9     0.0    29.2    14.9   330.0
SUMMERSIDE_A  1989   7   5  186     15.3    24.0    19.5  -999.9     0.0    26.8    17.8   330.0
SUMMERSIDE_A  1989   7   6  187     15.6    26.1    21.4  -999.9     0.0    27.3    19.9   330.0
SUMMERSIDE_A  1989   7   7  188     15.3    27.3    22.9  -999.9     5.8    22.3    21.9   330.0
SUMMERSIDE_A  1989   7   8  189     10.9    18.9    18.6  -999.9     0.0    17.5    11.5   330.0
SUMMERSIDE_A  1989   7   9  190      9.9    22.9    23.7  -999.9     0.0    11.8    11.5   330.0
SUMMERSIDE_A  1989   7  10  191     14.7    23.8    19.8  -999.9    15.8    20.6    17.1   330.0
SUMMERSIDE_A  1989   7  11  192     13.1    17.2    13.3  -999.9    22.6    19.6    16.7   330.0
SUMMERSIDE_A  1989   7  12  193     12.9    20.3    17.8  -999.9     1.8    22.5    15.8   330.0
SUMMERSIDE_A  1989   7  13  194     13.4    24.8    22.0  -999.9     0.0     9.5    16.8   330.0
SUMMERSIDE_A  1989   7  14  195     13.4    19.3    15.8  -999.9     0.0    14.7    15.7   330.0
SUMMERSIDE_A  1989   7  15  196     13.5    20.7    17.4  -999.9     0.0    13.2    14.0   330.0
SUMMERSIDE_A  1989   7  16  197     13.0    24.8    22.2  -999.9     0.0    20.4    15.3   330.0
SUMMERSIDE_A  1989   7  17  198     14.8    19.7    14.3  -999.9     0.0    22.2    16.5   330.0
SUMMERSIDE_A  1989   7  18  199     13.9    22.9    19.3  -999.9     0.0    10.1    16.6   330.0
SUMMERSIDE_A  1989   7  19  200     13.9    23.0    19.3  -999.9     0.0    28.3    15.9   330.0
SUMMERSIDE_A  1989   7  20  201     12.3    22.5    20.4  -999.9     0.0    14.0    14.9   330.0
SUMMERSIDE_A  1989   7  21  202     12.4    25.5    23.0  -999.9     0.0    14.4    13.7   330.0
SUMMERSIDE_A  1989   7  22  203     13.9    20.7    16.5  -999.9     0.0    17.2    12.1   330.0
SUMMERSIDE_A  1989   7  23  204     12.8    24.3    21.4  -999.9     0.0     8.9    12.9   330.0
SUMMERSIDE_A  1989   7  24  205     13.5    27.3    23.4  -999.9     0.0    12.5    14.7   330.0
SUMMERSIDE_A  1989   7  25  206     17.2    25.9    18.5  -999.9     0.0    23.8    17.4   330.0
SUMMERSIDE_A  1989   7  26  207     17.6    28.8    20.9  -999.9     0.0    16.7    22.6   330.0
SUMMERSIDE_A  1989   7  27  208     18.5    28.2    19.4  -999.9     0.0    25.3    22.6   330.0
SUMMERSIDE_A  1989   7  28  209     15.9    23.3    16.9  -999.9    13.4    23.2    20.5   330.0
SUMMERSIDE_A  1989   7  29  210     13.2    21.1    17.3  -999.9     3.0    14.2    15.0   330.0
SUMMERSIDE_A  1989   7  30  211     12.1    21.7    19.0  -999.9     0.0    13.5    12.9   330.0
SUMMERSIDE_A  1989   7  31  212     11.9    23.7    21.0  -999.9     0.0    12.4    12.2   330.0
SUMMERSIDE_A  1989   8   1  213     13.8    25.2    20.6  -999.9     0.0    14.7    13.8   330.0
SUMMERSIDE_A  1989   8   2  214     14.5    25.3    19.9  -999.9     0.0    20.2    15.9   330.0
SUMMERSIDE_A  1989   8   3  215     14.8    24.5    18.8  -999.9     0.0    20.7    16.3   330.0
SUMMERSIDE_A  1989   8   4  216     16.1    24.6    17.5  -999.9     6.0    25.6    18.9   330.0
SUMMERSIDE_A  1989   8   5  217     19.8    22.5     9.8  -999.9    18.0    17.1    23.2   330.0
SUMMERSIDE_A  1989   8   6  218     18.3    24.7    15.0  -999.9     0.2    26.8    22.7   330.0
SUMMERSIDE_A  1989   8   7  219     20.5    26.4    14.4  -999.9     0.0    21.4    25.8   330.0
SUMMERSIDE_A  1989   8   8  220     14.0    24.8    19.3  -999.9     2.4    14.3    20.6   330.0
SUMMERSIDE_A  1989   8   9  221     11.9    23.3    19.7  -999.9     0.0    14.6    13.9   330.0
SUMMERSIDE_A  1989   8  10  222     14.1    25.9    20.0  -999.9     0.0    12.5    17.4   330.0
SUMMERSIDE_A  1989   8  11  223     17.5    28.5    19.2  -999.9     0.0    16.7    19.8   330.0
SUMMERSIDE_A  1989   8  12  224     18.0    22.9    12.7  -999.9     4.8    17.4    19.2   330.0
SUMMERSIDE_A  1989   8  13  225     19.5    26.4    15.0  -999.9     6.0    17.0    26.1   330.0
SUMMERSIDE_A  1989   8  14  226     18.3    24.8    14.5  -999.9     5.0    22.5    23.6   330.0
SUMMERSIDE_A  1989   8  15  227     18.0    26.5    16.4  -999.9     0.0    20.1    23.0   330.0
SUMMERSIDE_A  1989   8  16  228     18.5    24.3    13.5  -999.9     0.2    27.8    22.5   330.0
SUMMERSIDE_A  1989   8  17  229     12.1    21.3    16.9  -999.9     0.0    15.8    14.1   330.0
SUMMERSIDE_A  1989   8  18  230     11.0    23.1    19.2  -999.9     0.0     9.6    13.1   330.0
SUMMERSIDE_A  1989   8  19  231     13.8    26.3    19.4  -999.9     0.0    18.0    15.3   330.0
SUMMERSIDE_A  1989   8  20  232     14.4    24.1    17.0  -999.9     0.2    20.3    14.0   330.0
SUMMERSIDE_A  1989   8  21  233     16.8    24.6    15.1  -999.9     7.6    15.0    21.0   330.0
SUMMERSIDE_A  1989   8  22  234     14.2    23.0    16.0  -999.9     2.0     9.5    19.5   330.0
SUMMERSIDE_A  1989   8  23  235     14.5    20.8    13.4  -999.9     9.0     6.7    17.5   330.0
SUMMERSIDE_A  1989   8  24  236      9.1    21.0    18.3  -999.9     0.4    17.1    12.7   330.0
SUMMERSIDE_A  1989   8  25  237      8.1    13.5    12.2  -999.9     0.4    28.1     7.7   330.0
SUMMERSIDE_A  1989   8  26  238     10.0    13.8    10.2  -999.9     0.2    22.5     8.5   330.0
SUMMERSIDE_A  1989   8  27  239      7.7    18.0    16.6  -999.9     0.0    15.5     9.1   330.0
SUMMERSIDE_A  1989   8  28  240      8.9    23.0    19.3  -999.9     0.0    15.4    11.3   330.0
SUMMERSIDE_A  1989   8  29  241     13.3    22.0    15.0  -999.9     0.0    24.8    14.9   330.0
SUMMERSIDE_A  1989   8  30  242     13.7    18.5    11.1  -999.9     6.6    22.2    16.4   330.0
SUMMERSIDE_A  1989   8  31  243     12.6    21.6    15.1  -999.9     0.0    23.2    14.6   330.0
SUMMERSIDE_A  1989   9   1  244     10.4    19.0    14.6  -999.9    10.4    19.6    13.0   330.0
SUMMERSIDE_A  1989   9   2  245     10.5    21.3    16.2  -999.9     5.0    23.8    14.6   330.0
SUMMERSIDE_A  1989   9   3  246      6.5    17.7    16.4  -999.9     0.0    13.1     8.5   330.0
SUMMERSIDE_A  1989   9   4  247      5.7    16.9    16.2  -999.9     0.0    12.9     8.1   330.0
SUMMERSIDE_A  1989   9   5  248      9.8    22.3    17.0  -999.9     0.0    17.7    11.5   330.0
SUMMERSIDE_A  1989   9   6  249     10.9    20.9    15.1  -999.9     0.0    21.9    12.9   330.0
SUMMERSIDE_A  1989   9   7  250     12.6    22.1    14.5  -999.9     0.0    20.5    15.7   330.0
SUMMERSIDE_A  1989   9   8  251     13.1    24.7    15.9  -999.9     0.0    12.2    17.5   330.0
SUMMERSIDE_A  1989   9   9  252     13.5    23.5    14.6  -999.9     0.0    12.7    11.2   330.0
SUMMERSIDE_A  1989   9  10  253     13.3    25.7    16.1  -999.9     0.0     7.7    18.5   330.0
SUMMERSIDE_A  1989   9  11  254     14.2    23.1    13.5  -999.9     0.0    14.9    19.6   330.0
SUMMERSIDE_A  1989   9  12  255     10.1    16.5    11.4  -999.9     0.0    17.6    13.1   330.0
SUMMERSIDE_A  1989   9  13  256     10.7    23.6    16.0  -999.9     0.0    10.4    15.7   330.0
SUMMERSIDE_A  1989   9  14  257     11.4    14.6     7.9  -999.9     1.0     6.0    11.8   330.0
SUMMERSIDE_A  1989   9  15  258      8.1    13.2     9.8  -999.9    17.4    16.1    11.9   330.0
SUMMERSIDE_A  1989   9  16  259      7.4    21.0    15.9  -999.9     0.0    11.6    12.1   330.0
SUMMERSIDE_A  1989   9  17  260     10.9    14.9     8.5  -999.9     5.8    14.5    12.9   330.0
SUMMERSIDE_A  1989   9  18  261      8.1    15.7    11.6  -999.9     0.0    15.8    11.6   330.0
SUMMERSIDE_A  1989   9  19  262      5.2    18.4    15.2  -999.9     0.0     8.2    11.0   330.0
SUMMERSIDE_A  1989   9  20  263     15.3    20.0     9.0  -999.9    28.8    19.7    19.2   330.0
SUMMERSIDE_A  1989   9  21  264     15.4    23.4    11.6  -999.9     0.0    13.6    18.8   330.0
SUMMERSIDE_A  1989   9  22  265     14.7    23.4    11.9  -999.9     1.2    19.7    18.7   330.0
SUMMERSIDE_A  1989   9  23  266     19.4    25.0     9.5  -999.9     0.0    38.5    22.3   330.0
SUMMERSIDE_A  1989   9  24  267      6.2    19.6    14.5  -999.9     6.6    29.9    10.1   330.0
SUMMERSIDE_A  1989   9  25  268      2.7    15.0    13.7  -999.9     0.0    16.5     7.0   330.0
SUMMERSIDE_A  1989   9  26  269      8.5    13.4     8.5  -999.9    19.6    16.1    11.1   330.0
SUMMERSIDE_A  1989   9  27  270      2.4    10.0    10.5  -999.9     0.4    27.7     6.3   330.0
SUMMERSIDE_A  1989   9  28  271      1.7    11.5    11.8  -999.9     0.6    21.8     6.0   330.0
SUMMERSIDE_A  1989   9  29  272      9.6    16.3     9.6  -999.9     2.0    33.2    11.6   330.0
SUMMERSIDE_A  1989   9  30  273      2.1    10.6    10.7  -999.9     0.0    17.7     6.1   330.0
SUMMERSIDE_A  1989  10   1  274      1.3    15.6    13.7  -999.9     0.0    16.8     6.4   330.0
SUMMERSIDE_A  1989  10   2  275      9.9    18.2    10.3  -999.9     0.0    25.1    11.0   330.0
SUMMERSIDE_A  1989  10   3  276      4.9    16.7    12.2  -999.9    28.4    20.6    12.0   330.0
SUMMERSIDE_A  1989  10   4  277      2.1     7.1     7.8  -999.9     0.0    23.1     5.2   330.0
SUMMERSIDE_A  1989  10   5  278      0.7     7.7     9.1  -999.9     0.6    25.0     6.0   330.0
SUMMERSIDE_A  1989  10   6  279      0.7     8.5     9.5  -999.9     1.0    12.1     7.2   330.0
SUMMERSIDE_A  1989  10   7  280      5.9    12.4     8.6  -999.9     0.2     9.1    10.3   330.0
SUMMERSIDE_A  1989  10   8  281      4.6    11.7     8.8  -999.9     0.0    22.5     7.0   330.0
SUMMERSIDE_A  1989  10   9  282      3.5     9.5     8.0  -999.9     0.0    12.1     6.7   330.0
SUMMERSIDE_A  1989  10  10  283      1.0     8.7     9.0  -999.9     0.0    14.9     5.4   330.0
SUMMERSIDE_A  1989  10  11  284      3.2    10.6     8.7  -999.9    14.2    13.5     7.7   330.0
SUMMERSIDE_A  1989  10  12  285      7.2     9.5     4.8  -999.9     2.2    21.4    10.0   330.0
SUMMERSIDE_A  1989  10  13  286      6.3    16.4     9.9  -999.9     0.6    19.6    10.2   330.0
SUMMERSIDE_A  1989  10  14  287      2.7    10.8     8.7  -999.9     0.0    27.5     5.9   330.0
SUMMERSIDE_A  1989  10  15  288      0.4    10.4     9.6  -999.9     0.0    11.3     5.7   330.0
SUMMERSIDE_A  1989  10  16  289      2.9    12.7     9.3  -999.9     6.8    15.9     9.2   330.0
SUMMERSIDE_A  1989  10  17  290      0.4    12.0    10.0  -999.9     4.0    24.7     7.2   330.0
SUMMERSIDE_A  1989  10  18  291      0.5     4.8     6.0  -999.9     0.0    16.6     5.5   330.0
SUMMERSIDE_A  1989  10  19  292      0.1     5.6     6.7  -999.9     0.0    17.3     4.9   330.0
SUMMERSIDE_A  1989  10  20  293     -1.0    12.5    10.4  -999.9     0.0    14.4     6.4   330.0
SUMMERSIDE_A  1989  10  21  294      7.4    18.5     9.3  -999.9     0.2    33.5    12.1   330.0
SUMMERSIDE_A  1989  10  22  295      4.5    11.1     7.0  -999.9     0.0    22.5     6.9   330.0
SUMMERSIDE_A  1989  10  23  296      0.7     7.4     7.0  -999.9     0.0    18.3     5.3   330.0
SUMMERSIDE_A  1989  10  24  297      2.3    13.2     8.8  -999.9     0.4    18.6     7.6   330.0
SUMMERSIDE_A  1989  10  25  298      5.3    17.2     9.1  -999.9     0.0    12.0    10.6   330.0
SUMMERSIDE_A  1989  10  26  299      2.1     8.1     6.4  -999.9     0.0    15.2     6.9   330.0
SUMMERSIDE_A  1989  10  27  300      1.3    11.9     8.3  -999.9     0.0    11.0     8.5   330.0
SUMMERSIDE_A  1989  10  28  301      6.2    19.5     9.2  -999.9     0.0    13.4    13.1   330.0
SUMMERSIDE_A  1989  10  29  302      6.0     9.3     4.5  -999.9     0.0     6.0    10.1   330.0
SUMMERSIDE_A  1989  10  30  303      7.7    16.5     7.3  -999.9     0.0    18.9    12.8   330.0
SUMMERSIDE_A  1989  10  31  304      9.3    18.1     7.2  -999.9     0.0    19.2    12.9   330.0
SUMMERSIDE_A  1989  11   1  305      6.7    16.5     7.5  -999.9     7.4    29.2    11.8   330.0
SUMMERSIDE_A  1989  11   2  306      1.8     7.8     5.8  -999.9     0.0    17.3     5.0   330.0
SUMMERSIDE_A  1989  11   3  307      1.9     7.6     5.5  -999.9    17.4    13.6     7.0   330.0
SUMMERSIDE_A  1989  11   4  308     -2.3     6.1     6.6  -999.9     1.2    25.0     5.5   330.0
SUMMERSIDE_A  1989  11   5  309     -3.8     1.1     5.0  -999.9     0.0    11.8     3.7   330.0
SUMMERSIDE_A  1989  11   6  310     -1.3    10.7     7.7  -999.9     2.2    22.3     6.5   330.0
SUMMERSIDE_A  1989  11   7  311      5.2    10.8     5.2  -999.9     0.0    12.8     8.7   330.0
SUMMERSIDE_A  1989  11   8  312      5.3     6.6     2.5  -999.9     0.2    17.7     7.9   330.0
SUMMERSIDE_A  1989  11   9  313      6.0    15.3     6.5  -999.9    15.6    29.1    11.8   330.0
SUMMERSIDE_A  1989  11  10  314      5.8    16.5     6.9  -999.9     4.2    24.4    11.5   330.0
SUMMERSIDE_A  1989  11  11  315      5.4     8.2     3.5  -999.9     5.0    19.1     8.3   330.0
SUMMERSIDE_A  1989  11  12  316     -1.1     8.8     6.5  -999.9     1.8    30.1     5.5   330.0
SUMMERSIDE_A  1989  11  13  317     -2.8     0.9     3.9  -999.9     0.0    23.7     3.0   330.0
SUMMERSIDE_A  1989  11  14  318     -0.8     4.5     4.6  -999.9     8.0     9.5     6.3   330.0
SUMMERSIDE_A  1989  11  15  319      4.5    13.8     6.0  -999.9     7.8    11.9    11.5   330.0
SUMMERSIDE_A  1989  11  16  320     10.2    17.1     5.1  -999.9     0.4    26.5    14.5   330.0
SUMMERSIDE_A  1989  11  17  321      2.2    17.0     7.4  -999.9     3.2    29.1     8.7   330.0
SUMMERSIDE_A  1989  11  18  322     -0.5     7.3     5.3  -999.9     8.4    16.4     5.4   330.0
SUMMERSIDE_A  1989  11  19  323     -6.3     1.8     5.3  -999.9     1.2    16.1     4.1   330.0
SUMMERSIDE_A  1989  11  20  324     -7.4    -1.1     4.7  -999.9     5.6    14.9     3.7   330.0
SUMMERSIDE_A  1989  11  21  325     -4.4     1.6     4.5  -999.9    31.2    36.5     5.3   330.0
SUMMERSIDE_A  1989  11  22  326     -7.6    -2.4     4.1  -999.9     3.6    35.0     3.4   330.0
SUMMERSIDE_A  1989  11  23  327    -10.2    -4.3     4.4  -999.9     5.8    11.5     2.8   330.0
SUMMERSIDE_A  1989  11  24  328    -10.7    -3.5     4.8  -999.9     0.6    21.9     2.8   330.0
SUMMERSIDE_A  1989  11  25  329     -9.6    -7.1     2.8  -999.9     0.2    20.4     2.3   330.0
SUMMERSIDE_A  1989  11  26  330     -8.8    -1.8     4.6  -999.9     4.6     7.7     3.7   330.0
SUMMERSIDE_A  1989  11  27  331    -10.1    -1.8     5.0  -999.9     4.2    18.7     3.5   330.0
SUMMERSIDE_A  1989  11  28  332    -10.6     4.2     6.6  -999.9     8.2    21.9     4.3   330.0
SUMMERSIDE_A  1989  11  29  333    -11.4     0.1     5.7  -999.9     1.0    36.9     2.9   330.0
SUMMERSIDE_A  1989  11  30  334    -13.0    -7.9     3.8  -999.9     0.4    16.7     2.0   330.0
SUMMERSIDE_A  1989  12   1  335    -12.1    -6.9     3.8  -999.9     4.2    18.4     2.5   330.0
SUMMERSIDE_A  1989  12   2  336    -13.6    -9.3     3.4  -999.9     0.6    18.9     2.0   330.0
SUMMERSIDE_A  1989  12   3  337    -12.3     1.9     6.2  -999.9    18.8    24.5     3.7   330.0
SUMMERSIDE_A  1989  12   4  338    -13.4    -1.5     5.6  -999.9     7.0    30.1     2.9   330.0
SUMMERSIDE_A  1989  12   5  339    -13.9    -9.1     3.5  -999.9     0.0    34.8     1.9   330.0
SUMMERSIDE_A  1989  12   6  340    -12.3    -0.9     5.4  -999.9     0.0    24.9     2.9   330.0
SUMMERSIDE_A  1989  12   7  341    -14.0     1.3     6.2  -999.9     9.8    35.8     3.2   330.0
SUMMERSIDE_A  1989  12   8  342    -15.8   -12.3     3.0  -999.9     0.0    42.1     1.4   330.0
SUMMERSIDE_A  1989  12   9  343    -15.8   -10.4     3.7  -999.9     0.0    39.7     1.5   330.0
SUMMERSIDE_A  1989  12  10  344    -15.2    -8.5     4.1  -999.9     0.0    28.2     1.7   330.0
SUMMERSIDE_A  1989  12  11  345    -13.8    -7.4     3.9  -999.9     0.0    20.5     1.8   330.0
SUMMERSIDE_A  1989  12  12  346    -15.1    -8.4     4.0  -999.9     0.0    33.1     1.6   330.0
SUMMERSIDE_A  1989  12  13  347    -16.2   -11.8     3.3  -999.9     1.0    16.6     1.6   330.0
SUMMERSIDE_A  1989  12  14  348    -15.0   -10.1     3.4  -999.9     1.6    14.5     1.9   330.0
SUMMERSIDE_A  1989  12  15  349    -15.7    -9.5     3.8  -999.9     0.0    17.8     1.8   330.0
SUMMERSIDE_A  1989  12  16  350    -14.7    -1.7     5.5  -999.9     9.2    15.4     2.8   330.0
SUMMERSIDE_A  1989  12  17  351     -7.6    -1.6     3.8  -999.9     2.4    23.8     4.0   330.0
SUMMERSIDE_A  1989  12  18  352     -7.3    -2.8     3.3  -999.9     3.4    22.5     3.8   330.0
SUMMERSIDE_A  1989  12  19  353     -9.0    -5.5     2.9  -999.9     5.8    20.6     3.3   330.0
SUMMERSIDE_A  1989  12  20  354    -17.2    -8.3     4.6  -999.9     0.2    10.0     2.0   330.0
SUMMERSIDE_A  1989  12  21  355    -15.9   -10.1     3.7  -999.9     0.0    26.5     1.7   330.0
SUMMERSIDE_A  1989  12  22  356    -17.5    -9.1     4.4  -999.9     0.4    24.4     1.7   330.0
SUMMERSIDE_A  1989  12  23  357    -20.7   -13.2     4.2  -999.9     0.0    17.7     1.2   330.0
SUMMERSIDE_A  1989  12  24  358    -21.9   -14.3     4.2  -999.9     0.0    16.4     1.1   330.0
SUMMERSIDE_A  1989  12  25  359    -16.6    -5.9     5.0  -999.9     0.0    11.5     2.0   330.0
SUMMERSIDE_A  1989  12  26  360     -6.0     0.8     4.0  -999.9     3.2    17.1     4.6   330.0
SUMMERSIDE_A  1989  12  27  361    -21.6    -5.5     6.2  -999.9     0.6    23.5     1.6   330.0
SUMMERSIDE_A  1989  12  28  362    -20.6   -12.2     4.5  -999.9     1.4     7.0     1.3   330.0
SUMMERSIDE_A  1989  12  29  363    -24.2   -15.2     4.7  -999.9     0.0    19.8     0.9   330.0
SUMMERSIDE_A  1989  12  30  364    -22.8   -12.6     5.0  -999.9     0.0    16.8     1.1   330.0
SUMMERSIDE_A  1989  12  31  365    -17.6     0.8     6.7  -999.9     7.0    16.9     2.3   330.0
